Linux 4.20.0+ (eternitystorage) 	01/15/24 	_x86_64_	(32 CPU)

17:26:07     CPU    %usr   %nice    %sys %iowait    %irq   %soft  %steal  %guest  %gnice   %idle
17:26:08     all    0.00    0.12    3.06    0.00    0.00    0.28    0.00    0.00    0.00   96.54
17:26:09     all    0.00    0.16    3.03    0.00    0.00    0.13    0.00    0.00    0.00   96.69
17:26:10     all    0.09    0.25    2.94    0.00    0.00    0.22    0.00    0.00    0.00   96.50
17:26:11     all    0.00    0.16    3.06    0.00    0.00    0.19    0.00    0.00    0.00   96.60
17:26:12     all    0.00    0.16    2.91    0.00    0.00    0.22    0.00    0.00    0.00   96.72
17:26:13     all    0.00    0.09    0.91    0.00    0.00    0.06    0.00    0.00    0.00   98.94
17:26:14     all    0.00    0.00    0.03    0.00    0.00    0.00    0.00    0.00    0.00   99.97
17:26:15     all    0.00    0.00    0.00    0.00    0.00    0.00    0.00    0.00    0.00  100.00
17:26:16     all    0.00    0.00    0.00    0.00    0.00    0.00    0.00    0.00    0.00  100.00
17:26:17     all    0.00    0.00    0.00    0.00    0.00    0.00    0.00    0.00    0.00  100.00
17:26:18     all    0.00    0.00    0.00    0.19    0.00    0.00    0.00    0.00    0.00   99.81
17:26:19     all    0.00    0.03    0.00    0.00    0.00    0.00    0.00    0.00    0.00   99.97
17:26:20     all    0.06    0.00    0.09    0.00    0.00    0.00    0.00    0.00    0.00   99.84
17:26:21     all    0.00    0.00    0.00    0.00    0.00    0.00    0.00    0.00    0.00  100.00
17:26:22     all    0.00    0.00    0.00    0.00    0.00    0.00    0.00    0.00    0.00  100.00
17:26:23     all    0.00    0.00    0.00    0.00    0.00    0.00    0.00    0.00    0.00  100.00
17:26:24     all    0.03    0.00    0.03    0.00    0.00    0.00    0.00    0.00    0.00   99.94
17:26:25     all    0.00    0.00    0.63    0.00    0.00    0.03    0.00    0.00    0.00   99.34
17:26:26     all    0.00    0.00    0.50    0.00    0.00    0.03    0.00    0.00    0.00   99.47
17:26:27     all    0.00    0.00    0.78    0.00    0.00    0.03    0.00    0.00    0.00   99.19
17:26:28     all    0.00    0.00    0.53    0.00    0.00    0.00    0.00    0.00    0.00   99.47
17:26:29     all    0.00    0.00    0.59    0.00    0.00    0.03    0.00    0.00    0.00   99.37
17:26:30     all    0.09    0.00    0.06    0.00    0.00    0.00    0.00    0.00    0.00   99.84
17:26:31     all    0.00    0.00    0.03    0.00    0.00    0.00    0.00    0.00    0.00   99.97
17:26:32     all    0.00    0.00    0.03    0.00    0.00    0.00    0.00    0.00    0.00   99.97
17:26:33     all    0.00    0.00    0.00    0.00    0.00    0.00    0.00    0.00    0.00  100.00
17:26:34     all    0.06    0.00    0.00    0.00    0.00    0.00    0.00    0.00    0.00   99.94
17:26:35     all    0.00    0.03    0.00    0.00    0.00    0.00    0.00    0.00    0.00   99.97
17:26:36     all    0.00    0.00    0.00    0.00    0.00    0.00    0.00    0.00    0.00  100.00
17:26:37     all    0.00    0.00    0.03    0.00    0.00    0.00    0.00    0.00    0.00   99.97
17:26:38     all    0.00    0.00    0.00    0.00    0.00    0.00    0.00    0.00    0.00  100.00
17:26:39     all    0.00    0.00    0.00    0.00    0.00    0.00    0.00    0.00    0.00  100.00
17:26:40     all    0.09    0.00    0.06    0.00    0.00    0.00    0.00    0.00    0.00   99.84
17:26:41     all    0.00    0.00    0.00    0.00    0.00    0.00    0.00    0.00    0.00  100.00
17:26:42     all    0.00    0.00    0.91    0.00    0.00    0.03    0.00    0.00    0.00   99.06
17:26:43     all    0.00    0.00    1.60    0.00    0.00    0.06    0.00    0.00    0.00   98.33
17:26:44     all    0.00    0.00    2.27    0.00    0.00    0.09    0.00    0.00    0.00   97.64
17:26:45     all    0.00    0.00    3.95    0.00    0.00    0.25    0.00    0.00    0.00   95.80
17:26:46     all    0.00    0.00    3.88    0.00    0.00    0.38    0.00    0.00    0.00   95.74
17:26:47     all    0.00    0.00    4.58    0.00    0.00    0.38    0.00    0.00    0.00   95.05
17:26:48     all    0.00    0.00    4.46    0.00    0.00    0.31    0.00    0.00    0.00   95.23
17:26:49     all    0.00    0.00    4.16    0.00    0.00    0.22    0.00    0.00    0.00   95.62
17:26:50     all    0.09    0.00    4.07    0.00    0.00    0.25    0.00    0.00    0.00   95.58
17:26:51     all    0.00    0.00    4.49    0.00    0.00    0.38    0.00    0.00    0.00   95.14
17:26:52     all    0.00    0.00    4.03    0.00    0.00    0.32    0.00    0.00    0.00   95.65
17:26:53     all    0.00    0.00    3.95    0.00    0.00    0.22    0.00    0.00    0.00   95.83
17:26:54     all    0.00    0.00    3.89    0.00    0.00    0.19    0.00    0.00    0.00   95.92
17:26:55     all    0.00    0.00    4.76    0.00    0.00    0.22    0.00    0.00    0.00   95.02
17:26:56     all    0.00    0.00    4.09    0.00    0.00    0.35    0.00    0.00    0.00   95.57
17:26:57     all    0.00    0.00    3.48    0.00    0.00    0.41    0.00    0.00    0.00   96.11
17:26:58     all    0.00    0.00    4.12    0.00    0.00    0.38    0.00    0.00    0.00   95.50
17:26:59     all    0.00    0.00    3.88    0.00    0.00    0.22    0.00    0.00    0.00   95.90
17:27:00     all    0.60    0.00    4.37    0.00    0.00    0.28    0.00    0.00    0.00   94.75
17:27:01     all    0.00    0.00    3.91    0.00    0.00    0.32    0.00    0.00    0.00   95.77
17:27:02     all    0.00    0.00    3.94    0.00    0.00    0.28    0.00    0.00    0.00   95.78
17:27:03     all    0.00    0.00    3.97    0.00    0.00    0.28    0.00    0.00    0.00   95.75
17:27:04     all    0.00    0.00    4.60    0.00    0.00    0.38    0.00    0.00    0.00   95.02
17:27:05     all    0.00    0.00    4.28    0.00    0.00    0.25    0.00    0.00    0.00   95.47
17:27:06     all    0.00    0.00    4.18    0.00    0.00    0.31    0.00    0.00    0.00   95.50
17:27:07     all    0.00    0.00    4.21    0.00    0.00    0.28    0.00    0.00    0.00   95.50
17:27:08     all    0.00    0.00    3.94    0.00    0.00    0.32    0.00    0.00    0.00   95.74
17:27:09     all    0.00    0.00    4.64    0.00    0.00    0.25    0.00    0.00    0.00   95.11
17:27:10     all    0.06    0.00    4.13    0.00    0.00    0.32    0.00    0.00    0.00   95.49
17:27:11     all    0.00    0.00    4.19    0.00    0.00    0.28    0.00    0.00    0.00   95.53
17:27:12     all    0.00    0.00    3.94    0.00    0.00    0.25    0.00    0.00    0.00   95.80
17:27:13     all    0.03    0.00    3.97    0.00    0.00    0.25    0.00    0.00    0.00   95.74
17:27:14     all    0.00    0.00    3.85    0.00    0.00    0.28    0.00    0.00    0.00   95.86
17:27:15     all    0.00    0.00    3.89    0.00    0.00    0.19    0.00    0.00    0.00   95.92
17:27:16     all    0.00    0.00    3.92    0.00    0.00    0.28    0.00    0.00    0.00   95.80
17:27:17     all    0.00    0.00    4.49    0.00    0.00    0.22    0.00    0.00    0.00   95.29
17:27:18     all    0.00    0.00    4.13    0.00    0.00    0.25    0.00    0.00    0.00   95.62
17:27:19     all    0.00    0.00    3.97    0.00    0.00    0.22    0.00    0.00    0.00   95.80
17:27:20     all    0.13    0.00    4.00    0.00    0.00    0.32    0.00    0.00    0.00   95.55
17:27:21     all    0.00    0.00    4.09    0.00    0.00    0.28    0.00    0.00    0.00   95.62
17:27:22     all    0.00    0.00    4.09    0.00    0.00    0.22    0.00    0.00    0.00   95.69
17:27:23     all    0.00    0.00    4.27    0.00    0.00    0.38    0.00    0.00    0.00   95.35
17:27:24     all    0.00    0.00    4.16    0.00    0.00    0.19    0.00    0.00    0.00   95.65
17:27:25     all    0.00    0.00    4.39    0.00    0.00    0.28    0.00    0.00    0.00   95.32
17:27:26     all    0.00    0.00    4.15    0.00    0.00    0.22    0.00    0.00    0.00   95.62
17:27:27     all    0.00    0.00    3.42    0.00    0.00    0.22    0.00    0.00    0.00   96.36
17:27:28     all    0.00    0.00    4.06    0.00    0.00    0.41    0.00    0.00    0.00   95.53
17:27:29     all    0.00    0.00    4.00    0.00    0.00    0.32    0.00    0.00    0.00   95.68
17:27:30     all    0.13    0.00    3.97    0.00    0.00    0.38    0.00    0.00    0.00   95.52
17:27:31     all    0.00    0.00    4.09    0.00    0.00    0.31    0.00    0.00    0.00   95.59
17:27:32     all    0.00    0.00    3.94    0.00    0.00    0.32    0.00    0.00    0.00   95.74
17:27:33     all    0.00    0.00    4.25    0.00    0.00    0.25    0.00    0.00    0.00   95.50
17:27:34     all    0.03    0.00    3.66    0.00    0.00    0.38    0.00    0.00    0.00   95.93
17:27:35     all    0.00    0.00    3.91    0.00    0.00    0.28    0.00    0.00    0.00   95.81
17:27:36     all    0.00    0.03    4.09    0.00    0.00    0.28    0.00    0.00    0.00   95.59
17:27:37     all    0.00    0.00    4.07    0.00    0.00    0.25    0.00    0.00    0.00   95.68
17:27:38     all    0.00    0.00    4.09    0.00    0.00    0.35    0.00    0.00    0.00   95.56
17:27:39     all    0.00    0.00    3.64    0.00    0.00    0.35    0.00    0.00    0.00   96.02
17:27:40     all    0.09    0.00    4.55    0.00    0.00    0.25    0.00    0.00    0.00   95.10
17:27:41     all    0.00    0.00    4.49    0.00    0.00    0.35    0.00    0.00    0.00   95.17
17:27:42     all    0.00    0.00    4.49    0.00    0.00    0.31    0.00    0.00    0.00   95.20
17:27:43     all    0.00    0.00    3.94    0.00    0.00    0.28    0.00    0.00    0.00   95.77
17:27:44     all    0.00    0.00    3.91    0.00    0.00    0.32    0.00    0.00    0.00   95.77
17:27:45     all    0.00    0.00    4.47    0.00    0.00    0.53    0.00    0.00    0.00   94.99
17:27:46     all    0.00    0.00    4.37    0.00    0.00    0.28    0.00    0.00    0.00   95.35
17:27:47     all    0.03    0.00    4.28    0.00    0.00    0.22    0.00    0.00    0.00   95.47
17:27:48     all    0.00    0.00    3.91    0.00    0.00    0.22    0.00    0.00    0.00   95.86
17:27:49     all    0.00    0.00    4.12    0.00    0.00    0.28    0.00    0.00    0.00   95.59
17:27:50     all    0.03    0.00    4.03    0.00    0.00    0.35    0.00    0.00    0.00   95.59
17:27:51     all    0.00    0.00    3.82    0.00    0.00    0.44    0.00    0.00    0.00   95.74
17:27:52     all    0.00    0.00    4.03    0.00    0.00    0.35    0.00    0.00    0.00   95.62
17:27:53     all    0.00    0.00    4.00    0.00    0.00    0.47    0.00    0.00    0.00   95.53
17:27:54     all    0.03    0.00    4.39    0.00    0.00    0.38    0.00    0.00    0.00   95.20
17:27:55     all    0.00    0.00    4.39    0.00    0.00    0.44    0.00    0.00    0.00   95.17
17:27:56     all    0.00    0.00    4.42    0.00    0.00    0.41    0.00    0.00    0.00   95.17
17:27:57     all    0.00    0.00    3.85    0.00    0.00    0.35    0.00    0.00    0.00   95.80
17:27:58     all    0.00    0.00    4.09    0.00    0.00    0.35    0.00    0.00    0.00   95.56
17:27:59     all    0.00    0.00    3.88    0.00    0.00    0.44    0.00    0.00    0.00   95.68
17:28:00     all    0.57    0.00    4.14    0.00    0.00    0.22    0.00    0.00    0.00   95.08
17:28:01     all    0.00    0.00    4.30    0.00    0.00    0.38    0.00    0.00    0.00   95.32
17:28:02     all    0.00    0.00    4.19    0.00    0.00    0.25    0.00    0.00    0.00   95.56
17:28:03     all    0.00    0.00    3.81    0.00    0.00    0.44    0.00    0.00    0.00   95.74
17:28:04     all    0.38    0.00    3.97    0.00    0.00    0.38    0.00    0.00    0.00   95.27
17:28:05     all    0.00    0.00    4.28    0.00    0.00    0.22    0.00    0.00    0.00   95.50
17:28:06     all    0.00    0.00    4.15    0.00    0.00    0.22    0.00    0.00    0.00   95.63
17:28:07     all    0.00    0.00    3.91    0.00    0.00    0.28    0.00    0.00    0.00   95.80
17:28:08     all    0.00    0.00    4.18    0.00    0.00    0.38    0.00    0.00    0.00   95.44
17:28:09     all    0.00    0.00    4.36    0.00    0.00    0.31    0.00    0.00    0.00   95.32
17:28:10     all    0.09    0.00    4.16    0.00    0.00    0.28    0.00    0.00    0.00   95.46
17:28:11     all    0.00    0.00    4.00    0.00    0.00    0.25    0.00    0.00    0.00   95.75
17:28:12     all    0.00    0.00    4.39    0.00    0.00    0.31    0.00    0.00    0.00   95.29
17:28:13     all    0.00    0.00    4.12    0.00    0.00    0.31    0.00    0.00    0.00   95.56
17:28:14     all    0.03    0.00    4.19    0.00    0.00    0.25    0.00    0.00    0.00   95.53
17:28:15     all    0.00    0.00    4.09    0.00    0.00    0.35    0.00    0.00    0.00   95.56
17:28:16     all    0.00    0.00    4.24    0.00    0.00    0.19    0.00    0.00    0.00   95.57
17:28:17     all    0.00    0.00    4.18    0.00    0.00    0.28    0.00    0.00    0.00   95.53
17:28:18     all    0.00    0.00    4.28    0.00    0.00    0.25    0.00    0.00    0.00   95.47
17:28:19     all    0.00    0.00    4.22    0.00    0.00    0.22    0.00    0.00    0.00   95.56
17:28:20     all    0.09    0.00    3.85    0.00    0.00    0.28    0.00    0.00    0.00   95.77
17:28:21     all    0.00    0.00    4.31    0.00    0.00    0.22    0.00    0.00    0.00   95.47
17:28:22     all    0.00    0.00    4.18    0.00    0.00    0.35    0.00    0.00    0.00   95.47
17:28:23     all    0.00    0.00    4.31    0.00    0.00    0.31    0.00    0.00    0.00   95.38
17:28:24     all    0.03    0.00    4.43    0.00    0.00    0.16    0.00    0.00    0.00   95.38
17:28:25     all    0.03    0.00    4.30    0.00    0.00    0.28    0.00    0.00    0.00   95.38
17:28:26     all    0.00    0.00    4.13    0.00    0.00    0.19    0.00    0.00    0.00   95.68
17:28:27     all    0.00    0.00    3.91    0.00    0.00    0.28    0.00    0.00    0.00   95.80
17:28:28     all    0.00    0.00    4.22    0.00    0.00    0.19    0.00    0.00    0.00   95.60
17:28:29     all    0.00    0.00    3.88    0.00    0.00    0.35    0.00    0.00    0.00   95.78
17:28:30     all    0.09    0.00    3.94    0.00    0.00    0.19    0.00    0.00    0.00   95.77
17:28:31     all    0.00    0.00    4.06    0.00    0.00    0.19    0.00    0.00    0.00   95.75
17:28:32     all    0.00    0.00    4.09    0.00    0.00    0.35    0.00    0.00    0.00   95.56
17:28:33     all    0.00    0.00    4.30    0.00    0.00    0.44    0.00    0.00    0.00   95.26
17:28:34     all    0.03    0.00    4.25    0.00    0.00    0.25    0.00    0.00    0.00   95.47
17:28:35     all    0.00    0.00    4.24    0.00    0.00    0.28    0.00    0.00    0.00   95.47
17:28:36     all    0.00    0.00    3.73    0.00    0.00    0.25    0.00    0.00    0.00   96.02
17:28:37     all    0.00    0.00    4.13    0.00    0.00    0.16    0.00    0.00    0.00   95.71
17:28:38     all    0.00    0.00    4.03    0.00    0.00    0.28    0.00    0.00    0.00   95.69
17:28:39     all    0.00    0.00    4.24    0.00    0.00    0.16    0.00    0.00    0.00   95.60
17:28:40     all    0.06    0.00    4.16    0.00    0.00    0.31    0.00    0.00    0.00   95.47
17:28:41     all    0.00    0.00    4.03    0.00    0.00    0.28    0.00    0.00    0.00   95.69
17:28:42     all    0.00    0.00    3.82    0.00    0.00    0.25    0.00    0.00    0.00   95.93
17:28:43     all    0.00    0.00    4.30    0.00    0.00    0.41    0.00    0.00    0.00   95.29
17:28:44     all    0.00    0.00    4.03    0.00    0.00    0.31    0.00    0.00    0.00   95.65
17:28:45     all    0.00    0.00    4.09    0.00    0.00    0.35    0.00    0.00    0.00   95.56
17:28:46     all    0.00    0.00    3.94    0.00    0.00    0.25    0.00    0.00    0.00   95.80
17:28:47     all    0.00    0.00    4.00    0.00    0.00    0.38    0.00    0.00    0.00   95.62
17:28:48     all    0.00    0.00    3.97    0.00    0.00    0.38    0.00    0.00    0.00   95.65
17:28:49     all    0.00    0.00    4.06    0.00    0.00    0.35    0.00    0.00    0.00   95.59
17:28:50     all    0.09    0.00    4.07    0.00    0.00    0.28    0.00    0.00    0.00   95.55
17:28:51     all    0.00    0.00    4.04    0.00    0.00    0.28    0.00    0.00    0.00   95.68
17:28:52     all    0.00    0.00    4.33    0.00    0.00    0.38    0.00    0.00    0.00   95.29
17:28:53     all    0.00    0.00    4.43    0.00    0.00    0.31    0.00    0.00    0.00   95.26
17:28:54     all    0.03    0.00    4.34    0.00    0.00    0.31    0.00    0.00    0.00   95.31
17:28:55     all    0.00    0.00    4.06    0.00    0.00    0.35    0.00    0.00    0.00   95.59
17:28:56     all    0.00    0.00    3.66    0.00    0.00    0.28    0.00    0.00    0.00   96.05
17:28:57     all    0.00    0.00    4.03    0.00    0.00    0.38    0.00    0.00    0.00   95.60
17:28:58     all    0.00    0.00    4.10    0.00    0.00    0.19    0.00    0.00    0.00   95.71
17:28:59     all    0.00    0.00    4.19    0.00    0.00    0.22    0.00    0.00    0.00   95.59
17:29:00     all    0.57    0.00    4.01    0.00    0.00    0.28    0.00    0.00    0.00   95.14
17:29:01     all    0.00    0.00    4.03    0.00    0.00    0.22    0.00    0.00    0.00   95.75
17:29:02     all    0.00    0.00    4.15    0.00    0.00    0.25    0.00    0.00    0.00   95.59
17:29:03     all    0.00    0.00    4.07    0.00    0.00    0.22    0.00    0.00    0.00   95.71
17:29:04     all    0.00    0.00    4.00    0.00    0.00    0.35    0.00    0.00    0.00   95.65
17:29:05     all    0.00    0.00    3.85    0.00    0.00    0.35    0.00    0.00    0.00   95.80
17:29:06     all    0.00    0.00    4.12    0.00    0.00    0.35    0.00    0.00    0.00   95.53
17:29:07     all    0.00    0.00    4.40    0.00    0.00    0.28    0.00    0.00    0.00   95.32
17:29:08     all    0.03    0.00    4.12    0.00    0.00    0.31    0.00    0.00    0.00   95.53
17:29:09     all    0.00    0.03    4.01    0.00    0.00    0.22    0.00    0.00    0.00   95.74
17:29:10     all    0.09    0.00    4.01    0.00    0.00    0.16    0.00    0.00    0.00   95.74
17:29:11     all    0.00    0.00    4.30    0.00    0.00    0.38    0.00    0.00    0.00   95.32
17:29:12     all    0.00    0.00    4.33    0.00    0.00    0.41    0.00    0.00    0.00   95.26
17:29:13     all    0.00    0.00    4.25    0.00    0.00    0.31    0.00    0.00    0.00   95.44
17:29:14     all    0.03    0.00    4.40    0.00    0.00    0.28    0.00    0.00    0.00   95.29
17:29:15     all    0.03    0.00    3.89    0.00    0.00    0.25    0.00    0.00    0.00   95.83
17:29:16     all    0.00    0.00    4.13    0.00    0.00    0.28    0.00    0.00    0.00   95.59
17:29:17     all    0.00    0.00    4.19    0.00    0.00    0.22    0.00    0.00    0.00   95.59
17:29:18     all    0.00    0.00    4.06    0.00    0.00    0.41    0.00    0.00    0.00   95.53
17:29:19     all    0.00    0.00    4.46    0.00    0.00    0.22    0.00    0.00    0.00   95.32
17:29:20     all    0.06    0.00    4.19    0.00    0.00    0.31    0.00    0.00    0.00   95.44
17:29:21     all    0.00    0.00    4.61    0.00    0.00    0.31    0.00    0.00    0.00   95.08
17:29:22     all    0.00    0.00    4.03    0.00    0.00    0.25    0.00    0.00    0.00   95.72
17:29:23     all    0.00    0.00    4.10    0.00    0.00    0.25    0.00    0.00    0.00   95.65
17:29:24     all    0.00    0.00    4.10    0.00    0.00    0.25    0.00    0.00    0.00   95.65
17:29:25     all    0.00    0.00    4.21    0.00    0.00    0.35    0.00    0.00    0.00   95.44
17:29:26     all    0.03    0.00    4.15    0.00    0.00    0.25    0.00    0.00    0.00   95.56
17:29:27     all    0.00    0.00    3.88    0.00    0.00    0.28    0.00    0.00    0.00   95.83
17:29:28     all    0.00    0.00    4.03    0.00    0.00    0.35    0.00    0.00    0.00   95.62
17:29:29     all    0.00    0.00    4.12    0.00    0.00    0.25    0.00    0.00    0.00   95.62
17:29:30     all    0.09    0.00    4.52    0.00    0.00    0.25    0.00    0.00    0.00   95.13
17:29:31     all    0.00    0.00    3.82    0.00    0.00    0.32    0.00    0.00    0.00   95.86
17:29:32     all    0.00    0.00    4.06    0.00    0.00    0.35    0.00    0.00    0.00   95.59
17:29:33     all    0.00    0.00    4.06    0.00    0.00    0.35    0.00    0.00    0.00   95.59
17:29:34     all    0.03    0.00    3.88    0.00    0.00    0.28    0.00    0.00    0.00   95.80
17:29:35     all    0.00    0.00    4.18    0.00    0.00    0.25    0.00    0.00    0.00   95.57
17:29:36     all    0.00    0.00    3.91    0.00    0.00    0.28    0.00    0.00    0.00   95.80
17:29:37     all    0.00    0.00    3.92    0.00    0.00    0.22    0.00    0.00    0.00   95.86
17:29:38     all    0.00    0.00    4.12    0.00    0.00    0.31    0.00    0.00    0.00   95.56
17:29:39     all    0.00    0.00    4.01    0.00    0.00    0.19    0.00    0.00    0.00   95.80
17:29:40     all    0.03    0.00    3.91    0.00    0.00    0.35    0.00    0.00    0.00   95.71
17:29:41     all    0.00    0.00    4.03    0.00    0.00    0.31    0.00    0.00    0.00   95.65
17:29:42     all    0.00    0.00    4.01    0.00    0.00    0.28    0.00    0.00    0.00   95.71
17:29:43     all    0.03    0.00    4.03    0.00    0.00    0.28    0.00    0.00    0.00   95.65
17:29:44     all    0.03    0.00    4.13    0.00    0.00    0.19    0.00    0.00    0.00   95.65
17:29:45     all    0.00    0.00    4.31    0.00    0.00    0.22    0.00    0.00    0.00   95.47
17:29:46     all    0.00    0.00    4.06    0.00    0.00    0.28    0.00    0.00    0.00   95.65
17:29:47     all    0.00    0.00    4.01    0.00    0.00    0.22    0.00    0.00    0.00   95.77
17:29:48     all    0.00    0.00    3.79    0.00    0.00    0.25    0.00    0.00    0.00   95.96
17:29:49     all    0.00    0.00    3.94    0.00    0.00    0.28    0.00    0.00    0.00   95.78
17:29:50     all    0.06    0.00    4.28    0.00    0.00    0.22    0.00    0.00    0.00   95.44
17:29:51     all    0.00    0.00    3.88    0.00    0.00    0.38    0.00    0.00    0.00   95.74
17:29:52     all    0.00    0.00    4.00    0.00    0.00    0.28    0.00    0.00    0.00   95.71
17:29:53     all    0.00    0.00    4.15    0.00    0.00    0.38    0.00    0.00    0.00   95.47
17:29:54     all    0.00    0.00    4.10    0.00    0.00    0.28    0.00    0.00    0.00   95.62
17:29:55     all    0.00    0.00    4.00    0.00    0.00    0.47    0.00    0.00    0.00   95.53
17:29:56     all    0.00    0.00    4.15    0.00    0.00    0.28    0.00    0.00    0.00   95.56
17:29:57     all    0.00    0.00    3.91    0.00    0.00    0.28    0.00    0.00    0.00   95.80
17:29:58     all    0.00    0.00    3.94    0.00    0.00    0.32    0.00    0.00    0.00   95.74
17:29:59     all    0.00    0.00    4.09    0.00    0.00    0.31    0.00    0.00    0.00   95.59
17:30:00     all    0.57    0.00    4.13    0.00    0.00    0.28    0.00    0.00    0.00   95.02
17:30:01     all    0.00    0.00    4.40    0.00    0.00    0.16    0.00    0.00    0.00   95.44
17:30:02     all    0.00    0.00    4.21    0.00    0.00    0.35    0.00    0.00    0.00   95.44
17:30:03     all    0.00    0.00    4.16    0.00    0.00    0.25    0.00    0.00    0.00   95.59
17:30:04     all    0.03    0.00    4.34    0.00    0.00    0.28    0.00    0.00    0.00   95.35
17:30:05     all    0.00    0.00    3.47    0.00    0.00    0.44    0.00    0.00    0.00   96.08
17:30:06     all    0.00    0.00    3.40    0.00    0.00    0.28    0.00    0.00    0.00   96.31
17:30:07     all    0.00    0.00    3.30    0.00    0.00    0.28    0.00    0.00    0.00   96.42
17:30:08     all    0.00    0.00    7.46    0.00    0.00    3.62    0.00    0.00    0.00   88.92
17:30:09     all    0.00    0.23    7.89    0.00    0.00    3.99    0.00    0.00    0.00   87.90
17:30:10     all    0.10    6.20   11.27    0.00    0.00    4.58    0.00    0.00    0.00   77.86
17:30:11     all    0.00   17.40   13.91    0.00    0.00    5.24    0.00    0.00    0.00   63.45
17:30:12     all    0.00   19.25   13.03    0.00    0.00    4.93    0.00    0.00    0.00   62.80
17:30:13     all    0.00   10.01   15.05    0.00    0.00    5.88    0.00    0.00    0.00   69.06
17:30:14     all    0.10    7.84   15.91    0.00    0.00    6.20    0.00    0.00    0.00   69.95
17:30:15     all    0.00   14.43   14.49    0.00    0.00    5.69    0.00    0.00    0.00   65.39
17:30:16     all    0.00   22.06   14.17    0.00    0.00    5.72    0.00    0.00    0.00   58.05
17:30:17     all    0.00   12.79   17.27    0.00    0.00    7.67    0.00    0.00    0.00   62.26
17:30:18     all    0.00   12.08   15.85    0.00    0.00    6.32    0.00    0.00    0.00   65.76
17:30:19     all    0.00   21.89   14.56    0.00    0.00    5.32    0.00    0.00    0.00   58.24
17:30:20     all    0.06   20.66   15.59    0.00    0.00    5.29    0.00    0.00    0.00   58.39
17:30:21     all    0.00   12.12   16.02    0.00    0.00    5.87    0.00    0.00    0.00   65.99
17:30:22     all    0.00   15.19   16.41    0.00    0.00    5.59    0.00    0.00    0.00   62.81
17:30:23     all    0.00   19.08   15.27    0.00    0.00    5.08    0.00    0.00    0.00   60.57
17:30:24     all    0.00   25.54   15.82    0.00    0.00    4.73    0.00    0.00    0.00   53.91
17:30:25     all    0.00   17.65   16.19    0.00    0.00    4.94    0.00    0.00    0.00   61.22
17:30:26     all    0.00   13.94   17.03    0.00    0.00    5.65    0.00    0.00    0.00   63.38
17:30:27     all    0.00   15.63   15.86    0.00    0.00    5.99    0.00    0.00    0.00   62.52
17:30:28     all    0.00   14.94   16.17    0.00    0.00    5.48    0.00    0.00    0.00   63.42
17:30:29     all    0.03   16.23   15.28    0.00    0.00    5.03    0.00    0.00    0.00   63.42
17:30:30     all    0.10   16.68   15.61    0.00    0.00    5.69    0.00    0.00    0.00   61.93
17:30:31     all    0.03   14.18   16.13    0.00    0.00    5.19    0.00    0.00    0.00   64.47
17:30:32     all    0.00    9.94   17.51    0.00    0.00    6.15    0.00    0.00    0.00   66.41
17:30:33     all    0.03   16.10   15.91    0.00    0.00    5.42    0.00    0.00    0.00   62.53
17:30:34     all    0.03   20.10   15.25    0.00    0.00    4.88    0.00    0.00    0.00   59.74
17:30:35     all    0.00   24.19   14.49    0.00    0.00    5.06    0.00    0.00    0.00   56.26
17:30:36     all    0.00   23.46   14.87    0.00    0.00    5.30    0.00    0.00    0.00   56.37
17:30:37     all    0.03   16.36   15.81    0.00    0.00    5.69    0.00    0.00    0.00   62.11
17:30:38     all    0.00   10.96   17.41    0.00    0.00    5.58    0.00    0.00    0.00   66.05
17:30:39     all    0.03    9.11   17.73    0.00    0.00    6.35    0.00    0.00    0.00   66.78
17:30:40     all    0.10   15.09   16.06    0.00    0.00    5.70    0.00    0.00    0.00   63.05
17:30:41     all    0.00   10.71   23.56    0.00    0.00    8.58    0.00    0.00    0.00   57.15
17:30:42     all    0.03   17.23   23.14    0.00    0.00    7.67    0.00    0.00    0.00   51.93
17:30:43     all    0.00   22.64   26.52    0.00    0.00    8.60    0.00    0.00    0.00   42.24
17:30:44     all    0.00   34.88   29.10    0.00    0.00    9.05    0.00    0.00    0.00   26.97
17:30:45     all    0.03   40.42   29.28    0.00    0.00    8.85    0.00    0.00    0.00   21.42
17:30:46     all    0.00   25.56   30.26    0.00    0.00    9.90    0.00    0.00    0.00   34.28
17:30:47     all    0.00   27.24   31.03    0.00    0.00    9.23    0.00    0.00    0.00   32.50
17:30:48     all    0.00   37.49   31.21    0.00    0.00    8.86    0.00    0.00    0.00   22.44
17:30:49     all    0.03   50.38   31.71    0.00    0.00    9.11    0.00    0.00    0.00    8.76
17:30:50     all    0.06   44.46   32.26    0.00    0.00    8.53    0.00    0.00    0.00   14.69
17:30:51     all    0.03   32.71   31.69    0.00    0.00    9.12    0.00    0.00    0.00   26.45
17:30:52     all    0.03   23.53   31.73    0.00    0.00    8.94    0.00    0.00    0.00   35.78
17:30:53     all    0.00   28.01   31.95    0.00    0.00    8.89    0.00    0.00    0.00   31.15
17:30:54     all    0.00   34.31   32.56    0.00    0.00    8.81    0.00    0.00    0.00   24.32
17:30:55     all    0.00   31.06   32.36    0.00    0.00    8.61    0.00    0.00    0.00   27.97
17:30:56     all    0.00   46.76   31.63    0.00    0.00    9.03    0.00    0.00    0.00   12.59
17:30:57     all    0.03   50.87   30.92    0.00    0.00    9.04    0.00    0.00    0.00    9.14
17:30:58     all    0.00   51.06   30.85    0.00    0.00    8.87    0.00    0.00    0.00    9.22
17:30:59     all    0.03   51.20   30.06    0.00    0.00    9.02    0.00    0.00    0.00    9.69
17:31:00     all    0.41   46.97   32.06    0.00    0.00    8.80    0.00    0.00    0.00   11.76
17:31:01     all    0.03   32.96   32.20    0.00    0.00    8.99    0.00    0.00    0.00   25.82
17:31:02     all    0.00   24.94   32.52    0.00    0.00    8.94    0.00    0.00    0.00   33.60
17:31:03     all    0.06   41.31   32.14    0.00    0.00    8.34    0.00    0.00    0.00   18.15
17:31:04     all    0.00   47.46   32.00    0.00    0.00    8.19    0.00    0.00    0.00   12.35
17:31:05     all    0.00   47.63   31.98    0.00    0.00    9.05    0.00    0.00    0.00   11.34
17:31:06     all    0.00   39.78   32.10    0.00    0.00    8.90    0.00    0.00    0.00   19.23
17:31:07     all    0.00   29.21   31.86    0.00    0.00    9.38    0.00    0.00    0.00   29.56
17:31:08     all    0.03   23.13   32.51    0.00    0.00    9.03    0.00    0.00    0.00   35.29
17:31:09     all    0.03   28.32   31.96    0.00    0.00    9.20    0.00    0.00    0.00   30.49
17:31:10     all    0.06   32.36   31.98    0.00    0.00    9.40    0.00    0.00    0.00   26.20
17:31:11     all    0.03   41.88   31.78    0.00    0.00    9.20    0.00    0.00    0.00   17.10
17:31:12     all    0.03   50.94   31.06    0.00    0.00    9.35    0.00    0.00    0.00    8.61
17:31:13     all    0.00   50.81   31.42    0.00    0.00    9.20    0.00    0.00    0.00    8.56
17:31:14     all    0.00   50.59   31.25    0.00    0.00    9.43    0.00    0.00    0.00    8.73
17:31:15     all    0.03   50.33   31.52    0.00    0.00    9.58    0.00    0.00    0.00    8.54
17:31:16     all    0.00   50.59   31.71    0.00    0.00    8.99    0.00    0.00    0.00    8.71
17:31:17     all    0.03   44.33   32.05    0.00    0.00    8.81    0.00    0.00    0.00   14.78
17:31:18     all    0.00   20.83   32.38    0.00    0.00    9.03    0.00    0.00    0.00   37.75
17:31:19     all    0.00   19.94   32.89    0.00    0.00    8.68    0.00    0.00    0.00   38.49
17:31:20     all    0.13   32.43   32.43    0.00    0.00    8.67    0.00    0.00    0.00   26.34
17:31:21     all    0.00   30.45   32.55    0.00    0.00    8.56    0.00    0.00    0.00   28.44
17:31:22     all    0.00   39.25   31.66    0.00    0.00    9.06    0.00    0.00    0.00   20.03
17:31:23     all    0.00   45.22   31.46    0.00    0.00    9.12    0.00    0.00    0.00   14.20
17:31:24     all    0.00   41.50   31.60    0.00    0.00    9.17    0.00    0.00    0.00   17.73
17:31:25     all    0.00   28.48   32.22    0.03    0.00    8.97    0.00    0.00    0.00   30.30
17:31:26     all    0.00   42.89   31.48    0.00    0.00    9.33    0.00    0.00    0.00   16.30
17:31:27     all    0.00   45.00   31.09    0.00    0.00    9.58    0.00    0.00    0.00   14.33
17:31:28     all    0.03   41.28   31.84    0.00    0.00    9.13    0.00    0.00    0.00   17.72
17:31:29     all    0.03   45.86   31.29    0.00    0.00    9.59    0.00    0.00    0.00   13.22
17:31:30     all    0.06   39.62   32.03    0.00    0.00    8.67    0.00    0.00    0.00   19.62
17:31:31     all    0.00   19.28   31.58    0.00    0.00    9.55    0.00    0.00    0.00   39.59
17:31:32     all    0.03   19.83   32.27    0.00    0.00    9.02    0.00    0.00    0.00   38.86
17:31:33     all    0.00   26.14   31.57    0.00    0.00    9.57    0.00    0.00    0.00   32.72
17:31:34     all    0.03   27.28   31.47    0.00    0.00   10.26    0.00    0.00    0.00   30.96
17:31:35     all    0.00   33.09   31.36    0.00    0.00    9.25    0.00    0.00    0.00   26.30
17:31:36     all    0.00   39.66   30.76    0.00    0.00    9.57    0.00    0.00    0.00   20.01
17:31:37     all    0.00   37.05   31.78    0.00    0.00    9.25    0.00    0.00    0.00   21.93
17:31:38     all    0.03   25.09   31.81    0.00    0.00    9.40    0.00    0.00    0.00   33.66
17:31:39     all    0.00   26.76   31.67    0.00    0.00    9.21    0.00    0.00    0.00   32.37
17:31:40     all    0.10   25.53   32.10    0.00    0.00    9.13    0.00    0.00    0.00   33.15
17:31:41     all    0.00   31.95   31.98    0.00    0.00    9.44    0.00    0.00    0.00   26.63
17:31:42     all    0.03   29.36   32.11    0.00    0.00    8.79    0.00    0.00    0.00   29.71
17:31:43     all    0.03   27.73   31.98    0.00    0.00    9.36    0.00    0.00    0.00   30.90
17:31:44     all    0.00   24.44   32.34    0.00    0.00    9.04    0.00    0.00    0.00   34.18
17:31:45     all    0.00   21.98   31.80    0.00    0.00    9.44    0.00    0.00    0.00   36.79
17:31:46     all    0.00   24.32   32.13    0.00    0.00    9.49    0.00    0.00    0.00   34.06
17:31:47     all    0.00   24.42   32.17    0.00    0.00    8.84    0.00    0.00    0.00   34.57
17:31:48     all    0.00   33.85   32.23    0.00    0.00    8.72    0.00    0.00    0.00   25.20
17:31:49     all    0.03   42.14   31.17    0.00    0.00    9.47    0.00    0.00    0.00   17.18
17:31:50     all    0.06   41.05   32.03    0.00    0.00    8.83    0.00    0.00    0.00   18.04
17:31:51     all    0.00   23.51   32.00    0.00    0.00    9.10    0.00    0.00    0.00   35.39
17:31:52     all    0.00   22.63   32.11    0.00    0.00    9.03    0.00    0.00    0.00   36.24
17:31:53     all    0.00   19.51   31.45    0.00    0.00    9.66    0.00    0.00    0.00   39.38
17:31:54     all    0.03   21.80   28.02    0.00    0.00    8.91    0.00    0.00    0.00   41.24
17:31:55     all    0.00   17.29   28.69    0.00    0.00    9.61    0.00    0.00    0.00   44.41
17:31:56     all    0.00   20.26   28.15    0.00    0.00    9.44    0.00    0.00    0.00   42.15
17:31:57     all    0.03   27.21   26.24    0.00    0.00    9.50    0.00    0.00    0.00   37.03
17:31:58     all    0.00   34.17   25.69    0.00    0.00    9.00    0.00    0.00    0.00   31.15
17:31:59     all    0.00   47.32   23.69    0.00    0.00    9.60    0.00    0.00    0.00   19.39
17:32:00     all    0.55   33.67   25.68    0.00    0.00    9.08    0.00    0.00    0.00   31.03
17:32:01     all    0.00   31.84   25.40    0.00    0.00    9.24    0.00    0.00    0.00   33.52
17:32:02     all    0.00   29.21   26.25    0.00    0.00    9.28    0.00    0.00    0.00   35.27
17:32:03     all    0.03   50.85   23.75    0.00    0.00    9.37    0.00    0.00    0.00   16.00
17:32:04     all    0.00   46.96   25.22    0.00    0.00    9.52    0.00    0.00    0.00   18.30
17:32:05     all    0.00   34.21   26.11    0.00    0.00    9.64    0.00    0.00    0.00   30.04
17:32:06     all    0.00   26.15   25.92    0.00    0.00    9.83    0.00    0.00    0.00   38.09
17:32:07     all    0.00   20.76   27.77    0.00    0.00    9.15    0.00    0.00    0.00   42.33
17:32:08     all    0.03   17.34   28.07    0.00    0.00    9.90    0.00    0.00    0.00   44.66
17:32:09     all    0.00   21.21   26.52    0.00    0.00    8.87    0.00    0.00    0.00   43.39
17:32:10     all    0.07   24.82   24.72    0.00    0.00    7.98    0.00    0.00    0.00   42.41
17:32:11     all    0.00   45.67   20.88    0.00    0.00    8.39    0.00    0.00    0.00   25.05
17:32:12     all    0.03   49.45   20.91    0.00    0.00    8.30    0.00    0.00    0.00   21.30
17:32:13     all    0.00   49.33   19.93    0.00    0.00    8.72    0.00    0.00    0.00   22.03
17:32:14     all    0.00   39.55   22.46    0.00    0.00    8.49    0.00    0.00    0.00   29.50
17:32:15     all    0.03   19.11   24.80    0.00    0.00    9.36    0.00    0.00    0.00   46.70
17:32:16     all    0.00   18.41   24.42    0.00    0.00   10.06    0.00    0.00    0.00   47.11
17:32:17     all    0.03   15.23   24.78    0.00    0.00   10.40    0.00    0.00    0.00   49.56
17:32:18     all    0.03   12.10   25.53    0.00    0.00   10.84    0.00    0.00    0.00   51.50
17:32:19     all    0.00    7.97   26.55    0.00    0.00   10.96    0.00    0.00    0.00   54.52
17:32:20     all    0.10    8.73   25.76    0.00    0.00   11.33    0.00    0.00    0.00   54.09
17:32:21     all    0.00    9.51   26.31    0.00    0.00   10.93    0.00    0.00    0.00   53.26
17:32:22     all    0.00   15.75   24.48    0.00    0.00   10.07    0.00    0.00    0.00   49.71
17:32:23     all    0.00   13.44   25.41    0.00    0.00    9.69    0.00    0.00    0.00   51.47
17:32:24     all    0.03   18.35   24.76    0.00    0.00    9.24    0.00    0.00    0.00   47.62
17:32:25     all    0.00   18.99   24.43    0.00    0.00    9.80    0.00    0.00    0.00   46.78
17:32:26     all    0.00   23.39   28.23    0.00    0.00    9.21    0.00    0.00    0.00   39.18
17:32:27     all    0.03   30.61   31.54    0.00    0.00    9.15    0.00    0.00    0.00   28.67
17:32:28     all    0.00   27.75   31.32    0.00    0.00   10.06    0.00    0.00    0.00   30.87
17:32:29     all    0.03   32.59   31.44    0.00    0.00    9.50    0.00    0.00    0.00   26.45
17:32:30     all    0.06   51.06   31.87    0.00    0.00    9.13    0.00    0.00    0.00    7.87
17:32:31     all    0.03   50.69   29.61    0.00    0.00   10.32    0.00    0.00    0.00    9.36
17:32:32     all    0.03   51.15   27.45    0.00    0.00   10.36    0.00    0.00    0.00   11.01
17:32:33     all    0.00   49.31   29.23    0.00    0.00    9.83    0.00    0.00    0.00   11.62
17:32:34     all    0.03   39.15   28.92    0.00    0.00    9.55    0.00    0.00    0.00   22.34
17:32:35     all    0.00   47.50   30.06    0.00    0.00    9.60    0.00    0.00    0.00   12.84
17:32:36     all    0.00   51.09   29.17    0.00    0.00    9.87    0.00    0.00    0.00    9.87
17:32:37     all    0.00   51.27   24.45    0.00    0.00    9.33    0.00    0.00    0.00   14.96
17:32:38     all    0.03   51.84   18.32    0.00    0.00    8.38    0.00    0.00    0.00   21.44
17:32:39     all    0.00   52.87   18.42    0.00    0.00    7.96    0.00    0.00    0.00   20.75
17:32:40     all    0.10   51.83   18.02    0.00    0.00    7.78    0.00    0.00    0.00   22.27
17:32:41     all    0.03   51.42   15.21    0.00    0.00    8.05    0.00    0.00    0.00   25.29
17:32:42     all    0.00   53.97   14.91    0.00    0.00    6.64    0.00    0.00    0.00   24.49
17:32:43     all    0.07   52.11   11.68    0.00    0.00    6.21    0.00    0.00    0.00   29.93
17:32:44     all    0.00   57.30    7.00    0.00    0.00    3.45    0.00    0.00    0.00   32.25
17:32:45     all    0.00   60.97    6.98    0.00    0.00    3.94    0.00    0.00    0.00   28.11
17:32:46     all    0.03   60.33    7.33    0.00    0.00    4.37    0.00    0.00    0.00   27.93
17:32:47     all    0.03   58.16    7.48    0.00    0.00    4.48    0.00    0.00    0.00   29.84
17:32:48     all    0.03   54.32   10.49    0.00    0.00    5.64    0.00    0.00    0.00   29.52
17:32:49     all    0.00   54.05   12.60    0.00    0.00    6.19    0.00    0.00    0.00   27.16
17:32:50     all    0.13   53.41   14.07    0.00    0.00    6.66    0.00    0.00    0.00   25.73
17:32:51     all    0.00   51.91   15.12    0.00    0.00    7.30    0.00    0.00    0.00   25.68
17:32:52     all    0.03   53.27   16.85    0.00    0.00    7.42    0.00    0.00    0.00   22.42
17:32:53     all    0.00   52.84   15.31    0.00    0.00    7.87    0.00    0.00    0.00   23.99
17:32:54     all    0.07   51.89   16.14    0.00    0.00    7.63    0.00    0.00    0.00   24.27
17:32:55     all    0.00   51.77   15.23    0.00    0.00    7.26    0.00    0.00    0.00   25.74
17:32:56     all    0.00   54.31   14.77    0.00    0.00    7.09    0.00    0.00    0.00   23.82
17:32:57     all    0.07   51.66   14.40    0.00    0.00    7.25    0.00    0.00    0.00   26.63
17:32:58     all    0.00   51.96   15.59    0.00    0.00    7.16    0.00    0.00    0.00   25.28
17:32:59     all    0.00   52.85   20.08    0.00    0.00    7.74    0.00    0.00    0.00   19.33
17:33:00     all    0.42   52.22   27.90    0.00    0.00    8.69    0.00    0.00    0.00   10.77
17:33:01     all    0.13   51.47   29.23    0.00    0.00    8.68    0.00    0.00    0.00   10.50
17:33:02     all    0.00   51.88   24.70    0.00    0.00    8.87    0.00    0.00    0.00   14.55
17:33:03     all    0.06   51.37   24.09    0.00    0.00    8.73    0.00    0.00    0.00   15.75
17:33:04     all    0.03   50.82   28.47    0.00    0.00    8.74    0.00    0.00    0.00   11.94
17:33:05     all    0.00   52.32   25.47    0.00    0.00    9.09    0.00    0.00    0.00   13.12
17:33:06     all    0.07   52.85   19.03    0.00    0.00    7.12    0.00    0.00    0.00   20.93
17:33:07     all    0.03   52.10   24.06    0.00    0.00    8.28    0.00    0.00    0.00   15.53
17:33:08     all    0.00   55.25   24.16    0.00    0.00    6.77    0.00    0.00    0.00   13.82
17:33:09     all    0.03   56.17   24.73    0.00    0.00    7.63    0.00    0.00    0.00   11.44
17:33:10     all    0.03   53.11   18.74    0.00    0.00    8.78    0.00    0.00    0.00   19.35
17:33:11     all    0.00   52.83   18.21    0.00    0.00    8.47    0.00    0.00    0.00   20.49
17:33:12     all    0.03   51.99   17.29    0.00    0.00    8.35    0.00    0.00    0.00   22.34
17:33:13     all    0.00   52.79   15.30    0.00    0.00    7.62    0.00    0.00    0.00   24.29
17:33:14     all    0.06   57.68   10.01    0.00    0.00    5.45    0.00    0.00    0.00   26.79
17:33:15     all    0.03   67.30   13.77    0.00    0.00    6.34    0.00    0.00    0.00   12.56
17:33:16     all    0.00   60.07   14.61    0.00    0.00    6.69    0.00    0.00    0.00   18.62
17:33:17     all    0.00   59.11   14.22    0.00    0.00    6.66    0.00    0.00    0.00   20.01
17:33:18     all    0.03   61.15    9.90    0.00    0.00    4.87    0.00    0.00    0.00   24.05
17:33:19     all    0.00   71.42    8.91    0.00    0.00    3.34    0.00    0.00    0.00   16.33
17:33:20     all    0.13   77.78   13.10    0.00    0.00    4.84    0.00    0.00    0.00    4.15
17:33:21     all    0.00   80.54   12.27    0.00    0.00    4.10    0.00    0.00    0.00    3.09
17:33:22     all    0.00   79.57   12.55    0.00    0.00    4.79    0.00    0.00    0.00    3.10
17:33:23     all    0.03   79.50   13.33    0.00    0.00    4.40    0.00    0.00    0.00    2.73
17:33:24     all    0.03   78.31   13.88    0.00    0.00    5.08    0.00    0.00    0.00    2.70
17:33:25     all    0.00   70.96   18.90    0.00    0.00    6.72    0.00    0.00    0.00    3.42
17:33:26     all    0.00   71.70   18.28    0.00    0.00    6.82    0.00    0.00    0.00    3.20
17:33:27     all    0.03   79.15   13.79    0.00    0.00    4.68    0.00    0.00    0.00    2.36
17:33:28     all    0.00   73.33   17.41    0.00    0.00    6.31    0.00    0.00    0.00    2.95
17:33:29     all    0.00   77.17   15.13    0.00    0.00    5.03    0.00    0.00    0.00    2.67
17:33:30     all    0.09   76.01   15.26    0.00    0.00    5.68    0.00    0.00    0.00    2.95
17:33:31     all    0.00   70.99   18.47    0.00    0.00    6.89    0.00    0.00    0.00    3.65
17:33:32     all    0.03   71.37   18.26    0.00    0.00    7.29    0.00    0.00    0.00    3.05
17:33:33     all    0.03   69.95   18.77    0.00    0.00    6.90    0.00    0.00    0.00    4.35
17:33:34     all    0.00   69.33   19.30    0.00    0.00    6.92    0.00    0.00    0.00    4.45
17:33:35     all    0.06   69.36   19.14    0.00    0.00    7.39    0.00    0.00    0.00    4.04
17:33:36     all    0.00   68.28   20.21    0.00    0.00    7.48    0.00    0.00    0.00    4.02
17:33:37     all    0.00   65.52   21.44    0.00    0.00    8.04    0.00    0.00    0.00    5.00
17:33:38     all    0.03   67.08   18.69    0.00    0.00    7.31    0.00    0.00    0.00    6.89
17:33:39     all    0.00   71.70   13.82    0.00    0.00    5.83    0.00    0.00    0.00    8.66
17:33:40     all    0.06   76.90   11.06    0.00    0.00    4.57    0.00    0.00    0.00    7.41
17:33:41     all    0.00   77.63   12.99    0.00    0.00    3.95    0.00    0.00    0.00    5.43
17:33:42     all    0.00   78.14   12.05    0.00    0.00    4.26    0.00    0.00    0.00    5.55
17:33:43     all    0.00   78.98   11.52    0.00    0.00    4.06    0.00    0.00    0.00    5.44
17:33:44     all    0.03   76.71   11.80    0.00    0.00    4.31    0.00    0.00    0.00    7.15
17:33:45     all    0.00   77.83   11.87    0.00    0.00    4.12    0.00    0.00    0.00    6.17
17:33:46     all    0.00   76.74   11.91    0.00    0.00    4.76    0.00    0.00    0.00    6.59
17:33:47     all    0.03   71.07   13.75    0.00    0.00    5.28    0.00    0.00    0.00    9.87
17:33:48     all    0.00   62.27   10.48    0.00    0.00    4.56    0.00    0.00    0.00   22.70
17:33:49     all    0.03   75.60   11.49    0.00    0.00    3.90    0.00    0.00    0.00    8.98
17:33:50     all    0.10   69.49   16.64    0.00    0.00    6.47    0.00    0.00    0.00    7.30
17:33:51     all    0.00   62.75   16.65    0.00    0.00    6.83    0.00    0.00    0.00   13.76
17:33:52     all    0.03   59.66   15.54    0.00    0.00    6.55    0.00    0.00    0.00   18.21
17:33:53     all    0.00   58.04   15.22    0.00    0.00    7.09    0.00    0.00    0.00   19.65
17:33:54     all    0.03   59.23   13.96    0.00    0.00    6.15    0.00    0.00    0.00   20.63
17:33:55     all    0.03   68.43    8.66    0.00    0.00    3.93    0.00    0.00    0.00   18.94
17:33:56     all    0.00   73.24    8.62    0.00    0.00    3.90    0.00    0.00    0.00   14.25
17:33:57     all    0.00   80.97    6.83    0.00    0.00    2.72    0.00    0.00    0.00    9.48
17:33:58     all    0.00   78.21    7.55    0.00    0.00    3.27    0.00    0.00    0.00   10.97
17:33:59     all    0.00   76.88   10.02    0.00    0.00    4.20    0.00    0.00    0.00    8.91
17:34:00     all    0.44   75.63   11.75    0.00    0.00    4.62    0.00    0.00    0.00    7.57
17:34:01     all    0.00   76.59   11.41    0.00    0.00    4.27    0.00    0.00    0.00    7.74
17:34:02     all    0.00   77.37   12.61    0.00    0.00    3.86    0.00    0.00    0.00    6.16
17:34:03     all    0.00   77.29   11.55    0.00    0.00    3.91    0.00    0.00    0.00    7.26
17:34:04     all    0.00   86.13    6.95    0.00    0.00    1.91    0.00    0.00    0.00    5.01
17:34:05     all    0.00   87.95    6.96    0.00    0.00    1.63    0.00    0.00    0.00    3.45
17:34:06     all    0.06   93.96    3.45    0.00    0.00    1.03    0.00    0.00    0.00    1.50
17:34:07     all    0.00   97.09    1.54    0.00    0.00    0.50    0.00    0.00    0.00    0.88
17:34:08     all    0.00   90.33    6.35    0.00    0.00    2.28    0.00    0.00    0.00    1.03
17:34:09     all    0.00   92.24    4.79    0.00    0.00    1.72    0.00    0.00    0.00    1.25
17:34:10     all    0.06   99.41    0.25    0.00    0.00    0.03    0.00    0.00    0.00    0.25
17:34:11     all    0.00   88.09    7.81    0.00    0.00    3.06    0.00    0.00    0.00    1.03
17:34:12     all    0.00   81.95   11.97    0.00    0.00    3.88    0.00    0.00    0.00    2.19
17:34:13     all    0.00   78.94   13.65    0.00    0.00    4.46    0.00    0.00    0.00    2.95
17:34:14     all    0.03   73.83   17.02    0.00    0.00    6.04    0.00    0.00    0.00    3.08
17:34:15     all    0.00   74.11   15.89    0.00    0.00    5.80    0.00    0.00    0.00    4.19
17:34:16     all    0.03   69.42   19.67    0.00    0.00    6.90    0.00    0.00    0.00    3.97
17:34:17     all    0.00   77.32   13.30    0.00    0.00    5.45    0.00    0.00    0.00    3.94
17:34:18     all    0.00   77.73   14.14    0.00    0.00    5.37    0.00    0.00    0.00    2.76
17:34:19     all    0.00   78.82   13.94    0.00    0.00    5.00    0.00    0.00    0.00    2.23
17:34:20     all    0.13   80.23   13.25    0.00    0.00    4.52    0.00    0.00    0.00    1.88
17:34:21     all    0.03   81.15   12.27    0.00    0.00    4.48    0.00    0.00    0.00    2.07
17:34:22     all    0.00   74.33   17.07    0.00    0.00    6.37    0.00    0.00    0.00    2.23
17:34:23     all    0.00   78.62   14.56    0.00    0.00    4.97    0.00    0.00    0.00    1.84
17:34:24     all    0.03   89.30    7.51    0.00    0.00    2.19    0.00    0.00    0.00    0.97
17:34:25     all    0.00   97.37    1.78    0.00    0.00    0.63    0.00    0.00    0.00    0.22
17:34:26     all    0.03   97.72    1.53    0.00    0.00    0.50    0.00    0.00    0.00    0.22
17:34:27     all    0.00   97.87    1.44    0.00    0.00    0.41    0.00    0.00    0.00    0.28
17:34:28     all    0.00   99.19    0.59    0.00    0.00    0.16    0.00    0.00    0.00    0.06
17:34:29     all    0.03   98.38    1.09    0.00    0.00    0.41    0.00    0.00    0.00    0.09
17:34:30     all    0.06   99.12    0.66    0.00    0.00    0.09    0.00    0.00    0.00    0.06
17:34:31     all    0.00   99.16    0.59    0.00    0.00    0.22    0.00    0.00    0.00    0.03
17:34:32     all    0.00   94.62    3.78    0.00    0.00    1.38    0.00    0.00    0.00    0.22
17:34:33     all    0.00   97.09    1.97    0.00    0.00    0.62    0.00    0.00    0.00    0.31
17:34:34     all    0.06   98.94    0.66    0.00    0.00    0.22    0.00    0.00    0.00    0.12
17:34:35     all    0.00   99.72    0.12    0.00    0.00    0.06    0.00    0.00    0.00    0.09
17:34:36     all    0.03   99.78    0.16    0.00    0.00    0.00    0.00    0.00    0.00    0.03
17:34:37     all    0.00   99.88    0.09    0.00    0.00    0.03    0.00    0.00    0.00    0.00
17:34:38     all    0.03   99.81    0.09    0.00    0.00    0.00    0.00    0.00    0.00    0.06
17:34:39     all    0.00   99.75    0.19    0.00    0.00    0.03    0.00    0.00    0.00    0.03
17:34:40     all    0.06   99.81    0.12    0.00    0.00    0.00    0.00    0.00    0.00    0.00
17:34:41     all    0.00   99.75    0.16    0.00    0.00    0.06    0.00    0.00    0.00    0.03
17:34:42     all    0.00   99.94    0.06    0.00    0.00    0.00    0.00    0.00    0.00    0.00
17:34:43     all    0.03   99.81    0.12    0.00    0.00    0.00    0.00    0.00    0.00    0.03
17:34:44     all    0.03   99.84    0.13    0.00    0.00    0.00    0.00    0.00    0.00    0.00
17:34:45     all    0.00   99.94    0.03    0.00    0.00    0.00    0.00    0.00    0.00    0.03
17:34:46     all    0.00   99.91    0.09    0.00    0.00    0.00    0.00    0.00    0.00    0.00
17:34:47     all    0.06   99.78    0.12    0.00    0.00    0.03    0.00    0.00    0.00    0.00
17:34:48     all    0.00   99.97    0.03    0.00    0.00    0.00    0.00    0.00    0.00    0.00
17:34:49     all    0.00   99.84    0.16    0.00    0.00    0.00    0.00    0.00    0.00    0.00
17:34:50     all    0.06   98.22    1.22    0.00    0.00    0.47    0.00    0.00    0.00    0.03
17:34:51     all    0.00   93.56    4.69    0.00    0.00    1.63    0.00    0.00    0.00    0.13
17:34:52     all    0.00   99.81    0.16    0.00    0.00    0.03    0.00    0.00    0.00    0.00
17:34:53     all    0.03   99.75    0.19    0.00    0.00    0.03    0.00    0.00    0.00    0.00
17:34:54     all    0.00   99.88    0.09    0.00    0.00    0.00    0.00    0.00    0.00    0.03
17:34:55     all    0.00   99.81    0.12    0.00    0.00    0.03    0.00    0.00    0.00    0.03
17:34:56     all    0.03   99.88    0.06    0.00    0.00    0.00    0.00    0.00    0.00    0.03
17:34:57     all    0.00   99.97    0.03    0.00    0.00    0.00    0.00    0.00    0.00    0.00
17:34:58     all    0.00   99.84    0.16    0.00    0.00    0.00    0.00    0.00    0.00    0.00
17:34:59     all    0.00   99.81    0.16    0.00    0.00    0.03    0.00    0.00    0.00    0.00
17:35:00     all    0.31   99.56    0.12    0.00    0.00    0.00    0.00    0.00    0.00    0.00
17:35:01     all    0.09   99.72    0.19    0.00    0.00    0.00    0.00    0.00    0.00    0.00
17:35:02     all    0.03   99.84    0.09    0.00    0.00    0.03    0.00    0.00    0.00    0.00
17:35:03     all    0.00   99.94    0.06    0.00    0.00    0.00    0.00    0.00    0.00    0.00
17:35:04     all    0.00   99.84    0.16    0.00    0.00    0.00    0.00    0.00    0.00    0.00
17:35:05     all    0.00   99.97    0.03    0.00    0.00    0.00    0.00    0.00    0.00    0.00
17:35:06     all    0.03   99.81    0.16    0.00    0.00    0.00    0.00    0.00    0.00    0.00
17:35:07     all    0.03   99.84    0.12    0.00    0.00    0.00    0.00    0.00    0.00    0.00
17:35:08     all    0.00   99.97    0.03    0.00    0.00    0.00    0.00    0.00    0.00    0.00
17:35:09     all    0.00   99.88    0.12    0.00    0.00    0.00    0.00    0.00    0.00    0.00
17:35:10     all    0.03   99.72    0.22    0.00    0.00    0.03    0.00    0.00    0.00    0.00
17:35:11     all    0.00   99.91    0.09    0.00    0.00    0.00    0.00    0.00    0.00    0.00
17:35:12     all    0.03   99.81    0.09    0.00    0.00    0.03    0.00    0.00    0.00    0.03
17:35:13     all    0.00   98.34    1.16    0.00    0.00    0.47    0.00    0.00    0.00    0.03
17:35:14     all    0.00   92.21    5.22    0.00    0.00    2.03    0.00    0.00    0.00    0.53
17:35:15     all    0.00   99.81    0.12    0.00    0.00    0.00    0.00    0.00    0.00    0.06
17:35:16     all    0.03   99.87    0.09    0.00    0.00    0.00    0.00    0.00    0.00    0.00
17:35:17     all    0.00   99.88    0.06    0.00    0.00    0.00    0.00    0.00    0.00    0.06
17:35:18     all    0.03   99.84    0.09    0.00    0.00    0.03    0.00    0.00    0.00    0.00
17:35:19     all    0.03   99.91    0.06    0.00    0.00    0.00    0.00    0.00    0.00    0.00
17:35:20     all    0.03   99.91    0.06    0.00    0.00    0.00    0.00    0.00    0.00    0.00
17:35:21     all    0.06   99.75    0.16    0.00    0.00    0.00    0.00    0.00    0.00    0.03
17:35:22     all    0.00   99.91    0.09    0.00    0.00    0.00    0.00    0.00    0.00    0.00
17:35:23     all    0.00   99.94    0.06    0.00    0.00    0.00    0.00    0.00    0.00    0.00
17:35:24     all    0.03   99.81    0.12    0.00    0.00    0.03    0.00    0.00    0.00    0.00
17:35:25     all    0.00   99.91    0.06    0.00    0.00    0.00    0.00    0.00    0.00    0.03
17:35:26     all    0.00   99.94    0.06    0.00    0.00    0.00    0.00    0.00    0.00    0.00
17:35:27     all    0.03   99.78    0.12    0.00    0.00    0.03    0.00    0.00    0.00    0.03
17:35:28     all    0.00   99.94    0.06    0.00    0.00    0.00    0.00    0.00    0.00    0.00
17:35:29     all    0.03   99.87    0.09    0.00    0.00    0.00    0.00    0.00    0.00    0.00
17:35:30     all    0.09   99.69    0.19    0.00    0.00    0.03    0.00    0.00    0.00    0.00
17:35:31     all    0.00   99.97    0.03    0.00    0.00    0.00    0.00    0.00    0.00    0.00
17:35:32     all    0.03   99.84    0.09    0.00    0.00    0.00    0.00    0.00    0.00    0.03
17:35:33     all    0.03   99.84    0.09    0.00    0.00    0.03    0.00    0.00    0.00    0.00
17:35:34     all    0.03   99.97    0.00    0.00    0.00    0.00    0.00    0.00    0.00    0.00
17:35:35     all    0.03   99.84    0.12    0.00    0.00    0.00    0.00    0.00    0.00    0.00
17:35:36     all    0.03   99.87    0.09    0.00    0.00    0.00    0.00    0.00    0.00    0.00
17:35:37     all    0.00   99.97    0.03    0.00    0.00    0.00    0.00    0.00    0.00    0.00
17:35:38     all    0.00   99.91    0.09    0.00    0.00    0.00    0.00    0.00    0.00    0.00
17:35:39     all    0.00   99.84    0.16    0.00    0.00    0.00    0.00    0.00    0.00    0.00
17:35:40     all    0.06   99.84    0.09    0.00    0.00    0.00    0.00    0.00    0.00    0.00
17:35:41     all    0.00   99.91    0.09    0.00    0.00    0.00    0.00    0.00    0.00    0.00
17:35:42     all    0.00   99.81    0.19    0.00    0.00    0.00    0.00    0.00    0.00    0.00
17:35:43     all    0.00   99.97    0.03    0.00    0.00    0.00    0.00    0.00    0.00    0.00
17:35:44     all    0.03   99.84    0.12    0.00    0.00    0.00    0.00    0.00    0.00    0.00
17:35:45     all    0.00   99.81    0.12    0.00    0.00    0.03    0.00    0.00    0.00    0.03
17:35:46     all    0.00   99.97    0.03    0.00    0.00    0.00    0.00    0.00    0.00    0.00
17:35:47     all    0.03   99.84    0.09    0.00    0.00    0.03    0.00    0.00    0.00    0.00
17:35:48     all    0.00  100.00    0.00    0.00    0.00    0.00    0.00    0.00    0.00    0.00
17:35:49     all    0.00   99.91    0.09    0.00    0.00    0.00    0.00    0.00    0.00    0.00
17:35:50     all    0.03   99.75    0.19    0.00    0.00    0.03    0.00    0.00    0.00    0.00
17:35:51     all    0.00   99.94    0.06    0.00    0.00    0.00    0.00    0.00    0.00    0.00
17:35:52     all    0.00   97.25    2.00    0.00    0.00    0.72    0.00    0.00    0.00    0.03
17:35:53     all    0.03   98.81    0.81    0.00    0.00    0.19    0.00    0.00    0.00    0.16
17:35:54     all    0.00   99.94    0.03    0.00    0.00    0.00    0.00    0.00    0.00    0.03
17:35:55     all    0.03   99.78    0.12    0.00    0.00    0.00    0.00    0.00    0.00    0.06
17:35:56     all    0.03   99.88    0.09    0.00    0.00    0.00    0.00    0.00    0.00    0.00
17:35:57     all    0.00   99.94    0.00    0.00    0.00    0.00    0.00    0.00    0.00    0.06
17:35:58     all    0.00   99.94    0.06    0.00    0.00    0.00    0.00    0.00    0.00    0.00
17:35:59     all    0.03   99.84    0.12    0.00    0.00    0.00    0.00    0.00    0.00    0.00
17:36:00     all    0.38   99.03    0.50    0.00    0.00    0.09    0.00    0.00    0.00    0.00
17:36:01     all    0.03   97.38    1.94    0.00    0.00    0.59    0.00    0.00    0.00    0.06
17:36:02     all    0.00   98.59    1.13    0.00    0.00    0.19    0.00    0.00    0.00    0.09
17:36:03     all    0.03   99.94    0.00    0.00    0.00    0.00    0.00    0.00    0.00    0.03
17:36:04     all    0.00   99.84    0.16    0.00    0.00    0.00    0.00    0.00    0.00    0.00
17:36:05     all    0.03   99.88    0.09    0.00    0.00    0.00    0.00    0.00    0.00    0.00
17:36:06     all    0.00   99.94    0.03    0.00    0.00    0.03    0.00    0.00    0.00    0.00
17:36:07     all    0.03   99.81    0.12    0.00    0.00    0.00    0.00    0.00    0.00    0.03
17:36:08     all    0.00   99.87    0.06    0.00    0.00    0.00    0.00    0.00    0.00    0.06
17:36:09     all    0.00   99.97    0.03    0.00    0.00    0.00    0.00    0.00    0.00    0.00
17:36:10     all    0.06   99.72    0.22    0.00    0.00    0.00    0.00    0.00    0.00    0.00
17:36:11     all    0.00   99.97    0.03    0.00    0.00    0.00    0.00    0.00    0.00    0.00
17:36:12     all    0.00   93.34    4.81    0.00    0.00    1.59    0.00    0.00    0.00    0.25
17:36:13     all    0.03   77.06   16.48    0.00    0.00    5.05    0.00    0.00    0.00    1.38
17:36:14     all    0.03   77.94   15.29    0.00    0.00    5.29    0.00    0.00    0.00    1.44
17:36:15     all    0.00   79.84   14.44    0.00    0.00    4.59    0.00    0.00    0.00    1.12
17:36:16     all    0.00   82.30   11.95    0.00    0.00    4.30    0.00    0.00    0.00    1.44
17:36:17     all    0.00   81.79   11.87    0.00    0.00    4.40    0.00    0.00    0.00    1.95
17:36:18     all    0.00   81.04   12.88    0.00    0.00    4.32    0.00    0.00    0.00    1.75
17:36:19     all    0.03   85.34    9.21    0.00    0.00    3.88    0.00    0.00    0.00    1.54
17:36:20     all    0.09   79.65   13.04    0.00    0.00    4.70    0.00    0.00    0.00    2.51
17:36:21     all    0.03   79.82   12.80    0.00    0.00    5.07    0.00    0.00    0.00    2.28
17:36:22     all    0.00   85.41    9.47    0.00    0.00    3.50    0.00    0.00    0.00    1.62
17:36:23     all    0.00   80.09   13.06    0.00    0.00    4.74    0.00    0.00    0.00    2.10
17:36:24     all    0.03   92.45    4.82    0.00    0.00    1.78    0.00    0.00    0.00    0.91
17:36:25     all    0.03   83.40   11.06    0.00    0.00    4.14    0.00    0.00    0.00    1.38
17:36:26     all    0.00   87.89    7.54    0.00    0.00    3.19    0.00    0.00    0.00    1.38
17:36:27     all    0.00   99.75    0.16    0.00    0.00    0.00    0.00    0.00    0.00    0.09
17:36:28     all    0.03   99.84    0.09    0.00    0.00    0.00    0.00    0.00    0.00    0.03
17:36:29     all    0.00   99.91    0.03    0.00    0.00    0.00    0.00    0.00    0.00    0.06
17:36:30     all    0.03   99.66    0.31    0.00    0.00    0.00    0.00    0.00    0.00    0.00
17:36:31     all    0.00   99.88    0.06    0.00    0.00    0.03    0.00    0.00    0.00    0.03
17:36:32     all    0.03   99.84    0.12    0.00    0.00    0.00    0.00    0.00    0.00    0.00
17:36:33     all    0.03   99.22    0.53    0.00    0.00    0.22    0.00    0.00    0.00    0.00
17:36:34     all    0.00   97.41    1.88    0.00    0.00    0.56    0.00    0.00    0.00    0.16
17:36:35     all    0.00   99.84    0.12    0.00    0.00    0.00    0.00    0.00    0.00    0.03
17:36:36     all    0.03   99.81    0.16    0.00    0.00    0.00    0.00    0.00    0.00    0.00
17:36:37     all    0.00   99.91    0.03    0.00    0.00    0.00    0.00    0.00    0.00    0.06
17:36:38     all    0.03   99.84    0.12    0.00    0.00    0.00    0.00    0.00    0.00    0.00
17:36:39     all    0.03   99.81    0.09    0.00    0.00    0.03    0.00    0.00    0.00    0.03
17:36:40     all    0.06   99.84    0.06    0.00    0.00    0.00    0.00    0.00    0.00    0.03
17:36:41     all    0.06   99.84    0.09    0.00    0.00    0.00    0.00    0.00    0.00    0.00
17:36:42     all    0.00   99.87    0.13    0.00    0.00    0.00    0.00    0.00    0.00    0.00
17:36:43     all    0.00   99.97    0.03    0.00    0.00    0.00    0.00    0.00    0.00    0.00
17:36:44     all    0.06   99.72    0.16    0.00    0.00    0.03    0.00    0.00    0.00    0.03
17:36:45     all    0.00   99.84    0.16    0.00    0.00    0.00    0.00    0.00    0.00    0.00
17:36:46     all    0.00   99.97    0.03    0.00    0.00    0.00    0.00    0.00    0.00    0.00
17:36:47     all    0.03   99.81    0.13    0.00    0.00    0.00    0.00    0.00    0.00    0.03
17:36:48     all    0.03   99.78    0.16    0.00    0.00    0.03    0.00    0.00    0.00    0.00
17:36:49     all    0.00   99.84    0.09    0.00    0.00    0.03    0.00    0.00    0.00    0.03
17:36:50     all    0.06   92.09    5.63    0.00    0.00    1.72    0.00    0.00    0.00    0.50
17:36:51     all    0.03   99.84    0.09    0.00    0.00    0.00    0.00    0.00    0.00    0.03
17:36:52     all    0.00   99.91    0.03    0.00    0.00    0.00    0.00    0.00    0.00    0.06
17:36:53     all    0.03   99.75    0.19    0.00    0.00    0.03    0.00    0.00    0.00    0.00
17:36:54     all    0.00   99.94    0.03    0.00    0.00    0.00    0.00    0.00    0.00    0.03
17:36:55     all    0.03   99.84    0.12    0.00    0.00    0.00    0.00    0.00    0.00    0.00
17:36:56     all    0.03   99.81    0.12    0.00    0.00    0.00    0.00    0.00    0.00    0.03
17:36:57     all    0.00   99.94    0.03    0.00    0.00    0.03    0.00    0.00    0.00    0.00
17:36:58     all    0.00   99.91    0.09    0.00    0.00    0.00    0.00    0.00    0.00    0.00
17:36:59     all    0.00   99.88    0.12    0.00    0.00    0.00    0.00    0.00    0.00    0.00
17:37:00     all    0.31   99.50    0.19    0.00    0.00    0.00    0.00    0.00    0.00    0.00
17:37:01     all    0.09   99.75    0.12    0.00    0.00    0.00    0.00    0.00    0.00    0.03
17:37:02     all    0.03   98.47    1.09    0.00    0.00    0.38    0.00    0.00    0.00    0.03
17:37:03     all    0.00   84.85   10.08    0.00    0.00    3.76    0.00    0.00    0.00    1.31
17:37:04     all    0.00   99.78    0.09    0.00    0.00    0.00    0.00    0.00    0.00    0.13
17:37:05     all    0.03   99.75    0.09    0.00    0.00    0.03    0.00    0.00    0.00    0.09
17:37:06     all    0.00  100.00    0.00    0.00    0.00    0.00    0.00    0.00    0.00    0.00
17:37:07     all    0.00   92.44    5.44    0.00    0.00    1.84    0.00    0.00    0.00    0.28
17:37:08     all    0.03   90.00    6.47    0.00    0.00    2.72    0.00    0.00    0.00    0.78
17:37:09     all    0.00   99.88    0.06    0.00    0.00    0.00    0.00    0.00    0.00    0.06
17:37:10     all    0.09   99.75    0.16    0.00    0.00    0.00    0.00    0.00    0.00    0.00
17:37:11     all    0.03   99.84    0.09    0.00    0.00    0.03    0.00    0.00    0.00    0.00
17:37:12     all    0.00   99.84    0.09    0.00    0.00    0.03    0.00    0.00    0.00    0.03
17:37:13     all    0.00   99.81    0.16    0.00    0.00    0.00    0.00    0.00    0.00    0.03
17:37:14     all    0.03   99.84    0.13    0.00    0.00    0.00    0.00    0.00    0.00    0.00
17:37:15     all    0.00   99.97    0.03    0.00    0.00    0.00    0.00    0.00    0.00    0.00
17:37:16     all    0.03   99.81    0.09    0.00    0.00    0.03    0.00    0.00    0.00    0.03
17:37:17     all    0.00   99.94    0.00    0.00    0.00    0.03    0.00    0.00    0.00    0.03
17:37:18     all    0.00   99.91    0.09    0.00    0.00    0.00    0.00    0.00    0.00    0.00
17:37:19     all    0.03   99.84    0.12    0.00    0.00    0.00    0.00    0.00    0.00    0.00
17:37:20     all    0.03   99.84    0.12    0.00    0.00    0.00    0.00    0.00    0.00    0.00
17:37:21     all    0.03   99.88    0.09    0.00    0.00    0.00    0.00    0.00    0.00    0.00
17:37:22     all    0.03   97.34    1.88    0.00    0.00    0.69    0.00    0.00    0.00    0.06
17:37:23     all    0.00   83.71   10.97    0.00    0.00    4.28    0.00    0.00    0.00    1.03
17:37:24     all    0.00   85.82    9.91    0.00    0.00    3.29    0.00    0.00    0.00    0.97
17:37:25     all    0.03   83.73   10.98    0.00    0.00    3.97    0.00    0.00    0.00    1.28
17:37:26     all    0.00   82.18   11.55    0.00    0.00    4.27    0.00    0.00    0.00    2.01
17:37:27     all    0.00   77.76   15.12    0.00    0.00    5.02    0.00    0.00    0.00    2.10
17:37:28     all    0.03   75.34   16.83    0.00    0.00    5.55    0.00    0.00    0.00    2.26
17:37:29     all    0.00   71.19   19.87    0.00    0.00    6.40    0.00    0.00    0.00    2.54
17:37:30     all    0.06   73.69   17.38    0.00    0.00    5.75    0.00    0.00    0.00    3.11
17:37:31     all    0.03   73.97   16.72    0.00    0.00    5.87    0.00    0.00    0.00    3.41
17:37:32     all    0.00   71.22   18.84    0.00    0.00    6.95    0.00    0.00    0.00    2.99
17:37:33     all    0.00   72.26   18.18    0.00    0.00    6.51    0.00    0.00    0.00    3.05
17:37:34     all    0.03   74.62   15.53    0.00    0.00    6.48    0.00    0.00    0.00    3.33
17:37:35     all    0.00   78.15   13.91    0.00    0.00    4.68    0.00    0.00    0.00    3.27
17:37:36     all    0.00   78.43   13.22    0.00    0.00    4.87    0.00    0.00    0.00    3.49
17:37:37     all    0.00   78.21   13.13    0.00    0.00    5.13    0.00    0.00    0.00    3.53
17:37:38     all    0.00   78.52   13.09    0.00    0.00    5.26    0.00    0.00    0.00    3.13
17:37:39     all    0.00   79.00   12.59    0.00    0.00    4.55    0.00    0.00    0.00    3.86
17:37:40     all    0.09   78.50   12.80    0.00    0.00    4.70    0.00    0.00    0.00    3.91
17:37:41     all    0.00   78.29   12.85    0.00    0.00    4.06    0.00    0.00    0.00    4.79
17:37:42     all    0.03   78.49   12.47    0.00    0.00    4.31    0.00    0.00    0.00    4.69
17:37:43     all    0.00   81.63   11.22    0.00    0.00    4.23    0.00    0.00    0.00    2.92
17:37:44     all    0.03   81.51   12.00    0.00    0.00    4.36    0.00    0.00    0.00    2.10
17:37:45     all    0.03   81.82   11.76    0.00    0.00    3.82    0.00    0.00    0.00    2.57
17:37:46     all    0.00   86.78    8.31    0.00    0.00    2.75    0.00    0.00    0.00    2.16
17:37:47     all    0.00   79.27   12.83    0.00    0.00    4.77    0.00    0.00    0.00    3.14
17:37:48     all    0.03   82.77   11.03    0.00    0.00    3.67    0.00    0.00    0.00    2.51
17:37:49     all    0.00   82.13   12.52    0.00    0.00    3.85    0.00    0.00    0.00    1.50
17:37:50     all    0.09   79.50   14.25    0.00    0.00    4.27    0.00    0.00    0.00    1.88
17:37:51     all    0.00   79.03   14.42    0.00    0.00    4.67    0.00    0.00    0.00    1.88
17:37:52     all    0.00   92.50    5.00    0.00    0.00    1.84    0.00    0.00    0.00    0.66
17:37:53     all    0.00   95.34    3.38    0.00    0.00    1.00    0.00    0.00    0.00    0.28
17:37:54     all    0.03   78.64   14.98    0.00    0.00    4.97    0.00    0.00    0.00    1.38
17:37:55     all    0.00   96.19    2.63    0.00    0.00    0.84    0.00    0.00    0.00    0.34
17:37:56     all    0.03   98.28    1.16    0.00    0.00    0.34    0.00    0.00    0.00    0.19
17:37:57     all    0.03   99.47    0.34    0.00    0.00    0.09    0.00    0.00    0.00    0.06
17:37:58     all    0.00   99.63    0.28    0.00    0.00    0.09    0.00    0.00    0.00    0.00
17:37:59     all    0.03   99.16    0.63    0.00    0.00    0.09    0.00    0.00    0.00    0.09
17:38:00     all    0.44   99.31    0.19    0.00    0.00    0.06    0.00    0.00    0.00    0.00
17:38:01     all    0.00   99.78    0.19    0.00    0.00    0.00    0.00    0.00    0.00    0.03
17:38:02     all    0.03   99.78    0.16    0.00    0.00    0.00    0.00    0.00    0.00    0.03
17:38:03     all    0.00   99.91    0.03    0.00    0.00    0.03    0.00    0.00    0.00    0.03
17:38:04     all    0.03   99.06    0.84    0.00    0.00    0.06    0.00    0.00    0.00    0.00
17:38:05     all    0.03   90.88    6.62    0.00    0.00    2.03    0.00    0.00    0.00    0.44
17:38:06     all    0.00   81.87   13.12    0.00    0.00    4.20    0.00    0.00    0.00    0.81
17:38:07     all    0.00   81.82   13.05    0.00    0.00    4.29    0.00    0.00    0.00    0.85
17:38:08     all    0.00   81.53   13.19    0.00    0.00    4.16    0.00    0.00    0.00    1.13
17:38:09     all    0.00   79.06   15.03    0.00    0.00    4.75    0.00    0.00    0.00    1.16
17:38:10     all    0.09   78.59   15.43    0.00    0.00    4.76    0.00    0.00    0.00    1.13
17:38:11     all    0.00   80.06   13.89    0.00    0.00    4.95    0.00    0.00    0.00    1.10
17:38:12     all    0.00   80.38   13.45    0.00    0.00    4.82    0.00    0.00    0.00    1.35
17:38:13     all    0.00   77.45   16.17    0.00    0.00    4.97    0.00    0.00    0.00    1.41
17:38:14     all    0.00   74.49   17.44    0.00    0.00    6.16    0.00    0.00    0.00    1.92
17:38:15     all    0.00   73.63   18.39    0.00    0.00    6.25    0.00    0.00    0.00    1.73
17:38:16     all    0.00   70.70   19.76    0.00    0.00    7.15    0.00    0.00    0.00    2.38
17:38:17     all    0.03   71.08   19.51    0.00    0.00    6.61    0.00    0.00    0.00    2.77
17:38:18     all    0.00   70.50   19.54    0.00    0.00    7.13    0.00    0.00    0.00    2.83
17:38:19     all    0.00   69.83   20.28    0.00    0.00    7.02    0.00    0.00    0.00    2.87
17:38:20     all    0.09   69.72   20.45    0.00    0.00    6.95    0.00    0.00    0.00    2.79
17:38:21     all    0.00   70.09   19.35    0.00    0.00    7.60    0.00    0.00    0.00    2.95
17:38:22     all    0.03   70.98   19.30    0.00    0.00    6.71    0.00    0.00    0.00    2.98
17:38:23     all    0.00   72.44   18.36    0.00    0.00    6.46    0.00    0.00    0.00    2.74
17:38:24     all    0.00   71.59   19.20    0.00    0.00    6.74    0.00    0.00    0.00    2.47
17:38:25     all    0.00   73.26   18.04    0.00    0.00    6.13    0.00    0.00    0.00    2.56
17:38:26     all    0.03   73.47   17.16    0.00    0.00    6.73    0.00    0.00    0.00    2.60
17:38:27     all    0.00   77.85   14.97    0.00    0.00    5.02    0.00    0.00    0.00    2.17
17:38:28     all    0.00   78.64   14.49    0.00    0.00    4.71    0.00    0.00    0.00    2.16
17:38:29     all    0.00   78.78   14.54    0.00    0.00    4.70    0.00    0.00    0.00    1.97
17:38:30     all    0.16   78.85   14.00    0.00    0.00    4.92    0.00    0.00    0.00    2.07
17:38:31     all    0.00   78.19   14.42    0.00    0.00    5.26    0.00    0.00    0.00    2.13
17:38:32     all    0.00   80.92   12.47    0.00    0.00    4.89    0.00    0.00    0.00    1.72
17:38:33     all    0.03   78.34   14.56    0.00    0.00    5.08    0.00    0.00    0.00    1.98
17:38:34     all    0.06   79.14   13.91    0.00    0.00    4.92    0.00    0.00    0.00    1.97
17:38:35     all    0.00   78.72   14.00    0.00    0.00    5.34    0.00    0.00    0.00    1.95
17:38:36     all    0.00   79.20   14.00    0.00    0.00    4.67    0.00    0.00    0.00    2.13
17:38:37     all    0.03   78.94   14.64    0.00    0.00    4.47    0.00    0.00    0.00    1.91
17:38:38     all    0.00   78.32   14.47    0.00    0.00    5.14    0.00    0.00    0.00    2.07
17:38:39     all    0.03   77.73   14.96    0.00    0.00    4.83    0.00    0.00    0.00    2.45
17:38:40     all    0.06   73.65   17.38    0.00    0.00    6.05    0.00    0.00    0.00    2.85
17:38:41     all    0.00   77.32   14.76    0.00    0.00    4.89    0.00    0.00    0.00    3.04
17:38:42     all    0.00   74.97   16.16    0.00    0.00    6.10    0.00    0.00    0.00    2.77
17:38:43     all    0.00   72.61   17.49    0.00    0.00    6.60    0.00    0.00    0.00    3.30
17:38:44     all    0.06   71.68   18.92    0.00    0.00    6.39    0.00    0.00    0.00    2.94
17:38:45     all    0.00   70.52   19.13    0.00    0.00    6.65    0.00    0.00    0.00    3.70
17:38:46     all    0.00   68.62   20.25    0.00    0.00    6.82    0.00    0.00    0.00    4.31
17:38:47     all    0.06   69.48   19.59    0.00    0.00    6.64    0.00    0.00    0.00    4.23
17:38:48     all    0.00   70.60   18.42    0.00    0.00    6.80    0.00    0.00    0.00    4.18
17:38:49     all    0.00   70.29   19.52    0.00    0.00    6.59    0.00    0.00    0.00    3.60
17:38:50     all    0.13   70.64   19.16    0.00    0.00    6.90    0.00    0.00    0.00    3.18
17:38:51     all    0.00   70.26   19.93    0.00    0.00    6.39    0.00    0.00    0.00    3.42
17:38:52     all    0.00   65.01   22.68    0.00    0.00    8.92    0.00    0.00    0.00    3.39
17:38:53     all    0.03   66.13   22.73    0.00    0.00    7.92    0.00    0.00    0.00    3.19
17:38:54     all    0.09   65.29   23.41    0.00    0.00    7.73    0.00    0.00    0.00    3.47
17:38:55     all    0.00   65.95   22.11    0.00    0.00    8.13    0.00    0.00    0.00    3.81
17:38:56     all    0.00   66.80   20.94    0.00    0.00    7.33    0.00    0.00    0.00    4.93
17:38:57     all    0.00   70.77   18.45    0.00    0.00    6.32    0.00    0.00    0.00    4.45
17:38:58     all    0.00   74.04   14.48    0.00    0.00    5.82    0.00    0.00    0.00    5.66
17:38:59     all    0.03   76.61   10.23    0.00    0.00    4.32    0.00    0.00    0.00    8.81
17:39:00     all    0.41   90.44    2.82    0.00    0.00    0.88    0.00    0.00    0.00    5.45
17:39:01     all    0.00   85.62    9.02    0.00    0.00    2.72    0.00    0.00    0.00    2.63
17:39:02     all    0.03   88.80    6.88    0.00    0.00    1.69    0.00    0.00    0.00    2.60
17:39:03     all    0.00   88.11    5.11    0.00    0.00    1.48    0.00    0.00    0.00    5.30
17:39:04     all    0.03   93.88    3.29    0.00    0.00    1.00    0.00    0.00    0.00    1.79
17:39:05     all    0.00   90.88    5.20    0.00    0.00    1.63    0.00    0.00    0.00    2.29
17:39:06     all    0.00   94.05    3.51    0.00    0.00    1.16    0.00    0.00    0.00    1.28
17:39:07     all    0.00   95.31    2.91    0.00    0.00    0.81    0.00    0.00    0.00    0.97
17:39:08     all    0.06   92.48    4.61    0.00    0.00    1.16    0.00    0.00    0.00    1.69
17:39:09     all    0.00   93.87    3.79    0.00    0.00    1.00    0.00    0.00    0.00    1.35
17:39:10     all    0.06   92.27    4.51    0.00    0.00    1.44    0.00    0.00    0.00    1.72
17:39:11     all    0.00   85.50    8.14    0.00    0.00    2.85    0.00    0.00    0.00    3.51
17:39:12     all    0.00   78.33   11.06    0.00    0.00    4.06    0.00    0.00    0.00    6.55
17:39:13     all    0.03   76.60   14.05    0.00    0.00    4.58    0.00    0.00    0.00    4.74
17:39:14     all    0.03   70.76   14.44    0.00    0.00    5.66    0.00    0.00    0.00    9.10
17:39:15     all    0.00   63.36   14.91    0.00    0.00    6.43    0.00    0.00    0.00   15.30
17:39:16     all    0.00   67.18   15.28    0.00    0.00    6.26    0.00    0.00    0.00   11.28
17:39:17     all    0.06   65.03   15.24    0.00    0.00    5.68    0.00    0.00    0.00   13.99
17:39:18     all    0.00   64.09   15.99    0.00    0.00    6.40    0.00    0.00    0.00   13.53
17:39:19     all    0.00   61.49   14.22    0.00    0.00    7.08    0.00    0.00    0.00   17.22
17:39:20     all    0.13   57.27   14.95    0.00    0.00    6.66    0.00    0.00    0.00   21.00
17:39:21     all    0.00   58.33   14.81    0.00    0.00    6.73    0.00    0.00    0.00   20.13
17:39:22     all    0.03   57.61   13.32    0.00    0.00    5.99    0.00    0.00    0.00   23.04
17:39:23     all    0.03   64.48   11.26    0.00    0.00    5.31    0.00    0.00    0.00   18.91
17:39:24     all    0.00   58.50   13.02    0.00    0.00    6.25    0.00    0.00    0.00   22.22
17:39:25     all    0.00   62.56   14.72    0.00    0.00    6.68    0.00    0.00    0.00   16.05
17:39:26     all    0.00   63.54   14.21    0.00    0.00    6.11    0.00    0.00    0.00   16.13
17:39:27     all    0.03   64.14   15.68    0.00    0.00    5.85    0.00    0.00    0.00   14.30
17:39:28     all    0.00   63.99   16.63    0.00    0.00    6.92    0.00    0.00    0.00   12.46
17:39:29     all    0.00   65.76   13.91    0.00    0.00    5.83    0.00    0.00    0.00   14.49
17:39:30     all    0.03   66.69   14.11    0.00    0.00    5.58    0.00    0.00    0.00   13.59
17:39:31     all    0.00   63.30   14.99    0.00    0.00    6.23    0.00    0.00    0.00   15.47
17:39:32     all    0.00   61.00   13.15    0.00    0.00    6.01    0.00    0.00    0.00   19.84
17:39:33     all    0.03   61.21   15.36    0.00    0.00    5.37    0.00    0.00    0.00   18.03
17:39:34     all    0.06   62.50   14.43    0.00    0.00    5.96    0.00    0.00    0.00   17.04
17:39:35     all    0.00   58.57   12.88    0.00    0.00    5.91    0.00    0.00    0.00   22.63
17:39:36     all    0.00   59.16   10.06    0.00    0.00    5.14    0.00    0.00    0.00   25.63
17:39:37     all    0.03   72.86   11.97    0.00    0.00    4.10    0.00    0.00    0.00   11.05
17:39:38     all    0.00   74.12   10.71    0.00    0.00    4.05    0.00    0.00    0.00   11.12
17:39:39     all    0.00   72.73   10.11    0.00    0.00    4.20    0.00    0.00    0.00   12.97
17:39:40     all    0.10   73.10   10.17    0.00    0.00    3.89    0.00    0.00    0.00   12.75
17:39:41     all    0.00   75.74   11.18    0.00    0.00    3.82    0.00    0.00    0.00    9.25
17:39:42     all    0.00   81.32    6.76    0.00    0.00    2.18    0.00    0.00    0.00    9.73
17:39:43     all    0.00   89.46    4.88    0.00    0.00    1.38    0.00    0.00    0.00    4.28
17:39:44     all    0.00   87.72    5.78    0.00    0.00    1.67    0.00    0.00    0.00    4.83
17:39:45     all    0.00   94.07    3.04    0.00    0.00    0.85    0.00    0.00    0.00    2.04
17:39:46     all    0.03   92.09    3.65    0.00    0.00    0.91    0.00    0.00    0.00    3.31
17:39:47     all    0.00   92.15    4.11    0.00    0.00    0.91    0.00    0.00    0.00    2.82
17:39:48     all    0.00   89.97    5.80    0.00    0.00    1.72    0.00    0.00    0.00    2.51
17:39:49     all    0.00   88.88    6.57    0.00    0.00    1.41    0.00    0.00    0.00    3.14
17:39:50     all    0.06   92.56    4.24    0.00    0.00    1.32    0.00    0.00    0.00    1.82
17:39:51     all    0.03   97.12    1.66    0.00    0.00    0.28    0.00    0.00    0.00    0.91
17:39:52     all    0.00   91.81    4.62    0.00    0.00    1.38    0.00    0.00    0.00    2.20
17:39:53     all    0.03   90.66    5.49    0.00    0.00    1.32    0.00    0.00    0.00    2.51
17:39:54     all    0.03   80.91    7.86    0.00    0.00    3.31    0.00    0.00    0.00    7.89
17:39:55     all    0.03   70.95    8.67    0.00    0.00    3.43    0.00    0.00    0.00   16.92
17:39:56     all    0.00   70.61    8.84    0.00    0.00    3.71    0.00    0.00    0.00   16.84
17:39:57     all    0.06   69.82    9.36    0.00    0.00    3.70    0.00    0.00    0.00   17.06
17:39:58     all    0.00   71.24   10.68    0.00    0.00    3.68    0.00    0.00    0.00   14.39
17:39:59     all    0.00   70.38    9.41    0.00    0.00    4.40    0.00    0.00    0.00   15.81
17:40:00     all    0.51   67.10   10.63    0.00    0.00    4.21    0.00    0.00    0.00   17.55
17:40:01     all    0.10   65.94   10.15    0.00    0.00    4.02    0.00    0.00    0.00   19.79
17:40:02     all    0.03   74.28   10.92    0.00    0.00    3.76    0.00    0.00    0.00   11.02
17:40:03     all    0.03   68.43    9.67    0.00    0.00    3.51    0.00    0.00    0.00   18.35
17:40:04     all    0.00   68.32    8.85    0.00    0.00    3.99    0.00    0.00    0.00   18.85
17:40:05     all    0.03   64.29    9.30    0.00    0.00    4.43    0.00    0.00    0.00   21.94
17:40:06     all    0.03   56.32    9.89    0.00    0.00    4.91    0.00    0.00    0.00   28.85
17:40:07     all    0.00   57.02    9.96    0.00    0.00    5.53    0.00    0.00    0.00   27.49
17:40:08     all    0.03   53.94   11.19    0.00    0.00    5.18    0.00    0.00    0.00   29.67
17:40:09     all    0.00   61.20    7.48    0.00    0.00    3.56    0.00    0.00    0.00   27.76
17:40:10     all    0.06   61.82    8.02    0.00    0.00    4.01    0.00    0.00    0.00   26.09
17:40:11     all    0.06   71.11    9.03    0.00    0.00    3.99    0.00    0.00    0.00   15.81
17:40:12     all    0.00   70.05    9.44    0.00    0.00    3.97    0.00    0.00    0.00   16.54
17:40:13     all    0.03   69.48   10.03    0.00    0.00    3.77    0.00    0.00    0.00   16.70
17:40:14     all    0.06   67.37    9.15    0.00    0.00    3.86    0.00    0.00    0.00   19.55
17:40:15     all    0.00   73.78    7.54    0.00    0.00    3.29    0.00    0.00    0.00   15.39
17:40:16     all    0.03   76.81    8.73    0.00    0.00    2.96    0.00    0.00    0.00   11.47
17:40:17     all    0.06   81.50    4.59    0.00    0.00    1.92    0.00    0.00    0.00   11.93
17:40:18     all    0.00   79.76    6.94    0.00    0.00    2.65    0.00    0.00    0.00   10.66
17:40:19     all    0.00   75.30    8.04    0.00    0.00    3.20    0.00    0.00    0.00   13.46
17:40:20     all    0.06   76.38    8.35    0.00    0.00    3.16    0.00    0.00    0.00   12.05
17:40:21     all    0.00   82.17    7.81    0.00    0.00    2.77    0.00    0.00    0.00    7.25
17:40:22     all    0.06   71.91    8.49    0.00    0.00    4.01    0.00    0.00    0.00   15.52
17:40:23     all    0.00   70.43    8.61    0.00    0.00    3.26    0.00    0.00    0.00   17.70
17:40:24     all    0.03   67.39    8.59    0.00    0.00    3.17    0.00    0.00    0.00   20.81
17:40:25     all    0.06   73.75   10.47    0.00    0.00    4.24    0.00    0.00    0.00   11.48
17:40:26     all    0.03   74.27   10.37    0.00    0.00    3.62    0.00    0.00    0.00   11.71
17:40:27     all    0.00   76.35    9.64    0.00    0.00    3.71    0.00    0.00    0.00   10.30
17:40:28     all    0.03   76.55    9.17    0.00    0.00    3.52    0.00    0.00    0.00   10.73
17:40:29     all    0.00   76.96    9.04    0.00    0.00    3.90    0.00    0.00    0.00   10.09
17:40:30     all    0.09   78.56    9.08    0.00    0.00    3.37    0.00    0.00    0.00    8.89
17:40:31     all    0.03   78.25   10.54    0.00    0.00    3.57    0.00    0.00    0.00    7.61
17:40:32     all    0.00   79.68   10.18    0.00    0.00    3.22    0.00    0.00    0.00    6.92
17:40:33     all    0.00   77.58   10.74    0.00    0.00    4.28    0.00    0.00    0.00    7.40
17:40:34     all    0.03   76.83   10.29    0.00    0.00    4.15    0.00    0.00    0.00    8.69
17:40:35     all    0.00   75.14    9.56    0.00    0.00    3.86    0.00    0.00    0.00   11.43
17:40:36     all    0.00   77.17   10.51    0.00    0.00    3.63    0.00    0.00    0.00    8.68
17:40:37     all    0.03   72.87    9.30    0.00    0.00    3.68    0.00    0.00    0.00   14.12
17:40:38     all    0.00   65.66    9.67    0.00    0.00    4.17    0.00    0.00    0.00   20.51
17:40:39     all    0.00   85.80    6.03    0.00    0.00    2.17    0.00    0.00    0.00    6.00
17:40:40     all    0.06   91.92    4.82    0.00    0.00    1.41    0.00    0.00    0.00    1.79
17:40:41     all    0.00   90.29    5.89    0.00    0.00    1.57    0.00    0.00    0.00    2.25
17:40:42     all    0.03   83.93    8.43    0.00    0.00    3.02    0.00    0.00    0.00    4.59
17:40:43     all    0.03   82.57   10.24    0.00    0.00    3.77    0.00    0.00    0.00    3.39
17:40:44     all    0.03   81.95   10.23    0.00    0.00    3.58    0.00    0.00    0.00    4.21
17:40:45     all    0.00   78.57   12.41    0.00    0.00    3.83    0.00    0.00    0.00    5.18
17:40:46     all    0.00   75.93   13.87    0.00    0.00    4.96    0.00    0.00    0.00    5.24
17:40:47     all    0.00   74.43   13.27    0.00    0.00    4.60    0.00    0.00    0.00    7.69
17:40:48     all    0.03   71.42   15.25    0.00    0.00    5.56    0.00    0.00    0.00    7.74
17:40:49     all    0.03   70.76   15.27    0.00    0.00    5.26    0.00    0.00    0.00    8.68
17:40:50     all    0.09   74.58   13.36    0.00    0.00    4.43    0.00    0.00    0.00    7.53
17:40:51     all    0.03   72.69   14.11    0.00    0.00    5.34    0.00    0.00    0.00    7.83
17:40:52     all    0.00   70.43   16.67    0.00    0.00    5.88    0.00    0.00    0.00    7.01
17:40:53     all    0.00   66.39   20.24    0.00    0.00    7.03    0.00    0.00    0.00    6.34
17:40:54     all    0.06   65.59   20.49    0.00    0.00    7.77    0.00    0.00    0.00    6.09
17:40:55     all    0.00   60.00   21.65    0.00    0.00    8.34    0.00    0.00    0.00   10.02
17:40:56     all    0.03   52.97   23.37    0.00    0.00    9.18    0.00    0.00    0.00   14.45
17:40:57     all    0.03   51.70   24.31    0.00    0.00    8.93    0.00    0.00    0.00   15.03
17:40:58     all    0.00   52.42   21.23    0.00    0.00    8.98    0.00    0.00    0.00   17.37
17:40:59     all    0.03   51.84   20.23    0.00    0.00    9.44    0.00    0.00    0.00   18.46
17:41:00     all    0.36   52.47   21.37    0.00    0.00    9.15    0.00    0.00    0.00   16.66
17:41:01     all    0.32   51.33   22.67    0.00    0.00    9.34    0.00    0.00    0.00   16.34
17:41:02     all    0.00   54.67   21.63    0.00    0.00    8.72    0.00    0.00    0.00   14.98
17:41:03     all    0.03   55.33   15.90    0.00    0.00    8.02    0.00    0.00    0.00   20.72
17:41:04     all    0.03   58.48   13.70    0.00    0.00    6.93    0.00    0.00    0.00   20.86
17:41:05     all    0.03   52.28   14.82    0.00    0.00    7.05    0.00    0.00    0.00   25.81
17:41:06     all    0.03   52.18   15.94    0.00    0.00    7.95    0.00    0.00    0.00   23.89
17:41:07     all    0.00   53.00   11.66    0.00    0.00    5.10    0.00    0.00    0.00   30.24
17:41:08     all    0.03   58.97   13.40    0.00    0.00    4.33    0.00    0.00    0.00   23.27
17:41:09     all    0.00   67.38   15.58    0.00    0.00    5.26    0.00    0.00    0.00   11.79
17:41:10     all    0.13   68.38   15.68    0.00    0.00    5.29    0.00    0.00    0.00   10.52
17:41:11     all    0.03   67.60   13.76    0.00    0.00    5.23    0.00    0.00    0.00   13.38
17:41:12     all    0.00   67.83   13.73    0.00    0.00    5.06    0.00    0.00    0.00   13.38
17:41:13     all    0.00   69.97    7.30    0.00    0.00    2.10    0.00    0.00    0.00   20.63
17:41:14     all    0.06   62.60    8.08    0.00    0.00    2.67    0.00    0.00    0.00   26.58
17:41:15     all    0.00   65.90    8.30    0.00    0.00    2.92    0.00    0.00    0.00   22.88
17:41:16     all    0.00   76.46    8.65    0.00    0.00    2.44    0.00    0.00    0.00   12.45
17:41:17     all    0.03   79.61    9.96    0.00    0.00    3.09    0.00    0.00    0.00    7.31
17:41:18     all    0.03   75.46   10.64    0.00    0.00    3.89    0.00    0.00    0.00    9.98
17:41:19     all    0.00   69.44   10.63    0.00    0.00    3.84    0.00    0.00    0.00   16.08
17:41:20     all    0.13   62.99   13.39    0.00    0.00    4.91    0.00    0.00    0.00   18.58
17:41:21     all    0.00   62.09   10.50    0.00    0.00    4.83    0.00    0.00    0.00   22.59
17:41:22     all    0.00   65.86   14.12    0.00    0.00    5.39    0.00    0.00    0.00   14.63
17:41:23     all    0.03   58.55   13.80    0.00    0.00    5.25    0.00    0.00    0.00   22.38
17:41:24     all    0.03   55.68   12.07    0.00    0.00    5.26    0.00    0.00    0.00   26.95
17:41:25     all    0.00   58.44   12.74    0.00    0.00    5.15    0.00    0.00    0.00   23.66
17:41:26     all    0.07   53.97   13.86    0.00    0.00    5.82    0.00    0.00    0.00   26.28
17:41:27     all    0.00   53.75   15.31    0.00    0.00    6.04    0.00    0.00    0.00   24.90
17:41:28     all    0.00   53.25   15.93    0.00    0.00    6.73    0.00    0.00    0.00   24.09
17:41:29     all    0.00   54.98   15.73    0.00    0.00    6.80    0.00    0.00    0.00   22.50
17:41:30     all    0.13   54.11   17.59    0.00    0.00    7.14    0.00    0.00    0.00   21.03
17:41:31     all    0.03   54.12   17.63    0.00    0.00    7.82    0.00    0.00    0.00   20.40
17:41:32     all    0.00   53.58   18.89    0.00    0.00    8.23    0.00    0.00    0.00   19.31
17:41:33     all    0.00   53.09   19.32    0.00    0.00    7.13    0.00    0.00    0.00   20.46
17:41:34     all    0.03   55.21   10.04    0.00    0.00    4.10    0.00    0.00    0.00   30.62
17:41:35     all    0.03   56.25    7.35    0.00    0.00    2.65    0.00    0.00    0.00   33.72
17:41:36     all    0.06   71.03   10.30    0.00    0.00    2.84    0.00    0.00    0.00   15.77
17:41:37     all    0.03   79.87   12.10    0.00    0.00    2.95    0.00    0.00    0.00    5.05
17:41:38     all    0.00   82.66   10.31    0.00    0.00    3.29    0.00    0.00    0.00    3.73
17:41:39     all    0.00   82.88    8.84    0.00    0.00    2.33    0.00    0.00    0.00    5.95
17:41:40     all    0.09   81.82    9.69    0.00    0.00    2.55    0.00    0.00    0.00    5.85
17:41:41     all    0.00   79.71    9.99    0.00    0.00    3.37    0.00    0.00    0.00    6.93
17:41:42     all    0.03   76.16   11.34    0.00    0.00    3.60    0.00    0.00    0.00    8.87
17:41:43     all    0.00   67.58   11.42    0.00    0.00    4.24    0.00    0.00    0.00   16.75
17:41:44     all    0.03   60.00   10.13    0.00    0.00    4.68    0.00    0.00    0.00   25.16
17:41:45     all    0.03   57.64   10.87    0.00    0.00    4.84    0.00    0.00    0.00   26.61
17:41:46     all    0.03   60.90    9.46    0.00    0.00    4.79    0.00    0.00    0.00   24.81
17:41:47     all    0.03   54.82   11.22    0.00    0.00    5.11    0.00    0.00    0.00   28.83
17:41:48     all    0.00   58.64    9.98    0.00    0.00    4.57    0.00    0.00    0.00   26.81
17:41:49     all    0.00   59.75   10.14    0.00    0.00    4.60    0.00    0.00    0.00   25.52
17:41:50     all    0.06   56.48   10.33    0.00    0.00    4.73    0.00    0.00    0.00   28.40
17:41:51     all    0.03   66.66    8.03    0.00    0.00    2.67    0.00    0.00    0.00   22.61
17:41:52     all    0.00   76.96    9.99    0.00    0.00    2.97    0.00    0.00    0.00   10.08
17:41:53     all    0.03   68.43    8.59    0.00    0.00    2.71    0.00    0.00    0.00   20.24
17:41:54     all    0.06   75.62    8.64    0.00    0.00    2.41    0.00    0.00    0.00   13.27
17:41:55     all    0.00   80.83    9.08    0.00    0.00    2.90    0.00    0.00    0.00    7.19
17:41:56     all    0.00   79.62   10.39    0.00    0.00    2.97    0.00    0.00    0.00    7.01
17:41:57     all    0.03   74.98   10.04    0.00    0.00    3.56    0.00    0.00    0.00   11.39
17:41:58     all    0.00   75.33   10.13    0.00    0.00    3.75    0.00    0.00    0.00   10.79
17:41:59     all    0.03   75.25   11.23    0.00    0.00    4.65    0.00    0.00    0.00    8.83
17:42:00     all    0.38   71.18   14.63    0.00    0.00    5.41    0.00    0.00    0.00    8.39
17:42:01     all    0.32   69.43   16.22    0.00    0.00    5.96    0.00    0.00    0.00    8.08
17:42:02     all    0.03   68.60   15.95    0.00    0.00    5.33    0.00    0.00    0.00   10.08
17:42:03     all    0.03   55.77   12.05    0.00    0.00    5.14    0.00    0.00    0.00   27.02
17:42:04     all    0.00   56.06    8.21    0.00    0.00    4.35    0.00    0.00    0.00   31.38
17:42:05     all    0.00   56.45   10.94    0.00    0.00    4.45    0.00    0.00    0.00   28.16
17:42:06     all    0.00   51.88   10.41    0.00    0.00    5.09    0.00    0.00    0.00   32.62
17:42:07     all    0.03   52.81   10.98    0.00    0.00    4.90    0.00    0.00    0.00   31.28
17:42:08     all    0.00   52.79    9.86    0.00    0.00    5.45    0.00    0.00    0.00   31.89
17:42:09     all    0.00   53.36   10.90    0.00    0.00    5.06    0.00    0.00    0.00   30.68
17:42:10     all    0.06   54.09   12.48    0.00    0.00    4.86    0.00    0.00    0.00   28.51
17:42:11     all    0.03   55.46   12.93    0.00    0.00    5.19    0.00    0.00    0.00   26.39
17:42:12     all    0.00   53.15   11.79    0.00    0.00    4.78    0.00    0.00    0.00   30.28
17:42:13     all    0.00   50.24   11.39    0.00    0.00    5.18    0.00    0.00    0.00   33.18
17:42:14     all    0.06   48.87   12.12    0.00    0.00    6.00    0.00    0.00    0.00   32.95
17:42:15     all    0.00   52.08    6.97    0.00    0.00    2.66    0.00    0.00    0.00   38.29
17:42:16     all    0.06   53.07    6.53    0.00    0.00    2.18    0.00    0.00    0.00   38.16
17:42:17     all    0.03   53.02    6.61    0.00    0.00    2.57    0.00    0.00    0.00   37.77
17:42:18     all    0.00   54.21    6.45    0.00    0.00    2.29    0.00    0.00    0.00   37.04
17:42:19     all    0.00   56.36    6.54    0.00    0.00    2.58    0.00    0.00    0.00   34.51
17:42:20     all    0.19   53.10    7.60    0.00    0.00    3.07    0.00    0.00    0.00   36.04
17:42:21     all    0.00   56.47    6.58    0.00    0.00    2.78    0.00    0.00    0.00   34.17
17:42:22     all    0.03   52.67    7.59    0.00    0.00    3.55    0.00    0.00    0.00   36.15
17:42:23     all    0.03   31.78    9.11    0.00    0.00    4.31    0.00    0.00    0.00   54.76
17:42:24     all    0.00   18.17    9.81    0.00    0.00    4.95    0.00    0.00    0.00   67.07
17:42:25     all    0.03   16.88   10.18    0.00    0.00    5.68    0.00    0.00    0.00   67.23
17:42:26     all    0.00    8.33    9.56    0.00    0.00    4.70    0.00    0.00    0.00   77.41
17:42:27     all    0.00   19.74    5.66    0.00    0.00    2.62    0.00    0.00    0.00   71.98
17:42:28     all    0.00   40.22    6.59    0.00    0.00    2.70    0.00    0.00    0.00   50.49
17:42:29     all    0.00   39.19    6.14    0.00    0.00    2.27    0.00    0.00    0.00   52.40
17:42:30     all    0.10   35.98    6.61    0.00    0.00    2.54    0.00    0.00    0.00   54.78
17:42:31     all    0.00   40.61    5.47    0.00    0.00    2.43    0.00    0.00    0.00   51.49
17:42:32     all    0.00   38.28    6.30    0.00    0.00    2.16    0.00    0.00    0.00   53.26
17:42:33     all    0.00   43.02    5.84    0.00    0.00    2.02    0.00    0.00    0.00   49.12
17:42:34     all    0.00   42.14    6.03    0.00    0.00    2.46    0.00    0.00    0.00   49.38

Average:     all    0.03   51.89   10.33    0.00    0.00    3.41    0.00    0.00    0.00   34.35
