Linux 4.20.0+ (eternitystorage) 	01/16/24 	_x86_64_	(32 CPU)

02:08:06     CPU    %usr   %nice    %sys %iowait    %irq   %soft  %steal  %guest  %gnice   %idle
02:08:07     all    0.00    0.00    0.06    0.00    0.00    0.00    0.00    0.00    0.00   99.94
02:08:08     all    0.00    0.00    0.00    0.00    0.00    0.00    0.00    0.00    0.00  100.00
02:08:09     all    0.00    0.00    0.00    0.00    0.00    0.00    0.00    0.00    0.00  100.00
02:08:10     all    0.09    0.00    0.09    0.00    0.00    0.00    0.00    0.00    0.00   99.81
02:08:11     all    0.00    0.00    0.75    0.00    0.00    0.00    0.00    0.00    0.00   99.25
02:08:12     all    0.00    0.00    1.38    0.00    0.00    0.13    0.00    0.00    0.00   98.50
02:08:13     all    0.00    0.00    2.36    0.00    0.00    0.03    0.00    0.00    0.00   97.61
02:08:14     all    0.00    0.00    3.25    0.00    0.00    0.28    0.00    0.00    0.00   96.47
02:08:15     all    0.00    0.00    3.78    0.00    0.00    0.31    0.00    0.00    0.00   95.91
02:08:16     all    0.00    0.00    4.28    0.00    0.00    0.28    0.00    0.00    0.00   95.44
02:08:17     all    0.03    0.00    3.92    0.00    0.00    0.32    0.00    0.00    0.00   95.74
02:08:18     all    0.03    0.00    4.31    0.00    0.00    0.28    0.00    0.00    0.00   95.38
02:08:19     all    0.00    0.00    4.46    0.00    0.00    0.19    0.00    0.00    0.00   95.35
02:08:20     all    0.06    0.00    4.22    0.00    0.00    0.38    0.00    0.00    0.00   95.34
02:08:21     all    0.00    0.00    4.24    0.00    0.00    0.56    0.00    0.00    0.00   95.20
02:08:22     all    0.00    0.00    3.96    0.00    0.00    0.57    0.00    0.00    0.00   95.47
02:08:23     all    0.00    0.00    4.15    0.00    0.00    0.50    0.00    0.00    0.00   95.35
02:08:24     all    0.00    0.00    4.15    0.00    0.00    0.60    0.00    0.00    0.00   95.26
02:08:25     all    0.00    0.00    4.10    0.00    0.00    0.22    0.00    0.00    0.00   95.68
02:08:26     all    0.00    0.00    4.13    0.00    0.00    0.19    0.00    0.00    0.00   95.69
02:08:27     all    0.03    0.00    3.76    0.00    0.00    0.38    0.00    0.00    0.00   95.83
02:08:28     all    0.19    0.00    4.09    0.00    0.00    0.25    0.00    0.00    0.00   95.47
02:08:29     all    0.00    0.00    3.92    0.00    0.00    0.22    0.00    0.00    0.00   95.86
02:08:30     all    0.06    0.00    4.40    0.00    0.00    0.28    0.00    0.00    0.00   95.26
02:08:31     all    0.00    0.00    3.82    0.00    0.00    0.25    0.00    0.00    0.00   95.93
02:08:32     all    0.00    0.00    3.85    0.00    0.00    0.35    0.00    0.00    0.00   95.80
02:08:33     all    0.00    0.00    3.98    0.00    0.00    0.22    0.00    0.00    0.00   95.80
02:08:34     all    0.00    0.00    4.21    0.00    0.00    0.25    0.00    0.00    0.00   95.54
02:08:35     all    0.00    0.00    4.24    0.00    0.00    0.38    0.00    0.00    0.00   95.38
02:08:36     all    0.00    0.00    4.12    0.00    0.00    0.41    0.00    0.00    0.00   95.47
02:08:37     all    0.00    0.00    4.22    0.00    0.00    0.28    0.00    0.00    0.00   95.50
02:08:38     all    0.00    0.00    3.88    0.00    0.00    0.35    0.00    0.00    0.00   95.77
02:08:39     all    0.00    0.00    3.98    0.00    0.00    0.16    0.00    0.00    0.00   95.86
02:08:40     all    0.06    0.00    4.28    0.00    0.00    0.38    0.00    0.00    0.00   95.28
02:08:41     all    0.00    0.00    4.15    0.00    0.00    0.31    0.00    0.00    0.00   95.53
02:08:42     all    0.00    0.00    3.97    0.00    0.00    0.32    0.00    0.00    0.00   95.71
02:08:43     all    0.00    0.00    4.00    0.00    0.00    0.32    0.00    0.00    0.00   95.68
02:08:44     all    0.03    0.00    4.15    0.00    0.00    0.38    0.00    0.00    0.00   95.44
02:08:45     all    0.00    0.00    4.10    0.00    0.00    0.25    0.00    0.00    0.00   95.65
02:08:46     all    0.00    0.00    4.12    0.00    0.00    0.35    0.00    0.00    0.00   95.53
02:08:47     all    0.03    0.00    4.09    0.00    0.00    0.28    0.00    0.00    0.00   95.59
02:08:48     all    0.00    0.00    3.72    0.00    0.00    0.41    0.00    0.00    0.00   95.86
02:08:49     all    0.00    0.00    4.12    0.00    0.00    0.31    0.00    0.00    0.00   95.56
02:08:50     all    0.09    0.00    4.04    0.00    0.00    0.32    0.00    0.00    0.00   95.55
02:08:51     all    0.00    0.00    3.67    0.00    0.00    0.25    0.00    0.00    0.00   96.08
02:08:52     all    0.00    0.00    3.94    0.00    0.00    0.19    0.00    0.00    0.00   95.87
02:08:53     all    0.03    0.00    3.97    0.00    0.00    0.22    0.00    0.00    0.00   95.78
02:08:54     all    0.00    0.00    4.12    0.00    0.00    0.25    0.00    0.00    0.00   95.62
02:08:55     all    0.00    0.00    4.12    0.00    0.00    0.25    0.00    0.00    0.00   95.63
02:08:56     all    0.00    0.00    4.28    0.00    0.00    0.22    0.00    0.00    0.00   95.50
02:08:57     all    0.00    0.00    3.94    0.00    0.00    0.25    0.00    0.00    0.00   95.80
02:08:58     all    0.00    0.00    3.94    0.00    0.00    0.25    0.00    0.00    0.00   95.81
02:08:59     all    0.00    0.00    4.43    0.00    0.00    0.25    0.00    0.00    0.00   95.32
02:09:00     all    0.60    0.00    4.61    0.00    0.00    0.41    0.00    0.00    0.00   94.39
02:09:01     all    0.00    0.00    3.75    0.00    0.00    0.38    0.00    0.00    0.00   95.87
02:09:02     all    0.00    0.00    3.84    0.00    0.00    0.25    0.00    0.00    0.00   95.90
02:09:03     all    0.00    0.00    4.17    0.00    0.00    0.38    0.00    0.00    0.00   95.45
02:09:04     all    0.00    0.00    4.03    0.00    0.00    0.28    0.00    0.00    0.00   95.68
02:09:05     all    0.00    0.00    4.22    0.00    0.00    0.25    0.00    0.00    0.00   95.53
02:09:06     all    0.00    0.00    3.97    0.00    0.00    0.41    0.00    0.00    0.00   95.62
02:09:07     all    0.03    0.00    4.28    0.00    0.00    0.19    0.00    0.00    0.00   95.50
02:09:08     all    0.00    0.00    3.94    0.00    0.00    0.32    0.00    0.00    0.00   95.74
02:09:09     all    0.00    0.00    4.13    0.00    0.00    0.28    0.00    0.00    0.00   95.59
02:09:10     all    0.06    0.00    4.28    0.00    0.00    0.25    0.00    0.00    0.00   95.40
02:09:11     all    0.00    0.00    4.01    0.00    0.00    0.28    0.00    0.00    0.00   95.71
02:09:12     all    0.00    0.00    4.12    0.00    0.00    0.38    0.00    0.00    0.00   95.50
02:09:13     all    0.00    0.00    4.52    0.00    0.00    0.19    0.00    0.00    0.00   95.29
02:09:14     all    0.00    0.00    4.30    0.00    0.00    0.35    0.00    0.00    0.00   95.35
02:09:15     all    0.00    0.00    4.16    0.00    0.00    0.25    0.00    0.00    0.00   95.59
02:09:16     all    0.00    0.00    3.97    0.00    0.00    0.28    0.00    0.00    0.00   95.74
02:09:17     all    0.03    0.00    4.13    0.00    0.00    0.22    0.00    0.00    0.00   95.62
02:09:18     all    0.00    0.00    3.78    0.00    0.00    0.35    0.00    0.00    0.00   95.87
02:09:19     all    0.00    0.00    4.37    0.00    0.00    0.28    0.00    0.00    0.00   95.35
02:09:20     all    0.09    0.00    4.01    0.00    0.00    0.19    0.00    0.00    0.00   95.71
02:09:21     all    0.00    0.00    4.40    0.00    0.00    0.25    0.00    0.00    0.00   95.35
02:09:22     all    0.00    0.00    3.79    0.00    0.00    0.25    0.00    0.00    0.00   95.95
02:09:23     all    0.00    0.00    4.25    0.00    0.00    0.19    0.00    0.00    0.00   95.56
02:09:24     all    0.00    0.00    3.88    0.00    0.00    0.32    0.00    0.00    0.00   95.80
02:09:25     all    0.00    0.00    3.97    0.00    0.00    0.28    0.00    0.00    0.00   95.74
02:09:26     all    0.00    0.00    4.15    0.00    0.00    0.28    0.00    0.00    0.00   95.56
02:09:27     all    0.03    0.00    4.07    0.00    0.00    0.25    0.00    0.00    0.00   95.65
02:09:28     all    0.00    0.00    3.88    0.00    0.00    0.25    0.00    0.00    0.00   95.86
02:09:29     all    0.00    0.00    4.22    0.00    0.00    0.25    0.00    0.00    0.00   95.53
02:09:30     all    0.03    0.00    3.68    0.00    0.00    0.19    0.00    0.00    0.00   96.10
02:09:31     all    0.00    0.00    4.33    0.00    0.00    0.28    0.00    0.00    0.00   95.39
02:09:32     all    0.00    0.00    4.12    0.00    0.00    0.28    0.00    0.00    0.00   95.59
02:09:33     all    0.00    0.00    4.10    0.00    0.00    0.22    0.00    0.00    0.00   95.68
02:09:34     all    0.00    0.00    3.70    0.00    0.00    0.25    0.00    0.00    0.00   96.05
02:09:35     all    0.44    0.00    4.50    0.28    0.00    0.28    0.00    0.00    0.00   94.49
02:09:36     all    0.88    0.00    4.04    0.16    0.00    0.38    0.00    0.00    0.00   94.54
02:09:37     all    1.57    0.00    5.09    0.47    0.00    0.63    0.00    0.00    0.00   92.24
02:09:38     all    1.00    0.00    5.23    0.00    0.00    0.66    0.00    0.00    0.00   93.11
02:09:39     all    1.07    0.00    4.52    0.28    0.00    0.57    0.00    0.00    0.00   93.56
02:09:40     all    2.64    0.00    4.28    0.06    0.00    0.41    0.00    0.00    0.00   92.61
02:09:41     all    1.82    0.00    4.43    0.57    0.00    0.35    0.00    0.00    0.00   92.84
02:09:42     all    1.77    0.00    4.19    0.57    0.00    0.25    0.00    0.00    0.00   93.22
02:09:43     all    0.38    0.00    4.46    0.00    0.00    0.41    0.00    0.00    0.00   94.76
02:09:44     all    0.00    0.00    4.33    0.00    0.00    0.38    0.00    0.00    0.00   95.29
02:09:45     all    0.00    0.00    3.96    0.00    0.00    0.38    0.00    0.00    0.00   95.66
02:09:46     all    0.00    0.00    4.03    0.00    0.00    0.32    0.00    0.00    0.00   95.65
02:09:47     all    0.06    0.00    3.97    0.00    0.00    0.41    0.00    0.00    0.00   95.56
02:09:48     all    0.00    0.00    4.34    0.00    0.00    0.28    0.00    0.00    0.00   95.38
02:09:49     all    0.00    0.00    3.94    0.00    0.00    0.25    0.00    0.00    0.00   95.80
02:09:50     all    0.06    0.03    4.34    0.00    0.00    0.28    0.00    0.00    0.00   95.28
02:09:51     all    0.00    0.00    3.88    0.00    0.00    0.38    0.00    0.00    0.00   95.74
02:09:52     all    0.00    0.00    4.07    0.00    0.00    0.25    0.00    0.00    0.00   95.68
02:09:53     all    0.00    0.00    4.37    0.00    0.00    0.25    0.00    0.00    0.00   95.38
02:09:54     all    0.00    0.00    4.15    0.00    0.00    0.25    0.00    0.00    0.00   95.59
02:09:55     all    0.00    0.00    4.21    0.00    0.00    0.35    0.00    0.00    0.00   95.44
02:09:56     all    0.00    0.00    4.25    0.00    0.00    0.22    0.00    0.00    0.00   95.53
02:09:57     all    0.22    0.00    3.82    0.00    0.00    0.25    0.00    0.00    0.00   95.71
02:09:58     all    0.00    0.00    3.89    0.00    0.00    0.19    0.00    0.00    0.00   95.93
02:09:59     all    0.00    0.00    4.07    0.00    0.00    0.22    0.00    0.00    0.00   95.71
02:10:00     all    0.60    0.00    4.30    0.00    0.00    0.47    0.00    0.00    0.00   94.63
02:10:01     all    0.00    0.00    4.06    0.00    0.00    0.28    0.00    0.00    0.00   95.65
02:10:02     all    0.00    0.00    4.18    0.00    0.00    0.28    0.00    0.00    0.00   95.53
02:10:03     all    0.00    0.00    4.12    0.00    0.00    0.25    0.00    0.00    0.00   95.63
02:10:04     all    0.00    0.00    4.09    0.00    0.00    0.35    0.00    0.00    0.00   95.56
02:10:05     all    0.00    0.00    4.14    0.00    0.00    0.47    0.00    0.00    0.00   95.39
02:10:06     all    0.00    0.00    4.33    0.00    0.00    0.41    0.00    0.00    0.00   95.27
02:10:07     all    0.03    0.00    4.06    0.00    0.00    0.22    0.00    0.00    0.00   95.69
02:10:08     all    0.00    0.00    3.94    0.00    0.00    0.25    0.00    0.00    0.00   95.81
02:10:09     all    0.00    0.00    4.20    0.00    0.00    0.47    0.00    0.00    0.00   95.33
02:10:10     all    0.06    0.00    4.27    0.00    0.00    0.47    0.00    0.00    0.00   95.20
02:10:11     all    0.00    0.00    3.99    0.00    0.00    0.50    0.00    0.00    0.00   95.51
02:10:12     all    0.00    0.00    4.00    0.00    0.00    0.35    0.00    0.00    0.00   95.65
02:10:13     all    0.00    0.00    3.94    0.00    0.00    0.35    0.00    0.00    0.00   95.71
02:10:14     all    0.00    0.00    4.27    0.00    0.00    0.31    0.00    0.00    0.00   95.41
02:10:15     all    0.00    0.00    4.40    0.00    0.00    0.35    0.00    0.00    0.00   95.26
02:10:16     all    0.00    0.00    4.33    0.00    0.00    0.38    0.00    0.00    0.00   95.29
02:10:17     all    0.00    0.00    4.16    0.00    0.00    0.28    0.00    0.00    0.00   95.56
02:10:18     all    0.00    0.00    4.45    0.00    0.00    0.41    0.00    0.00    0.00   95.14
02:10:19     all    0.00    0.00    4.24    0.00    0.00    0.35    0.00    0.00    0.00   95.41
02:10:20     all    0.09    0.00    4.03    0.00    0.00    0.38    0.00    0.00    0.00   95.49
02:10:21     all    0.00    0.03    4.58    0.00    0.00    0.25    0.00    0.00    0.00   95.14
02:10:22     all    0.03    0.00    4.16    0.00    0.00    0.22    0.00    0.00    0.00   95.59
02:10:23     all    0.00    0.00    3.72    0.00    0.00    0.28    0.00    0.00    0.00   95.99
02:10:24     all    0.03    0.00    3.97    0.00    0.00    0.25    0.00    0.00    0.00   95.75
02:10:25     all    0.00    0.00    3.82    0.00    0.00    0.32    0.00    0.00    0.00   95.87
02:10:26     all    0.00    0.00    3.82    0.00    0.00    0.32    0.00    0.00    0.00   95.86
02:10:27     all    0.00    0.00    4.06    0.00    0.00    0.35    0.00    0.00    0.00   95.59
02:10:28     all    0.00    0.00    3.70    0.00    0.00    0.28    0.00    0.00    0.00   96.02
02:10:29     all    0.00    0.00    3.82    0.00    0.00    0.25    0.00    0.00    0.00   95.93
02:10:30     all    0.06    0.00    3.95    0.00    0.00    0.28    0.00    0.00    0.00   95.71
02:10:31     all    0.00    0.03    3.91    0.00    0.00    0.35    0.00    0.00    0.00   95.71
02:10:32     all    0.22    0.00    4.15    0.00    0.00    0.25    0.00    0.00    0.00   95.37
02:10:33     all    0.00    0.00    3.97    0.00    0.00    0.28    0.00    0.00    0.00   95.75
02:10:34     all    0.00    0.00    3.82    0.00    0.00    0.32    0.00    0.00    0.00   95.86
02:10:35     all    0.00    0.00    3.88    0.00    0.00    0.38    0.00    0.00    0.00   95.75
02:10:36     all    0.00    0.00    4.22    0.00    0.00    0.22    0.00    0.00    0.00   95.56
02:10:37     all    0.03    0.00    4.15    0.00    0.00    0.41    0.00    0.00    0.00   95.41
02:10:38     all    0.00    0.00    4.24    0.00    0.00    0.41    0.00    0.00    0.00   95.35
02:10:39     all    0.03    0.00    4.12    0.00    0.00    0.25    0.00    0.00    0.00   95.59
02:10:40     all    0.03    0.00    3.88    0.00    0.00    0.25    0.00    0.00    0.00   95.84
02:10:41     all    0.00    0.00    4.22    0.00    0.00    0.22    0.00    0.00    0.00   95.56
02:10:42     all    0.00    0.00    4.21    0.00    0.00    0.35    0.00    0.00    0.00   95.44
02:10:43     all    0.00    0.00    3.94    0.00    0.00    0.32    0.00    0.00    0.00   95.74
02:10:44     all    0.00    0.00    4.18    0.00    0.00    0.28    0.00    0.00    0.00   95.53
02:10:45     all    0.00    0.00    3.76    0.00    0.00    0.19    0.00    0.00    0.00   96.05
02:10:46     all    0.00    0.00    4.19    0.00    0.00    0.28    0.00    0.00    0.00   95.53
02:10:47     all    0.00    0.00    4.06    0.00    0.00    0.32    0.00    0.00    0.00   95.62
02:10:48     all    0.00    0.00    4.04    0.00    0.00    0.25    0.00    0.00    0.00   95.71
02:10:49     all    0.00    0.00    4.33    0.00    0.00    0.38    0.00    0.00    0.00   95.29
02:10:50     all    0.06    0.00    4.08    0.00    0.00    0.57    0.00    0.00    0.00   95.29
02:10:51     all    0.00    0.00    4.29    0.00    0.00    0.60    0.00    0.00    0.00   95.11
02:10:52     all    0.00    0.00    3.99    0.00    0.00    0.47    0.00    0.00    0.00   95.53
02:10:53     all    0.00    0.00    3.95    0.00    0.00    0.72    0.00    0.00    0.00   95.32
02:10:54     all    0.00    0.00    4.26    0.00    0.00    0.56    0.00    0.00    0.00   95.17
02:10:55     all    0.00    0.00    4.42    0.00    0.00    0.41    0.00    0.00    0.00   95.17
02:10:56     all    0.03    0.00    3.84    0.00    0.00    0.54    0.00    0.00    0.00   95.59
02:10:57     all    0.00    0.00    4.12    0.00    0.00    0.44    0.00    0.00    0.00   95.44
02:10:58     all    0.00    0.00    4.09    0.00    0.00    0.47    0.00    0.00    0.00   95.44
02:10:59     all    0.00    0.00    4.27    0.00    0.00    0.47    0.00    0.00    0.00   95.26
02:11:00     all    0.60    0.00    4.21    0.00    0.00    0.69    0.00    0.00    0.00   94.51
02:11:01     all    0.00    0.00    4.17    0.00    0.00    0.66    0.00    0.00    0.00   95.17
02:11:02     all    0.00    0.00    4.20    0.00    0.00    0.63    0.00    0.00    0.00   95.17
02:11:03     all    0.00    0.00    4.11    0.00    0.00    0.57    0.00    0.00    0.00   95.32
02:11:04     all    0.00    0.00    4.39    0.00    0.00    0.50    0.00    0.00    0.00   95.11
02:11:05     all    0.00    0.00    4.06    0.00    0.00    0.31    0.00    0.00    0.00   95.62
02:11:06     all    0.00    0.00    3.70    0.00    0.00    0.32    0.00    0.00    0.00   95.98
02:11:07     all    0.00    0.00    4.22    0.00    0.00    0.31    0.00    0.00    0.00   95.47
02:11:08     all    0.00    0.00    4.15    0.00    0.00    0.31    0.00    0.00    0.00   95.53
02:11:09     all    0.00    0.00    4.27    0.00    0.00    0.28    0.00    0.00    0.00   95.44
02:11:10     all    0.09    0.00    4.31    0.00    0.00    0.28    0.00    0.00    0.00   95.32
02:11:11     all    0.00    0.00    4.21    0.00    0.00    0.31    0.00    0.00    0.00   95.47
02:11:12     all    0.00    0.00    4.00    0.00    0.00    0.35    0.00    0.00    0.00   95.65
02:11:13     all    0.00    0.00    4.45    0.00    0.00    0.41    0.00    0.00    0.00   95.14
02:11:14     all    0.00    0.00    4.18    0.00    0.00    0.31    0.00    0.00    0.00   95.50
02:11:15     all    0.00    0.00    3.91    0.00    0.00    0.28    0.00    0.00    0.00   95.80
02:11:16     all    0.00    0.00    3.94    0.00    0.00    0.38    0.00    0.00    0.00   95.68
02:11:17     all    0.03    0.00    4.25    0.00    0.00    0.28    0.00    0.00    0.00   95.44
02:11:18     all    0.00    0.00    3.97    0.00    0.00    0.28    0.00    0.00    0.00   95.74
02:11:19     all    0.00    0.00    4.12    0.00    0.00    0.35    0.00    0.00    0.00   95.54
02:11:20     all    0.06    0.00    4.19    0.00    0.00    0.19    0.00    0.00    0.00   95.56
02:11:21     all    0.00    0.00    4.21    0.00    0.00    0.28    0.00    0.00    0.00   95.50
02:11:22     all    0.00    0.00    4.30    0.00    0.00    0.38    0.00    0.00    0.00   95.32
02:11:23     all    0.00    0.00    3.97    0.00    0.00    0.32    0.00    0.00    0.00   95.71
02:11:24     all    0.00    0.00    3.88    0.00    0.00    0.35    0.00    0.00    0.00   95.77
02:11:25     all    0.00    0.00    4.25    0.00    0.00    0.25    0.00    0.00    0.00   95.50
02:11:26     all    0.00    0.00    4.10    0.00    0.00    0.25    0.00    0.00    0.00   95.65
02:11:27     all    0.03    0.00    3.73    0.00    0.00    0.32    0.00    0.00    0.00   95.92
02:11:28     all    0.00    0.00    4.21    0.00    0.00    0.38    0.00    0.00    0.00   95.41
02:11:29     all    0.00    0.00    4.12    0.00    0.00    0.22    0.00    0.00    0.00   95.66
02:11:30     all    0.03    0.00    4.88    0.00    0.00    0.25    0.00    0.00    0.00   94.84
02:11:31     all    0.00    0.00    4.12    0.00    0.00    0.31    0.00    0.00    0.00   95.56
02:11:32     all    0.00    0.00    3.85    0.00    0.00    0.22    0.00    0.00    0.00   95.92
02:11:33     all    0.00    0.00    3.91    0.00    0.00    0.32    0.00    0.00    0.00   95.77
02:11:34     all    0.00    0.00    4.28    0.00    0.00    0.25    0.00    0.00    0.00   95.47
02:11:35     all    0.03    0.00    4.30    0.00    0.00    0.31    0.00    0.00    0.00   95.35
02:11:36     all    0.00    0.00    4.00    0.00    0.00    0.22    0.00    0.00    0.00   95.78
02:11:37     all    0.00    0.00    3.77    0.00    0.00    0.22    0.00    0.00    0.00   96.01
02:11:38     all    0.00    0.00    4.23    0.00    0.00    1.17    0.00    0.00    0.00   94.60
02:11:39     all    0.00    0.00    6.55    0.00    0.00    3.66    0.00    0.00    0.00   89.79
02:11:40     all    0.10    3.00    7.22    0.00    0.00    3.13    0.00    0.00    0.00   86.55
02:11:41     all    0.00   11.72   12.17    0.00    0.00    6.01    0.00    0.00    0.00   70.10
02:11:42     all    0.00   12.77   12.23    0.00    0.00    4.90    0.00    0.00    0.00   70.10
02:11:43     all    0.00   11.11   16.45    0.00    0.00    5.65    0.00    0.00    0.00   66.79
02:11:44     all    0.00    8.84   14.10    0.00    0.00    6.32    0.00    0.00    0.00   70.75
02:11:45     all    0.00   18.84   12.45    0.00    0.00    5.77    0.00    0.00    0.00   62.94
02:11:46     all    0.00   14.11   13.26    0.00    0.00    5.58    0.00    0.00    0.00   67.05
02:11:47     all    0.00    9.38   15.25    0.00    0.00    6.45    0.00    0.00    0.00   68.91
02:11:48     all    0.00   15.12   14.73    0.00    0.00    5.98    0.00    0.00    0.00   64.18
02:11:49     all    0.00   22.47   13.43    0.00    0.00    5.82    0.00    0.00    0.00   58.28
02:11:50     all    0.10   18.67   14.48    0.00    0.00    6.15    0.00    0.00    0.00   60.60
02:11:51     all    0.00   10.41   17.44    0.00    0.00    7.25    0.00    0.00    0.00   64.90
02:11:52     all    0.00   15.97   17.26    0.00    0.00    6.72    0.00    0.00    0.00   60.04
02:11:53     all    0.00   16.58   15.93    0.00    0.00    5.81    0.00    0.00    0.00   61.68
02:11:54     all    0.00   15.34   16.82    0.00    0.00    5.33    0.00    0.00    0.00   62.51
02:11:55     all    0.00   14.03   17.32    0.00    0.00    5.60    0.00    0.00    0.00   63.05
02:11:56     all    0.00   16.59   16.17    0.00    0.00    5.56    0.00    0.00    0.00   61.68
02:11:57     all    0.16   13.33   16.59    0.00    0.00    5.48    0.00    0.00    0.00   64.44
02:11:58     all    0.00   23.93   15.73    0.00    0.00    4.81    0.00    0.00    0.00   55.52
02:11:59     all    0.00   22.03   15.35    0.00    0.00    4.48    0.00    0.00    0.00   58.13
02:12:00     all    0.35    8.81   20.19    0.00    0.00    5.46    0.00    0.00    0.00   65.19
02:12:01     all    0.00   11.51   17.83    0.00    0.00    5.67    0.00    0.00    0.00   64.99
02:12:02     all    0.00   15.69   16.50    0.00    0.00    5.83    0.00    0.00    0.00   61.97
02:12:03     all    0.00   20.91   15.48    0.00    0.00    5.39    0.00    0.00    0.00   58.22
02:12:04     all    0.00   18.34   15.07    0.00    0.00    5.38    0.00    0.00    0.00   61.21
02:12:05     all    0.00   15.69   17.57    0.00    0.00    6.49    0.00    0.00    0.00   60.25
02:12:06     all    0.03    8.40   23.60    0.00    0.00    8.56    0.00    0.00    0.00   59.41
02:12:07     all    0.00   20.19   23.50    0.00    0.00    7.90    0.00    0.00    0.00   48.41
02:12:08     all    0.00   35.39   27.56    0.00    0.00    7.92    0.00    0.00    0.00   29.13
02:12:09     all    0.00   45.77   30.80    0.00    0.00    8.30    0.00    0.00    0.00   15.13
02:12:10     all    0.06   30.54   32.35    0.00    0.00    8.78    0.00    0.00    0.00   28.26
02:12:11     all    0.00   32.09   31.71    0.00    0.00    9.23    0.00    0.00    0.00   26.98
02:12:12     all    0.00   43.40   30.45    0.00    0.00    9.31    0.00    0.00    0.00   16.84
02:12:13     all    0.03   40.07   30.40    0.00    0.00    9.26    0.00    0.00    0.00   20.24
02:12:14     all    0.00   30.37   32.63    0.00    0.00    9.07    0.00    0.00    0.00   27.92
02:12:15     all    0.00   33.20   31.98    0.00    0.00    9.62    0.00    0.00    0.00   25.20
02:12:16     all    0.03   32.93   31.79    0.00    0.00   10.08    0.00    0.00    0.00   25.17
02:12:17     all    0.00   40.33   31.30    0.00    0.00   10.04    0.00    0.00    0.00   18.33
02:12:18     all    0.00   35.80   30.75    0.00    0.00    9.64    0.00    0.00    0.00   23.81
02:12:19     all    0.00   21.08   31.48    0.00    0.00    9.31    0.00    0.00    0.00   38.12
02:12:20     all    0.06   22.73   31.60    0.00    0.00   10.14    0.00    0.00    0.00   35.47
02:12:21     all    0.00   43.75   31.47    0.00    0.00    9.17    0.00    0.00    0.00   15.61
02:12:22     all    0.00   42.06   30.83    0.00    0.00    9.62    0.00    0.00    0.00   17.48
02:12:23     all    0.00   46.20   32.13    0.00    0.00    8.69    0.00    0.00    0.00   12.98
02:12:24     all    0.00   43.73   31.96    0.00    0.00    8.68    0.00    0.00    0.00   15.63
02:12:25     all    0.00   39.59   31.79    0.00    0.00    9.58    0.00    0.00    0.00   19.04
02:12:26     all    0.00   36.84   30.83    0.00    0.00    9.99    0.00    0.00    0.00   22.34
02:12:27     all    0.00   27.15   31.85    0.00    0.00    9.30    0.00    0.00    0.00   31.69
02:12:28     all    0.00   25.94   31.64    0.00    0.00    9.48    0.00    0.00    0.00   32.94
02:12:29     all    0.00   35.60   31.43    0.00    0.00    9.12    0.00    0.00    0.00   23.85
02:12:30     all    0.03   38.82   31.88    0.00    0.00    9.32    0.00    0.00    0.00   19.95
02:12:31     all    0.00   44.57   31.04    0.00    0.00    9.43    0.00    0.00    0.00   14.97
02:12:32     all    0.00   36.24   30.70    0.00    0.00   10.13    0.00    0.00    0.00   22.93
02:12:33     all    0.00   30.48   32.40    0.00    0.00    8.86    0.00    0.00    0.00   28.25
02:12:34     all    0.00   31.36   31.36    0.00    0.00    9.21    0.00    0.00    0.00   28.08
02:12:35     all    0.00   41.04   31.74    0.00    0.00    9.17    0.00    0.00    0.00   18.05
02:12:36     all    0.00   50.81   30.40    0.00    0.00    9.79    0.00    0.00    0.00    9.00
02:12:37     all    0.00   43.91   30.41    0.00    0.00    9.79    0.00    0.00    0.00   15.89
02:12:38     all    0.06   33.45   31.01    0.00    0.00    9.32    0.00    0.00    0.00   26.16
02:12:39     all    0.00   34.52   31.33    0.00    0.00    9.48    0.00    0.00    0.00   24.66
02:12:40     all    0.06   42.72   30.67    0.00    0.00    9.31    0.00    0.00    0.00   17.24
02:12:41     all    0.03   43.77   30.97    0.00    0.00    8.60    0.00    0.00    0.00   16.62
02:12:42     all    0.00   36.35   31.09    0.00    0.00    9.29    0.00    0.00    0.00   23.27
02:12:43     all    0.00   20.24   31.62    0.00    0.00    9.63    0.00    0.00    0.00   38.51
02:12:44     all    0.00   32.20   31.45    0.00    0.00    9.78    0.00    0.00    0.00   26.57
02:12:45     all    0.00   39.62   31.89    0.00    0.00    8.53    0.00    0.00    0.00   19.96
02:12:46     all    0.00   41.64   30.85    0.00    0.00    9.32    0.00    0.00    0.00   18.19
02:12:47     all    0.00   37.39   31.80    0.00    0.00    9.03    0.00    0.00    0.00   21.78
02:12:48     all    0.00   29.59   31.32    0.00    0.00    9.40    0.00    0.00    0.00   29.69
02:12:49     all    0.00   33.02   30.82    0.00    0.00    9.28    0.00    0.00    0.00   26.88
02:12:50     all    0.10   39.42   30.37    0.00    0.00   10.07    0.00    0.00    0.00   20.04
02:12:51     all    0.00   34.09   31.79    0.00    0.00    8.79    0.00    0.00    0.00   25.34
02:12:52     all    0.00   34.67   30.63    0.00    0.00   10.00    0.00    0.00    0.00   24.71
02:12:53     all    0.00   40.02   31.93    0.00    0.00    9.04    0.00    0.00    0.00   19.01
02:12:54     all    0.00   45.27   31.91    0.00    0.00    8.70    0.00    0.00    0.00   14.12
02:12:55     all    0.00   40.66   30.52    0.00    0.00    9.92    0.00    0.00    0.00   18.91
02:12:56     all    0.00   42.00   31.24    0.00    0.00    9.28    0.00    0.00    0.00   17.48
02:12:57     all    0.00   24.40   31.36    0.00    0.00    9.67    0.00    0.00    0.00   34.57
02:12:58     all    0.00   26.19   31.63    0.00    0.00    8.67    0.00    0.00    0.00   33.51
02:12:59     all    0.03   21.82   31.04    0.00    0.00    9.80    0.00    0.00    0.00   37.31
02:13:00     all    0.45   28.29   31.95    0.00    0.00    8.98    0.00    0.00    0.00   30.33
02:13:01     all    0.00   31.09   32.37    0.00    0.00    8.63    0.00    0.00    0.00   27.91
02:13:02     all    0.03   29.67   31.07    0.00    0.00    9.65    0.00    0.00    0.00   29.58
02:13:03     all    0.00   24.97   31.84    0.00    0.00    9.19    0.00    0.00    0.00   34.00
02:13:04     all    0.00   27.82   31.76    0.00    0.00    9.41    0.00    0.00    0.00   31.00
02:13:05     all    0.00   28.63   31.37    0.00    0.00    9.44    0.00    0.00    0.00   30.57
02:13:06     all    0.00   39.29   30.46    0.00    0.00    9.34    0.00    0.00    0.00   20.90
02:13:07     all    0.00   44.95   31.31    0.00    0.00    9.17    0.00    0.00    0.00   14.57
02:13:08     all    0.03   39.04   31.51    0.00    0.00    9.40    0.00    0.00    0.00   20.01
02:13:09     all    0.00   33.63   31.94    0.00    0.00    8.74    0.00    0.00    0.00   25.69
02:13:10     all    0.06   20.61   31.84    0.00    0.00    8.86    0.00    0.00    0.00   38.62
02:13:11     all    0.00   12.84   32.17    0.00    0.00    9.22    0.00    0.00    0.00   45.77
02:13:12     all    0.00   27.42   31.18    0.00    0.00    9.65    0.00    0.00    0.00   31.75
02:13:13     all    0.00   36.81   31.07    0.00    0.00    9.45    0.00    0.00    0.00   22.67
02:13:14     all    0.00   42.24   30.98    0.00    0.00    9.11    0.00    0.00    0.00   17.67
02:13:15     all    0.00   37.27   31.05    0.00    0.00    8.93    0.00    0.00    0.00   22.75
02:13:16     all    0.00   21.43   32.17    0.00    0.00    9.29    0.00    0.00    0.00   37.12
02:13:17     all    0.00   22.15   31.56    0.00    0.00    9.34    0.00    0.00    0.00   36.95
02:13:18     all    0.00   26.53   31.15    0.00    0.00    9.30    0.00    0.00    0.00   33.01
02:13:19     all    0.00   25.02   31.91    0.00    0.00    8.99    0.00    0.00    0.00   34.08
02:13:20     all    0.10   24.51   31.52    0.00    0.00    9.20    0.00    0.00    0.00   34.67
02:13:21     all    0.00   31.73   31.15    0.00    0.00    8.78    0.00    0.00    0.00   28.34
02:13:22     all    0.03   36.77   30.56    0.00    0.00    9.26    0.00    0.00    0.00   23.38
02:13:23     all    0.00   32.78   31.92    0.00    0.00    8.86    0.00    0.00    0.00   26.44
02:13:24     all    0.00   23.94   31.14    0.00    0.00    9.77    0.00    0.00    0.00   35.15
02:13:25     all    0.00   19.28   31.25    0.00    0.00    9.94    0.00    0.00    0.00   39.54
02:13:26     all    0.00   19.25   31.45    0.00    0.00   10.01    0.00    0.00    0.00   39.29
02:13:27     all    0.00   15.69   30.17    0.00    0.00   10.10    0.00    0.00    0.00   44.04
02:13:28     all    0.00   27.41   25.40    0.00    0.00    9.23    0.00    0.00    0.00   37.97
02:13:29     all    0.00   34.10   24.36    0.00    0.00    8.82    0.00    0.00    0.00   32.72
02:13:30     all    0.07   38.45   24.54    0.00    0.00    9.14    0.00    0.00    0.00   27.81
02:13:31     all    0.00   39.08   24.94    0.00    0.00    8.96    0.00    0.00    0.00   27.01
02:13:32     all    0.00   39.62   24.67    0.00    0.00    9.72    0.00    0.00    0.00   26.00
02:13:33     all    0.00   51.41   23.79    0.00    0.00   10.15    0.00    0.00    0.00   14.65
02:13:34     all    0.00   49.85   23.55    0.00    0.00    9.85    0.00    0.00    0.00   16.75
02:13:35     all    0.00   41.65   23.84    0.00    0.00    9.61    0.00    0.00    0.00   24.89
02:13:36     all    0.00   27.53   25.85    0.00    0.00    9.36    0.00    0.00    0.00   37.27
02:13:37     all    0.00   12.52   27.84    0.00    0.00   10.29    0.00    0.00    0.00   49.35
02:13:38     all    0.00   21.44   26.83    0.00    0.00    9.35    0.00    0.00    0.00   42.37
02:13:39     all    0.00   15.35   27.37    0.00    0.00   10.51    0.00    0.00    0.00   46.76
02:13:40     all    0.07   23.41   25.00    0.00    0.00   10.40    0.00    0.00    0.00   41.12
02:13:41     all    0.00   47.69   21.92    0.00    0.00    9.67    0.00    0.00    0.00   20.72
02:13:42     all    0.00   51.33   20.85    0.00    0.00    9.34    0.00    0.00    0.00   18.49
02:13:43     all    0.00   47.46   20.67    0.00    0.00    9.57    0.00    0.00    0.00   22.30
02:13:44     all    0.00   27.11   22.50    0.00    0.00    9.75    0.00    0.00    0.00   40.64
02:13:45     all    0.00   10.77   24.75    0.00    0.00    9.96    0.00    0.00    0.00   54.52
02:13:46     all    0.00    9.38   24.70    0.00    0.00   10.57    0.00    0.00    0.00   55.35
02:13:47     all    0.00   12.61   24.64    0.00    0.00   10.74    0.00    0.00    0.00   52.01
02:13:48     all    0.03   13.81   24.90    0.00    0.00    9.80    0.00    0.00    0.00   51.46
02:13:49     all    0.00   17.37   25.14    0.00    0.00    9.51    0.00    0.00    0.00   47.99
02:13:50     all    0.10   17.56   25.05    0.00    0.00    9.59    0.00    0.00    0.00   47.71
02:13:51     all    0.00   10.63   25.20    0.00    0.00   10.27    0.00    0.00    0.00   53.90
02:13:52     all    0.00   14.01   24.39    0.00    0.00   10.31    0.00    0.00    0.00   51.28
02:13:53     all    0.00   13.28   25.14    0.00    0.00   10.02    0.00    0.00    0.00   51.56
02:13:54     all    0.00   13.74   24.00    0.00    0.00   10.23    0.00    0.00    0.00   52.03
02:13:55     all    0.00   16.60   23.60    0.00    0.00    9.80    0.00    0.00    0.00   50.00
02:13:56     all    0.00   14.25   25.37    0.00    0.00   10.51    0.00    0.00    0.00   49.87
02:13:57     all    0.00   21.99   28.18    0.00    0.00    9.78    0.00    0.00    0.00   40.04
02:13:58     all    0.00   32.77   26.71    0.00    0.00    9.94    0.00    0.00    0.00   30.59
02:13:59     all    0.00   25.21   29.19    0.00    0.00    9.33    0.00    0.00    0.00   36.27
02:14:00     all    0.35   23.84   28.60    0.00    0.00    9.87    0.00    0.00    0.00   37.34
02:14:01     all    0.00   46.58   29.11    0.00    0.00    9.32    0.00    0.00    0.00   14.99
02:14:02     all    0.00   50.23   29.58    0.00    0.00    9.10    0.00    0.00    0.00   11.09
02:14:03     all    0.00   42.98   28.75    0.00    0.00    9.87    0.00    0.00    0.00   18.40
02:14:04     all    0.00   28.40   29.03    0.00    0.00    9.94    0.00    0.00    0.00   32.62
02:14:05     all    0.00   45.31   24.59    0.00    0.00    9.39    0.00    0.00    0.00   20.72
02:14:06     all    0.00   51.80   23.40    0.00    0.00    9.33    0.00    0.00    0.00   15.47
02:14:07     all    0.00   51.14   25.27    0.00    0.00    9.62    0.00    0.00    0.00   13.97
02:14:08     all    0.00   51.44   21.99    0.00    0.00    9.28    0.00    0.00    0.00   17.29
02:14:09     all    0.00   51.67   21.18    0.00    0.00    8.87    0.00    0.00    0.00   18.29
02:14:10     all    0.06   51.44   24.70    0.00    0.00    8.27    0.00    0.00    0.00   15.53
02:14:11     all    0.00   51.50   19.12    0.00    0.00    7.47    0.00    0.00    0.00   21.90
02:14:12     all    0.00   51.80   16.25    0.00    0.00    7.02    0.00    0.00    0.00   24.93
02:14:13     all    0.03   53.00   16.26    0.00    0.00    6.98    0.00    0.00    0.00   23.73
02:14:14     all    0.00   52.04   16.05    0.00    0.00    6.72    0.00    0.00    0.00   25.19
02:14:15     all    0.00   52.19   16.39    0.00    0.00    6.95    0.00    0.00    0.00   24.47
02:14:16     all    0.00   52.99   16.22    0.00    0.00    7.27    0.00    0.00    0.00   23.52
02:14:17     all    0.00   52.02   16.09    0.00    0.00    8.01    0.00    0.00    0.00   23.88
02:14:18     all    0.00   51.54   15.54    0.00    0.00    7.27    0.00    0.00    0.00   25.66
02:14:19     all    0.00   51.99   16.25    0.00    0.00    7.18    0.00    0.00    0.00   24.58
02:14:20     all    0.06   51.97   16.57    0.00    0.00    6.80    0.00    0.00    0.00   24.60
02:14:21     all    0.00   52.25   16.49    0.00    0.00    7.54    0.00    0.00    0.00   23.73
02:14:22     all    0.00   51.72   16.42    0.00    0.00    7.30    0.00    0.00    0.00   24.56
02:14:23     all    0.00   51.59   16.98    0.00    0.00    8.07    0.00    0.00    0.00   23.36
02:14:24     all    0.00   51.33   24.60    0.00    0.00    8.56    0.00    0.00    0.00   15.51
02:14:25     all    0.00   51.37   25.75    0.00    0.00    8.87    0.00    0.00    0.00   14.00
02:14:26     all    0.00   51.28   30.39    0.00    0.00    8.99    0.00    0.00    0.00    9.34
02:14:27     all    0.03   51.04   29.41    0.00    0.00    9.60    0.00    0.00    0.00    9.92
02:14:28     all    0.00   51.25   28.36    0.00    0.00    9.65    0.00    0.00    0.00   10.74
02:14:29     all    0.00   51.29   25.50    0.00    0.00   10.06    0.00    0.00    0.00   13.15
02:14:30     all    0.10   51.94   20.40    0.00    0.00    9.25    0.00    0.00    0.00   18.31
02:14:31     all    0.00   52.11   16.40    0.00    0.00    7.87    0.00    0.00    0.00   23.62
02:14:32     all    0.00   53.87   15.80    0.00    0.00    7.32    0.00    0.00    0.00   23.02
02:14:33     all    0.00   53.42    8.58    0.00    0.00    4.55    0.00    0.00    0.00   33.46
02:14:34     all    0.00   52.94    9.45    0.00    0.00    5.08    0.00    0.00    0.00   32.53
02:14:35     all    0.00   54.55   14.61    0.00    0.00    5.84    0.00    0.00    0.00   25.00
02:14:36     all    0.00   53.43   15.58    0.00    0.00    5.89    0.00    0.00    0.00   25.10
02:14:37     all    0.00   55.22   20.89    0.00    0.00    8.67    0.00    0.00    0.00   15.22
02:14:38     all    0.00   58.46   15.39    0.00    0.00    7.79    0.00    0.00    0.00   18.35
02:14:39     all    0.00   61.38   15.94    0.00    0.00    7.52    0.00    0.00    0.00   15.17
02:14:40     all    0.10   54.88   14.09    0.00    0.00    7.22    0.00    0.00    0.00   23.71
02:14:41     all    0.00   52.67   12.73    0.00    0.00    6.22    0.00    0.00    0.00   28.39
02:14:42     all    0.00   64.23    8.77    0.00    0.00    4.17    0.00    0.00    0.00   22.83
02:14:43     all    0.00   76.82   11.62    0.00    0.00    4.94    0.00    0.00    0.00    6.61
02:14:44     all    0.00   67.82   12.96    0.00    0.00    5.56    0.00    0.00    0.00   13.66
02:14:45     all    0.00   55.03    9.74    0.00    0.00    5.38    0.00    0.00    0.00   29.85
02:14:46     all    0.00   55.86   11.27    0.00    0.00    5.52    0.00    0.00    0.00   27.35
02:14:47     all    0.00   72.58   10.84    0.00    0.00    4.40    0.00    0.00    0.00   12.18
02:14:48     all    0.03   75.84   11.49    0.00    0.00    3.74    0.00    0.00    0.00    8.90
02:14:49     all    0.00   75.32   10.92    0.00    0.00    3.61    0.00    0.00    0.00   10.16
02:14:50     all    0.13   78.19    6.53    0.00    0.00    2.22    0.00    0.00    0.00   12.93
02:14:51     all    0.00   73.26    9.42    0.00    0.00    3.50    0.00    0.00    0.00   13.82
02:14:52     all    0.00   72.75   11.33    0.00    0.00    4.21    0.00    0.00    0.00   11.71
02:14:53     all    0.00   68.09   16.65    0.00    0.00    6.11    0.00    0.00    0.00    9.15
02:14:54     all    0.00   68.91   14.69    0.00    0.00    6.24    0.00    0.00    0.00   10.16
02:14:55     all    0.00   72.10   11.29    0.00    0.00    4.37    0.00    0.00    0.00   12.24
02:14:56     all    0.00   71.75   11.81    0.00    0.00    4.57    0.00    0.00    0.00   11.87
02:14:57     all    0.00   70.08   15.20    0.00    0.00    6.01    0.00    0.00    0.00    8.71
02:14:58     all    0.00   66.91   20.33    0.00    0.00    7.20    0.00    0.00    0.00    5.56
02:14:59     all    0.00   73.36   15.82    0.00    0.00    5.25    0.00    0.00    0.00    5.57
02:15:00     all    0.57   84.79    6.12    0.00    0.00    1.62    0.00    0.00    0.00    6.91
02:15:01     all    0.00   83.27    7.34    0.00    0.00    2.46    0.00    0.00    0.00    6.93
02:15:02     all    0.03   75.82   12.90    0.00    0.00    4.36    0.00    0.00    0.00    6.89
02:15:03     all    0.00   66.61   19.59    0.00    0.00    6.61    0.00    0.00    0.00    7.18
02:15:04     all    0.00   69.93   15.60    0.00    0.00    6.13    0.00    0.00    0.00    8.34
02:15:05     all    0.00   61.11   25.31    0.00    0.00    7.40    0.00    0.00    0.00    6.18
02:15:06     all    0.00   62.13   24.30    0.00    0.00    7.64    0.00    0.00    0.00    5.92
02:15:07     all    0.03   59.84   25.91    0.00    0.00    8.93    0.00    0.00    0.00    5.28
02:15:08     all    0.00   57.02   26.61    0.00    0.00    9.54    0.00    0.00    0.00    6.83
02:15:09     all    0.00   57.32   24.90    0.00    0.00    9.02    0.00    0.00    0.00    8.76
02:15:10     all    0.10   58.40   21.41    0.00    0.00    8.94    0.00    0.00    0.00   11.15
02:15:11     all    0.00   61.32   13.96    0.00    0.00    6.83    0.00    0.00    0.00   17.89
02:15:12     all    0.00   56.38   18.54    0.00    0.00    8.64    0.00    0.00    0.00   16.43
02:15:13     all    0.00   52.65   15.69    0.00    0.00    7.92    0.00    0.00    0.00   23.74
02:15:14     all    0.00   55.83   13.75    0.00    0.00    6.28    0.00    0.00    0.00   24.15
02:15:15     all    0.00   53.09   13.64    0.00    0.00    6.74    0.00    0.00    0.00   26.53
02:15:16     all    0.00   60.21   14.84    0.00    0.00    6.70    0.00    0.00    0.00   18.25
02:15:17     all    0.00   59.04   14.61    0.00    0.00    6.56    0.00    0.00    0.00   19.79
02:15:18     all    0.00   59.97   15.27    0.00    0.00    7.12    0.00    0.00    0.00   17.65
02:15:19     all    0.00   60.72   13.85    0.00    0.00    6.89    0.00    0.00    0.00   18.54
02:15:20     all    0.03   62.23   15.08    0.00    0.00    7.43    0.00    0.00    0.00   15.24
02:15:21     all    0.00   65.04   11.73    0.00    0.00    5.08    0.00    0.00    0.00   18.15
02:15:22     all    0.00   68.40    8.87    0.00    0.00    3.34    0.00    0.00    0.00   19.38
02:15:23     all    0.00   69.38    9.06    0.00    0.00    3.94    0.00    0.00    0.00   17.62
02:15:24     all    0.00   71.37   17.11    0.00    0.00    6.07    0.00    0.00    0.00    5.44
02:15:25     all    0.00   69.44   16.28    0.00    0.00    6.80    0.00    0.00    0.00    7.47
02:15:26     all    0.03   69.32   17.20    0.00    0.00    6.86    0.00    0.00    0.00    6.58
02:15:27     all    0.03   69.46   17.95    0.00    0.00    6.80    0.00    0.00    0.00    5.75
02:15:28     all    0.00   69.21   17.83    0.00    0.00    7.16    0.00    0.00    0.00    5.80
02:15:29     all    0.00   71.12   15.55    0.00    0.00    6.27    0.00    0.00    0.00    7.06
02:15:30     all    0.03   76.84   14.47    0.00    0.00    4.77    0.00    0.00    0.00    3.89
02:15:31     all    0.00   84.95    8.82    0.00    0.00    2.90    0.00    0.00    0.00    3.34
02:15:32     all    0.00   96.24    2.29    0.00    0.00    0.60    0.00    0.00    0.00    0.88
02:15:33     all    0.00   82.88   11.36    0.00    0.00    3.79    0.00    0.00    0.00    1.97
02:15:34     all    0.03   81.17   12.32    0.00    0.00    3.92    0.00    0.00    0.00    2.57
02:15:35     all    0.00   78.98   13.71    0.00    0.00    4.42    0.00    0.00    0.00    2.89
02:15:36     all    0.00   78.58   13.55    0.00    0.00    4.87    0.00    0.00    0.00    2.99
02:15:37     all    0.00   81.93   11.26    0.00    0.00    4.02    0.00    0.00    0.00    2.79
02:15:38     all    0.00   81.60   11.25    0.00    0.00    4.55    0.00    0.00    0.00    2.60
02:15:39     all    0.00   76.87   11.97    0.00    0.00    4.88    0.00    0.00    0.00    6.27
02:15:40     all    0.06   74.02   12.31    0.00    0.00    4.54    0.00    0.00    0.00    9.07
02:15:41     all    0.00   74.88   11.67    0.00    0.00    3.76    0.00    0.00    0.00    9.68
02:15:42     all    0.00   71.96   12.65    0.00    0.00    4.58    0.00    0.00    0.00   10.81
02:15:43     all    0.00   72.29   12.36    0.00    0.00    4.65    0.00    0.00    0.00   10.70
02:15:44     all    0.00   67.66   11.22    0.00    0.00    4.57    0.00    0.00    0.00   16.55
02:15:45     all    0.00   69.57   11.25    0.00    0.00    4.67    0.00    0.00    0.00   14.51
02:15:46     all    0.00   75.59   12.22    0.00    0.00    4.01    0.00    0.00    0.00    8.18
02:15:47     all    0.00   73.73   11.04    0.00    0.00    4.37    0.00    0.00    0.00   10.85
02:15:48     all    0.00   73.93   11.10    0.00    0.00    3.89    0.00    0.00    0.00   11.07
02:15:49     all    0.00   75.61   10.79    0.00    0.00    4.37    0.00    0.00    0.00    9.22
02:15:50     all    0.06   73.05   11.27    0.00    0.00    4.56    0.00    0.00    0.00   11.05
02:15:51     all    0.03   79.48   10.51    0.00    0.00    3.82    0.00    0.00    0.00    6.16
02:15:52     all    0.00   79.37   11.81    0.00    0.00    4.14    0.00    0.00    0.00    4.68
02:15:53     all    0.03   80.01   11.24    0.00    0.00    4.27    0.00    0.00    0.00    4.46
02:15:54     all    0.00   78.59   11.10    0.00    0.00    5.06    0.00    0.00    0.00    5.25
02:15:55     all    0.00   78.99   12.48    0.00    0.00    4.28    0.00    0.00    0.00    4.25
02:15:56     all    0.00   67.97   12.45    0.00    0.00    5.78    0.00    0.00    0.00   13.80
02:15:57     all    0.00   65.28   10.91    0.00    0.00    5.39    0.00    0.00    0.00   18.41
02:15:58     all    0.00   79.00   11.09    0.00    0.00    3.60    0.00    0.00    0.00    6.32
02:15:59     all    0.00   80.28   11.35    0.00    0.00    4.20    0.00    0.00    0.00    4.17
02:16:00     all    0.48   69.15   10.33    0.00    0.00    4.09    0.00    0.00    0.00   15.96
02:16:01     all    0.00   62.45    6.64    0.00    0.00    3.34    0.00    0.00    0.00   27.57
02:16:02     all    0.00   66.97    8.78    0.00    0.00    3.37    0.00    0.00    0.00   20.87
02:16:03     all    0.00   70.03    8.40    0.00    0.00    3.68    0.00    0.00    0.00   17.89
02:16:04     all    0.00   82.98    3.65    0.00    0.00    0.98    0.00    0.00    0.00   12.39
02:16:05     all    0.00   97.03    1.72    0.00    0.00    0.47    0.00    0.00    0.00    0.78
02:16:06     all    0.00   98.12    1.06    0.00    0.00    0.28    0.00    0.00    0.00    0.53
02:16:07     all    0.00   99.69    0.12    0.00    0.00    0.03    0.00    0.00    0.00    0.16
02:16:08     all    0.00   99.59    0.34    0.00    0.00    0.06    0.00    0.00    0.00    0.00
02:16:09     all    0.00   99.66    0.22    0.00    0.00    0.06    0.00    0.00    0.00    0.06
02:16:10     all    0.06   99.63    0.22    0.00    0.00    0.03    0.00    0.00    0.00    0.06
02:16:11     all    0.00   99.69    0.28    0.00    0.00    0.03    0.00    0.00    0.00    0.00
02:16:12     all    0.00   99.09    0.66    0.00    0.00    0.25    0.00    0.00    0.00    0.00
02:16:13     all    0.00   99.69    0.22    0.00    0.00    0.06    0.00    0.00    0.00    0.03
02:16:14     all    0.00   99.59    0.34    0.00    0.00    0.03    0.00    0.00    0.00    0.03
02:16:15     all    0.00   99.88    0.09    0.00    0.00    0.03    0.00    0.00    0.00    0.00
02:16:16     all    0.03   99.69    0.22    0.00    0.00    0.00    0.00    0.00    0.00    0.06
02:16:17     all    0.00   99.53    0.34    0.00    0.00    0.06    0.00    0.00    0.00    0.06
02:16:18     all    0.00   99.84    0.16    0.00    0.00    0.00    0.00    0.00    0.00    0.00
02:16:19     all    0.00   99.44    0.44    0.00    0.00    0.06    0.00    0.00    0.00    0.06
02:16:20     all    0.06   99.53    0.28    0.00    0.00    0.09    0.00    0.00    0.00    0.03
02:16:21     all    0.00   99.41    0.50    0.00    0.00    0.09    0.00    0.00    0.00    0.00
02:16:22     all    0.03   99.59    0.34    0.00    0.00    0.03    0.00    0.00    0.00    0.00
02:16:23     all    0.00   99.72    0.22    0.00    0.00    0.06    0.00    0.00    0.00    0.00
02:16:24     all    0.00   97.78    1.66    0.00    0.00    0.47    0.00    0.00    0.00    0.09
02:16:25     all    0.00   99.16    0.66    0.00    0.00    0.12    0.00    0.00    0.00    0.06
02:16:26     all    0.00   99.75    0.19    0.00    0.00    0.06    0.00    0.00    0.00    0.00
02:16:27     all    0.00   99.75    0.22    0.00    0.00    0.00    0.00    0.00    0.00    0.03
02:16:28     all    0.00   99.66    0.22    0.00    0.00    0.06    0.00    0.00    0.00    0.06
02:16:29     all    0.00   99.75    0.16    0.00    0.00    0.09    0.00    0.00    0.00    0.00
02:16:30     all    0.06   99.62    0.22    0.00    0.00    0.06    0.00    0.00    0.00    0.03
02:16:31     all    0.00   99.72    0.19    0.00    0.00    0.03    0.00    0.00    0.00    0.06
02:16:32     all    0.00   99.69    0.25    0.00    0.00    0.03    0.00    0.00    0.00    0.03
02:16:33     all    0.00   99.88    0.09    0.00    0.00    0.03    0.00    0.00    0.00    0.00
02:16:34     all    0.00   97.72    1.63    0.00    0.00    0.56    0.00    0.00    0.00    0.09
02:16:35     all    0.00   96.22    2.41    0.00    0.00    0.97    0.00    0.00    0.00    0.41
02:16:36     all    0.00   99.62    0.19    0.00    0.00    0.09    0.00    0.00    0.00    0.09
02:16:37     all    0.03   99.69    0.12    0.00    0.00    0.09    0.00    0.00    0.00    0.06
02:16:38     all    0.03   99.56    0.34    0.00    0.00    0.03    0.00    0.00    0.00    0.03
02:16:39     all    0.00   99.60    0.31    0.00    0.00    0.03    0.00    0.00    0.00    0.06
02:16:40     all    0.09   99.37    0.44    0.00    0.00    0.06    0.00    0.00    0.00    0.03
02:16:41     all    0.00   99.62    0.25    0.00    0.00    0.03    0.00    0.00    0.00    0.09
02:16:42     all    0.00   99.69    0.25    0.00    0.00    0.06    0.00    0.00    0.00    0.00
02:16:43     all    0.03   99.66    0.22    0.00    0.00    0.06    0.00    0.00    0.00    0.03
02:16:44     all    0.00   98.75    1.00    0.00    0.00    0.19    0.00    0.00    0.00    0.06
02:16:45     all    0.00   99.78    0.19    0.00    0.00    0.03    0.00    0.00    0.00    0.00
02:16:46     all    0.00   99.16    0.59    0.00    0.00    0.16    0.00    0.00    0.00    0.09
02:16:47     all    0.03   99.44    0.47    0.00    0.00    0.06    0.00    0.00    0.00    0.00
02:16:48     all    0.00   99.00    0.75    0.00    0.00    0.22    0.00    0.00    0.00    0.03
02:16:49     all    0.00   99.44    0.38    0.00    0.00    0.12    0.00    0.00    0.00    0.06
02:16:50     all    0.06   99.44    0.44    0.00    0.00    0.06    0.00    0.00    0.00    0.00
02:16:51     all    0.00   99.22    0.50    0.00    0.00    0.22    0.00    0.00    0.00    0.06
02:16:52     all    0.00   99.44    0.47    0.00    0.00    0.06    0.00    0.00    0.00    0.03
02:16:53     all    0.00   99.59    0.28    0.00    0.00    0.09    0.00    0.00    0.00    0.03
02:16:54     all    0.00   99.75    0.16    0.00    0.00    0.09    0.00    0.00    0.00    0.00
02:16:55     all    0.00   99.72    0.22    0.00    0.00    0.06    0.00    0.00    0.00    0.00
02:16:56     all    0.00   99.66    0.25    0.00    0.00    0.06    0.00    0.00    0.00    0.03
02:16:57     all    0.03   96.44    2.62    0.00    0.00    0.78    0.00    0.00    0.00    0.12
02:16:58     all    0.03   99.72    0.13    0.00    0.00    0.06    0.00    0.00    0.00    0.06
02:16:59     all    0.00   99.69    0.22    0.00    0.00    0.06    0.00    0.00    0.00    0.03
02:17:00     all    0.50   98.88    0.53    0.00    0.00    0.06    0.00    0.00    0.00    0.03
02:17:01     all    0.00   99.75    0.19    0.00    0.00    0.03    0.00    0.00    0.00    0.03
02:17:02     all    0.00   99.72    0.25    0.00    0.00    0.00    0.00    0.00    0.00    0.03
02:17:03     all    0.00   99.62    0.25    0.00    0.00    0.09    0.00    0.00    0.00    0.03
02:17:04     all    0.00   99.78    0.16    0.00    0.00    0.03    0.00    0.00    0.00    0.03
02:17:05     all    0.00   99.94    0.03    0.00    0.00    0.00    0.00    0.00    0.00    0.03
02:17:06     all    0.00   99.84    0.12    0.00    0.00    0.03    0.00    0.00    0.00    0.00
02:17:07     all    0.00   99.94    0.00    0.00    0.00    0.03    0.00    0.00    0.00    0.03
02:17:08     all    0.00   99.97    0.03    0.00    0.00    0.00    0.00    0.00    0.00    0.00
02:17:09     all    0.00   99.97    0.03    0.00    0.00    0.00    0.00    0.00    0.00    0.00
02:17:10     all    0.06   99.81    0.06    0.00    0.00    0.00    0.00    0.00    0.00    0.06
02:17:11     all    0.00   99.94    0.06    0.00    0.00    0.00    0.00    0.00    0.00    0.00
02:17:12     all    0.00   91.20    6.37    0.00    0.00    1.75    0.00    0.00    0.00    0.69
02:17:13     all    0.00   99.94    0.00    0.00    0.00    0.00    0.00    0.00    0.00    0.06
02:17:14     all    0.00   99.94    0.00    0.00    0.00    0.00    0.00    0.00    0.00    0.06
02:17:15     all    0.00   99.88    0.06    0.00    0.00    0.00    0.00    0.00    0.00    0.06
02:17:16     all    0.00   99.97    0.00    0.00    0.00    0.00    0.00    0.00    0.00    0.03
02:17:17     all    0.03   99.81    0.06    0.00    0.00    0.03    0.00    0.00    0.00    0.06
02:17:18     all    0.00  100.00    0.00    0.00    0.00    0.00    0.00    0.00    0.00    0.00
02:17:19     all    0.00   99.91    0.03    0.00    0.00    0.03    0.00    0.00    0.00    0.03
02:17:20     all    0.06   99.78    0.13    0.00    0.00    0.00    0.00    0.00    0.00    0.03
02:17:21     all    0.00   89.39    7.55    0.00    0.00    2.41    0.00    0.00    0.00    0.66
02:17:22     all    0.00   94.91    3.50    0.00    0.00    1.16    0.00    0.00    0.00    0.44
02:17:23     all    0.00   99.94    0.00    0.00    0.00    0.00    0.00    0.00    0.00    0.06
02:17:24     all    0.00   99.81    0.06    0.00    0.00    0.03    0.00    0.00    0.00    0.09
02:17:25     all    0.00   99.91    0.09    0.00    0.00    0.00    0.00    0.00    0.00    0.00
02:17:26     all    0.00   99.97    0.03    0.00    0.00    0.00    0.00    0.00    0.00    0.00
02:17:27     all    0.00   99.91    0.06    0.00    0.00    0.00    0.00    0.00    0.00    0.03
02:17:28     all    0.00   99.88    0.06    0.00    0.00    0.03    0.00    0.00    0.00    0.03
02:17:29     all    0.00   99.91    0.06    0.00    0.00    0.03    0.00    0.00    0.00    0.00
02:17:30     all    0.06   99.75    0.16    0.00    0.00    0.00    0.00    0.00    0.00    0.03
02:17:31     all    0.00   99.94    0.03    0.00    0.00    0.00    0.00    0.00    0.00    0.03
02:17:32     all    0.00   99.97    0.03    0.00    0.00    0.00    0.00    0.00    0.00    0.00
02:17:33     all    0.00   85.82   10.15    0.00    0.00    3.37    0.00    0.00    0.00    0.66
02:17:34     all    0.00   84.33   11.29    0.00    0.00    3.28    0.00    0.00    0.00    1.09
02:17:35     all    0.00   83.11   12.02    0.00    0.00    3.90    0.00    0.00    0.00    0.97
02:17:36     all    0.00   83.43   11.18    0.00    0.00    4.32    0.00    0.00    0.00    1.07
02:17:37     all    0.00   82.05   13.20    0.00    0.00    3.41    0.00    0.00    0.00    1.34
02:17:38     all    0.00   80.17   13.46    0.00    0.00    4.99    0.00    0.00    0.00    1.38
02:17:39     all    0.00   83.95   11.39    0.00    0.00    3.69    0.00    0.00    0.00    0.97
02:17:40     all    0.09   83.08   11.51    0.00    0.00    3.85    0.00    0.00    0.00    1.47
02:17:41     all    0.00   82.46   11.40    0.00    0.00    4.07    0.00    0.00    0.00    2.07
02:17:42     all    0.00   71.59   18.10    0.00    0.00    6.33    0.00    0.00    0.00    3.99
02:17:43     all    0.00   67.92   20.25    0.00    0.00    7.85    0.00    0.00    0.00    3.99
02:17:44     all    0.00   67.74   20.16    0.00    0.00    7.84    0.00    0.00    0.00    4.27
02:17:45     all    0.00   73.98   15.54    0.00    0.00    5.43    0.00    0.00    0.00    5.05
02:17:46     all    0.00   81.15    9.85    0.00    0.00    3.84    0.00    0.00    0.00    5.16
02:17:47     all    0.00   80.35   11.22    0.00    0.00    3.67    0.00    0.00    0.00    4.76
02:17:48     all    0.00   82.19   10.59    0.00    0.00    3.74    0.00    0.00    0.00    3.49
02:17:49     all    0.00   81.30   10.29    0.00    0.00    3.67    0.00    0.00    0.00    4.74
02:17:50     all    0.03   81.75   10.58    0.00    0.00    3.73    0.00    0.00    0.00    3.91
02:17:51     all    0.03   81.87   10.87    0.00    0.00    3.71    0.00    0.00    0.00    3.52
02:17:52     all    0.00   77.68   12.44    0.00    0.00    4.47    0.00    0.00    0.00    5.42
02:17:53     all    0.00   72.39   13.16    0.00    0.00    5.69    0.00    0.00    0.00    8.77
02:17:54     all    0.00   68.83   14.44    0.00    0.00    5.73    0.00    0.00    0.00   11.01
02:17:55     all    0.00   65.51   14.94    0.00    0.00    6.96    0.00    0.00    0.00   12.59
02:17:56     all    0.00   65.34   14.83    0.00    0.00    6.66    0.00    0.00    0.00   13.17
02:17:57     all    0.00   65.28   14.21    0.00    0.00    6.17    0.00    0.00    0.00   14.34
02:17:58     all    0.00   64.97   13.01    0.00    0.00    5.42    0.00    0.00    0.00   16.60
02:17:59     all    0.00   60.36   11.99    0.00    0.00    5.74    0.00    0.00    0.00   21.91
02:18:00     all    0.51   63.55    9.87    0.00    0.00    4.50    0.00    0.00    0.00   21.57
02:18:01     all    0.00   75.28   10.34    0.00    0.00    4.17    0.00    0.00    0.00   10.21
02:18:02     all    0.00   77.60   11.20    0.00    0.00    4.32    0.00    0.00    0.00    6.88
02:18:03     all    0.00   83.10   10.18    0.00    0.00    3.58    0.00    0.00    0.00    3.14
02:18:04     all    0.00   81.24   10.84    0.00    0.00    4.51    0.00    0.00    0.00    3.41
02:18:05     all    0.00   82.33   10.43    0.00    0.00    4.10    0.00    0.00    0.00    3.13
02:18:06     all    0.00   83.67   10.55    0.00    0.00    3.77    0.00    0.00    0.00    2.01
02:18:07     all    0.00   81.69   12.44    0.00    0.00    3.71    0.00    0.00    0.00    2.17
02:18:08     all    0.00   81.78   12.00    0.00    0.00    3.86    0.00    0.00    0.00    2.36
02:18:09     all    0.00   81.04   12.34    0.00    0.00    4.28    0.00    0.00    0.00    2.34
02:18:10     all    0.13   80.03   13.25    0.00    0.00    4.36    0.00    0.00    0.00    2.23
02:18:11     all    0.00   82.28   11.81    0.00    0.00    3.69    0.00    0.00    0.00    2.22
02:18:12     all    0.00   88.01    7.47    0.00    0.00    2.42    0.00    0.00    0.00    2.10
02:18:13     all    0.00   91.20    5.39    0.00    0.00    1.72    0.00    0.00    0.00    1.69
02:18:14     all    0.00   95.74    2.72    0.00    0.00    0.78    0.00    0.00    0.00    0.75
02:18:15     all    0.00   97.62    1.69    0.00    0.00    0.41    0.00    0.00    0.00    0.28
02:18:16     all    0.00   99.44    0.38    0.00    0.00    0.06    0.00    0.00    0.00    0.13
02:18:17     all    0.00   99.81    0.16    0.00    0.00    0.00    0.00    0.00    0.00    0.03
02:18:18     all    0.00   99.84    0.06    0.00    0.00    0.03    0.00    0.00    0.00    0.06
02:18:19     all    0.00   99.84    0.06    0.00    0.00    0.03    0.00    0.00    0.00    0.06
02:18:20     all    0.06   99.81    0.09    0.00    0.00    0.00    0.00    0.00    0.00    0.03
02:18:21     all    0.00   99.94    0.00    0.00    0.00    0.03    0.00    0.00    0.00    0.03
02:18:22     all    0.00   99.94    0.06    0.00    0.00    0.00    0.00    0.00    0.00    0.00
02:18:23     all    0.00   99.91    0.06    0.00    0.00    0.00    0.00    0.00    0.00    0.03
02:18:24     all    0.00   99.97    0.00    0.00    0.00    0.00    0.00    0.00    0.00    0.03
02:18:25     all    0.00   99.97    0.00    0.00    0.00    0.03    0.00    0.00    0.00    0.00
02:18:26     all    0.00   99.97    0.03    0.00    0.00    0.00    0.00    0.00    0.00    0.00
02:18:27     all    0.03   99.97    0.00    0.00    0.00    0.00    0.00    0.00    0.00    0.00
02:18:28     all    0.00   99.94    0.06    0.00    0.00    0.00    0.00    0.00    0.00    0.00
02:18:29     all    0.00   99.97    0.03    0.00    0.00    0.00    0.00    0.00    0.00    0.00
02:18:30     all    0.03   99.84    0.09    0.00    0.00    0.00    0.00    0.00    0.00    0.03
02:18:31     all    0.00   99.94    0.03    0.00    0.00    0.00    0.00    0.00    0.00    0.03
02:18:32     all    0.00   99.91    0.06    0.00    0.00    0.03    0.00    0.00    0.00    0.00
02:18:33     all    0.00   99.94    0.03    0.00    0.00    0.00    0.00    0.00    0.00    0.03
02:18:34     all    0.00   99.91    0.06    0.00    0.00    0.00    0.00    0.00    0.00    0.03
02:18:35     all    0.00   99.94    0.03    0.00    0.00    0.00    0.00    0.00    0.00    0.03
02:18:36     all    0.00   99.91    0.03    0.00    0.00    0.03    0.00    0.00    0.00    0.03
02:18:37     all    0.00   99.91    0.09    0.00    0.00    0.00    0.00    0.00    0.00    0.00
02:18:38     all    0.00   99.84    0.09    0.00    0.00    0.03    0.00    0.00    0.00    0.03
02:18:39     all    0.00   99.81    0.12    0.00    0.00    0.03    0.00    0.00    0.00    0.03
02:18:40     all    0.09   99.81    0.09    0.00    0.00    0.00    0.00    0.00    0.00    0.00
02:18:41     all    0.03   99.91    0.06    0.00    0.00    0.00    0.00    0.00    0.00    0.00
02:18:42     all    0.00   99.59    0.38    0.00    0.00    0.00    0.00    0.00    0.00    0.03
02:18:43     all    0.00   99.97    0.00    0.00    0.00    0.00    0.00    0.00    0.00    0.03
02:18:44     all    0.00   99.94    0.06    0.00    0.00    0.00    0.00    0.00    0.00    0.00
02:18:45     all    0.00   99.97    0.00    0.00    0.00    0.03    0.00    0.00    0.00    0.00
02:18:46     all    0.00   99.88    0.09    0.00    0.00    0.00    0.00    0.00    0.00    0.03
02:18:47     all    0.00   99.97    0.03    0.00    0.00    0.00    0.00    0.00    0.00    0.00
02:18:48     all    0.00   99.94    0.03    0.00    0.00    0.00    0.00    0.00    0.00    0.03
02:18:49     all    0.00  100.00    0.00    0.00    0.00    0.00    0.00    0.00    0.00    0.00
02:18:50     all    0.06   99.84    0.09    0.00    0.00    0.00    0.00    0.00    0.00    0.00
02:18:51     all    0.00  100.00    0.00    0.00    0.00    0.00    0.00    0.00    0.00    0.00
02:18:52     all    0.00   99.94    0.06    0.00    0.00    0.00    0.00    0.00    0.00    0.00
02:18:53     all    0.00   99.97    0.00    0.00    0.00    0.03    0.00    0.00    0.00    0.00
02:18:54     all    0.00   99.97    0.00    0.00    0.00    0.00    0.00    0.00    0.00    0.03
02:18:55     all    0.00   99.97    0.03    0.00    0.00    0.00    0.00    0.00    0.00    0.00
02:18:56     all    0.00   99.94    0.03    0.00    0.00    0.03    0.00    0.00    0.00    0.00
02:18:57     all    0.00   99.94    0.06    0.00    0.00    0.00    0.00    0.00    0.00    0.00
02:18:58     all    0.00   99.75    0.19    0.00    0.00    0.03    0.00    0.00    0.00    0.03
02:18:59     all    0.00   99.94    0.06    0.00    0.00    0.00    0.00    0.00    0.00    0.00
02:19:00     all    0.50   99.38    0.09    0.00    0.00    0.00    0.00    0.00    0.00    0.03
02:19:01     all    0.00   99.97    0.03    0.00    0.00    0.00    0.00    0.00    0.00    0.00
02:19:02     all    0.00  100.00    0.00    0.00    0.00    0.00    0.00    0.00    0.00    0.00
02:19:03     all    0.00   99.94    0.03    0.00    0.00    0.00    0.00    0.00    0.00    0.03
02:19:04     all    0.00   99.97    0.00    0.00    0.00    0.03    0.00    0.00    0.00    0.00
02:19:05     all    0.00  100.00    0.00    0.00    0.00    0.00    0.00    0.00    0.00    0.00
02:19:06     all    0.00   99.94    0.03    0.00    0.00    0.03    0.00    0.00    0.00    0.00
02:19:07     all    0.00  100.00    0.00    0.00    0.00    0.00    0.00    0.00    0.00    0.00
02:19:08     all    0.06   99.88    0.06    0.00    0.00    0.00    0.00    0.00    0.00    0.00
02:19:09     all    0.00   99.97    0.03    0.00    0.00    0.00    0.00    0.00    0.00    0.00
02:19:10     all    0.06   99.87    0.03    0.00    0.00    0.00    0.00    0.00    0.00    0.03
02:19:11     all    0.00   99.91    0.06    0.00    0.00    0.03    0.00    0.00    0.00    0.00
02:19:12     all    0.00   99.94    0.06    0.00    0.00    0.00    0.00    0.00    0.00    0.00
02:19:13     all    0.00   99.97    0.00    0.00    0.00    0.00    0.00    0.00    0.00    0.03
02:19:14     all    0.00   99.97    0.03    0.00    0.00    0.00    0.00    0.00    0.00    0.00
02:19:15     all    0.00  100.00    0.00    0.00    0.00    0.00    0.00    0.00    0.00    0.00
02:19:16     all    0.00   99.97    0.03    0.00    0.00    0.00    0.00    0.00    0.00    0.00
02:19:17     all    0.00  100.00    0.00    0.00    0.00    0.00    0.00    0.00    0.00    0.00
02:19:18     all    0.00   99.97    0.03    0.00    0.00    0.00    0.00    0.00    0.00    0.00
02:19:19     all    0.00   99.97    0.03    0.00    0.00    0.00    0.00    0.00    0.00    0.00
02:19:20     all    0.06   99.81    0.12    0.00    0.00    0.00    0.00    0.00    0.00    0.00
02:19:21     all    0.00  100.00    0.00    0.00    0.00    0.00    0.00    0.00    0.00    0.00
02:19:22     all    0.00   99.94    0.06    0.00    0.00    0.00    0.00    0.00    0.00    0.00
02:19:23     all    0.00   99.97    0.00    0.00    0.00    0.00    0.00    0.00    0.00    0.03
02:19:24     all    0.00   99.97    0.03    0.00    0.00    0.00    0.00    0.00    0.00    0.00
02:19:25     all    0.00   97.16    2.06    0.00    0.00    0.66    0.00    0.00    0.00    0.13
02:19:26     all    0.00   99.53    0.34    0.00    0.00    0.09    0.00    0.00    0.00    0.03
02:19:27     all    0.00   99.91    0.03    0.00    0.00    0.00    0.00    0.00    0.00    0.06
02:19:28     all    0.00   99.91    0.03    0.00    0.00    0.00    0.00    0.00    0.00    0.06
02:19:29     all    0.00   99.91    0.00    0.00    0.00    0.03    0.00    0.00    0.00    0.06
02:19:30     all    0.06   99.84    0.09    0.00    0.00    0.00    0.00    0.00    0.00    0.00
02:19:31     all    0.00   99.97    0.00    0.00    0.00    0.00    0.00    0.00    0.00    0.03
02:19:32     all    0.00   99.91    0.03    0.00    0.00    0.03    0.00    0.00    0.00    0.03
02:19:33     all    0.00  100.00    0.00    0.00    0.00    0.00    0.00    0.00    0.00    0.00
02:19:34     all    0.00   99.97    0.00    0.00    0.00    0.00    0.00    0.00    0.00    0.03
02:19:35     all    0.00   99.94    0.03    0.00    0.00    0.00    0.00    0.00    0.00    0.03
02:19:36     all    0.00   99.97    0.03    0.00    0.00    0.00    0.00    0.00    0.00    0.00
02:19:37     all    0.00  100.00    0.00    0.00    0.00    0.00    0.00    0.00    0.00    0.00
02:19:38     all    0.00   99.88    0.06    0.00    0.00    0.03    0.00    0.00    0.00    0.03
02:19:39     all    0.00   98.31    1.41    0.00    0.00    0.25    0.00    0.00    0.00    0.03
02:19:40     all    0.09   92.54    5.25    0.00    0.00    1.56    0.00    0.00    0.00    0.56
02:19:41     all    0.03   99.91    0.00    0.00    0.00    0.00    0.00    0.00    0.00    0.06
02:19:42     all    0.00   99.97    0.00    0.00    0.00    0.00    0.00    0.00    0.00    0.03
02:19:43     all    0.00   99.94    0.03    0.00    0.00    0.00    0.00    0.00    0.00    0.03
02:19:44     all    0.00   99.84    0.09    0.00    0.00    0.00    0.00    0.00    0.00    0.06
02:19:45     all    0.00   99.94    0.03    0.00    0.00    0.03    0.00    0.00    0.00    0.00
02:19:46     all    0.03   99.91    0.00    0.00    0.00    0.03    0.00    0.00    0.00    0.03
02:19:47     all    0.00   99.91    0.06    0.00    0.00    0.00    0.00    0.00    0.00    0.03
02:19:48     all    0.00   99.19    0.62    0.00    0.00    0.19    0.00    0.00    0.00    0.00
02:19:49     all    0.00   97.56    1.84    0.00    0.00    0.53    0.00    0.00    0.00    0.06
02:19:50     all    0.06   98.81    0.78    0.00    0.00    0.25    0.00    0.00    0.00    0.09
02:19:51     all    0.00   99.94    0.00    0.00    0.00    0.00    0.00    0.00    0.00    0.06
02:19:52     all    0.00   99.91    0.06    0.00    0.00    0.00    0.00    0.00    0.00    0.03
02:19:53     all    0.00   99.87    0.06    0.00    0.00    0.03    0.00    0.00    0.00    0.03
02:19:54     all    0.00   99.94    0.06    0.00    0.00    0.00    0.00    0.00    0.00    0.00
02:19:55     all    0.00   99.97    0.00    0.00    0.00    0.03    0.00    0.00    0.00    0.00
02:19:56     all    0.00   92.04    5.52    0.00    0.00    1.91    0.00    0.00    0.00    0.53
02:19:57     all    0.03   99.84    0.00    0.00    0.00    0.00    0.00    0.00    0.00    0.12
02:19:58     all    0.00   99.69    0.16    0.00    0.00    0.06    0.00    0.00    0.00    0.09
02:19:59     all    0.00   99.94    0.03    0.00    0.00    0.00    0.00    0.00    0.00    0.03
02:20:00     all    0.44   99.31    0.22    0.00    0.00    0.00    0.00    0.00    0.00    0.03
02:20:01     all    0.00   90.79    6.55    0.00    0.00    2.01    0.00    0.00    0.00    0.66
02:20:02     all    0.00   99.84    0.09    0.00    0.00    0.00    0.00    0.00    0.00    0.06
02:20:03     all    0.00   99.81    0.09    0.00    0.00    0.00    0.00    0.00    0.00    0.09
02:20:04     all    0.00   99.91    0.06    0.00    0.00    0.00    0.00    0.00    0.00    0.03
02:20:05     all    0.00   99.72    0.22    0.00    0.00    0.03    0.00    0.00    0.00    0.03
02:20:06     all    0.00   99.94    0.03    0.00    0.00    0.00    0.00    0.00    0.00    0.03
02:20:07     all    0.00   99.91    0.06    0.00    0.00    0.00    0.00    0.00    0.00    0.03
02:20:08     all    0.00   99.94    0.06    0.00    0.00    0.00    0.00    0.00    0.00    0.00
02:20:09     all    0.00   99.88    0.06    0.00    0.00    0.03    0.00    0.00    0.00    0.03
02:20:10     all    0.09   99.84    0.06    0.00    0.00    0.00    0.00    0.00    0.00    0.00
02:20:11     all    0.00   99.87    0.09    0.00    0.00    0.03    0.00    0.00    0.00    0.00
02:20:12     all    0.00   90.41    6.81    0.00    0.00    2.12    0.00    0.00    0.00    0.66
02:20:13     all    0.00   97.13    1.81    0.00    0.00    0.56    0.00    0.00    0.00    0.50
02:20:14     all    0.00   99.88    0.06    0.00    0.00    0.03    0.00    0.00    0.00    0.03
02:20:15     all    0.00   99.41    0.44    0.00    0.00    0.06    0.00    0.00    0.00    0.09
02:20:16     all    0.00   99.88    0.09    0.00    0.00    0.00    0.00    0.00    0.00    0.03
02:20:17     all    0.03   99.84    0.06    0.00    0.00    0.06    0.00    0.00    0.00    0.00
02:20:18     all    0.00   99.94    0.00    0.00    0.00    0.00    0.00    0.00    0.00    0.06
02:20:19     all    0.00   99.88    0.06    0.00    0.00    0.03    0.00    0.00    0.00    0.03
02:20:20     all    0.06   94.43    4.10    0.00    0.00    1.06    0.00    0.00    0.00    0.34
02:20:21     all    0.00   83.81   11.06    0.00    0.00    3.94    0.00    0.00    0.00    1.19
02:20:22     all    0.00   81.38   12.74    0.00    0.00    4.57    0.00    0.00    0.00    1.31
02:20:23     all    0.00   80.15   13.46    0.00    0.00    4.92    0.00    0.00    0.00    1.47
02:20:24     all    0.00   81.86   12.26    0.00    0.00    4.32    0.00    0.00    0.00    1.56
02:20:25     all    0.00   76.61   15.62    0.00    0.00    5.60    0.00    0.00    0.00    2.16
02:20:26     all    0.00   77.97   14.28    0.00    0.00    5.11    0.00    0.00    0.00    2.64
02:20:27     all    0.00   79.08   13.41    0.00    0.00    5.09    0.00    0.00    0.00    2.42
02:20:28     all    0.03   78.77   14.21    0.00    0.00    4.54    0.00    0.00    0.00    2.44
02:20:29     all    0.00   79.59   14.10    0.00    0.00    4.35    0.00    0.00    0.00    1.97
02:20:30     all    0.06   79.06   13.92    0.00    0.00    4.98    0.00    0.00    0.00    1.97
02:20:31     all    0.03   79.91   13.19    0.00    0.00    4.61    0.00    0.00    0.00    2.26
02:20:32     all    0.00   80.92   12.66    0.00    0.00    4.42    0.00    0.00    0.00    2.01
02:20:33     all    0.00   93.48    3.85    0.00    0.00    1.35    0.00    0.00    0.00    1.32
02:20:34     all    0.00   85.36    9.55    0.00    0.00    3.49    0.00    0.00    0.00    1.60
02:20:35     all    0.00   90.94    5.92    0.00    0.00    1.97    0.00    0.00    0.00    1.16
02:20:36     all    0.00   93.18    4.75    0.00    0.00    1.31    0.00    0.00    0.00    0.75
02:20:37     all    0.00   88.14    8.04    0.00    0.00    2.75    0.00    0.00    0.00    1.06
02:20:38     all    0.00   82.05   12.16    0.00    0.00    4.07    0.00    0.00    0.00    1.72
02:20:39     all    0.00   80.74   12.71    0.00    0.00    4.75    0.00    0.00    0.00    1.81
02:20:40     all    0.06   78.96   14.68    0.00    0.00    4.52    0.00    0.00    0.00    1.79
02:20:41     all    0.00   78.33   14.55    0.00    0.00    5.02    0.00    0.00    0.00    2.10
02:20:42     all    0.00   78.74   14.42    0.00    0.00    4.70    0.00    0.00    0.00    2.13
02:20:43     all    0.00   79.02   14.12    0.00    0.00    4.64    0.00    0.00    0.00    2.22
02:20:44     all    0.00   79.11   14.16    0.00    0.00    4.37    0.00    0.00    0.00    2.36
02:20:45     all    0.00   79.81   12.78    0.00    0.00    4.87    0.00    0.00    0.00    2.54
02:20:46     all    0.00   78.33   14.46    0.00    0.00    4.77    0.00    0.00    0.00    2.45
02:20:47     all    0.00   80.99   12.88    0.00    0.00    4.69    0.00    0.00    0.00    1.44
02:20:48     all    0.03   80.71   13.71    0.00    0.00    4.07    0.00    0.00    0.00    1.47
02:20:49     all    0.00   80.35   13.73    0.00    0.00    4.45    0.00    0.00    0.00    1.47
02:20:50     all    0.03   80.46   13.47    0.00    0.00    4.60    0.00    0.00    0.00    1.44
02:20:51     all    0.00   79.98   14.25    0.00    0.00    4.48    0.00    0.00    0.00    1.28
02:20:52     all    0.00   79.22   14.53    0.00    0.00    4.78    0.00    0.00    0.00    1.47
02:20:53     all    0.03   74.85   17.26    0.00    0.00    6.04    0.00    0.00    0.00    1.82
02:20:54     all    0.00   73.11   18.27    0.00    0.00    6.55    0.00    0.00    0.00    2.07
02:20:55     all    0.00   69.57   20.31    0.00    0.00    7.53    0.00    0.00    0.00    2.58
02:20:56     all    0.00   68.88   20.60    0.00    0.00    7.98    0.00    0.00    0.00    2.54
02:20:57     all    0.00   69.93   19.95    0.00    0.00    7.37    0.00    0.00    0.00    2.74
02:20:58     all    0.00   71.21   18.93    0.00    0.00    7.06    0.00    0.00    0.00    2.80
02:20:59     all    0.00   76.45   15.32    0.00    0.00    5.93    0.00    0.00    0.00    2.29
02:21:00     all    0.53   76.49   15.56    0.00    0.00    5.63    0.00    0.00    0.00    1.78
02:21:01     all    0.00   77.12   15.55    0.00    0.00    5.36    0.00    0.00    0.00    1.97
02:21:02     all    0.00   81.27   12.01    0.00    0.00    4.21    0.00    0.00    0.00    2.51
02:21:03     all    0.00   77.33   14.19    0.00    0.00    5.21    0.00    0.00    0.00    3.27
02:21:04     all    0.00   78.93   13.48    0.00    0.00    4.76    0.00    0.00    0.00    2.82
02:21:05     all    0.00   76.36   14.03    0.00    0.00    4.93    0.00    0.00    0.00    4.68
02:21:06     all    0.00   75.65   13.65    0.00    0.00    5.13    0.00    0.00    0.00    5.57
02:21:07     all    0.00   68.98   18.96    0.00    0.00    7.48    0.00    0.00    0.00    4.58
02:21:08     all    0.03   66.07   21.24    0.00    0.00    8.30    0.00    0.00    0.00    4.36
02:21:09     all    0.00   68.21   19.17    0.00    0.00    7.37    0.00    0.00    0.00    5.25
02:21:10     all    0.10   67.17   18.00    0.00    0.00    6.89    0.00    0.00    0.00    7.85
02:21:11     all    0.00   63.92   17.13    0.00    0.00    7.83    0.00    0.00    0.00   11.13
02:21:12     all    0.00   63.37   16.49    0.00    0.00    6.79    0.00    0.00    0.00   13.35
02:21:13     all    0.00   61.51   16.92    0.00    0.00    7.54    0.00    0.00    0.00   14.02
02:21:14     all    0.00   61.86   16.88    0.00    0.00    7.04    0.00    0.00    0.00   14.21
02:21:15     all    0.00   61.15   16.41    0.00    0.00    6.87    0.00    0.00    0.00   15.56
02:21:16     all    0.00   64.03   13.05    0.00    0.00    5.08    0.00    0.00    0.00   17.84
02:21:17     all    0.03   75.09   11.95    0.00    0.00    4.54    0.00    0.00    0.00    8.39
02:21:18     all    0.03   76.52   13.57    0.00    0.00    5.35    0.00    0.00    0.00    4.53
02:21:19     all    0.00   78.42   11.81    0.00    0.00    4.21    0.00    0.00    0.00    5.56
02:21:20     all    0.10   75.65   13.32    0.00    0.00    5.01    0.00    0.00    0.00    5.93
02:21:21     all    0.00   69.62   15.84    0.00    0.00    6.23    0.00    0.00    0.00    8.30
02:21:22     all    0.00   70.87   14.74    0.00    0.00    6.09    0.00    0.00    0.00    8.30
02:21:23     all    0.00   67.39   11.96    0.00    0.00    5.74    0.00    0.00    0.00   14.91
02:21:24     all    0.00   67.28    7.30    0.00    0.00    3.14    0.00    0.00    0.00   22.29
02:21:25     all    0.00   66.44    8.51    0.00    0.00    4.09    0.00    0.00    0.00   20.95
02:21:26     all    0.00   74.16    9.54    0.00    0.00    3.75    0.00    0.00    0.00   12.55
02:21:27     all    0.03   78.83   11.94    0.00    0.00    4.27    0.00    0.00    0.00    4.93
02:21:28     all    0.00   78.82   11.63    0.00    0.00    4.27    0.00    0.00    0.00    5.28
02:21:29     all    0.00   77.73   12.22    0.00    0.00    4.60    0.00    0.00    0.00    5.45
02:21:30     all    0.06   79.48   11.81    0.00    0.00    4.37    0.00    0.00    0.00    4.27
02:21:31     all    0.00   78.24   11.35    0.00    0.00    4.11    0.00    0.00    0.00    6.30
02:21:32     all    0.00   79.41   12.05    0.00    0.00    4.04    0.00    0.00    0.00    4.51
02:21:33     all    0.00   78.48   11.83    0.00    0.00    4.20    0.00    0.00    0.00    5.49
02:21:34     all    0.00   78.92   11.38    0.00    0.00    4.12    0.00    0.00    0.00    5.58
02:21:35     all    0.00   78.89   12.22    0.00    0.00    4.34    0.00    0.00    0.00    4.56
02:21:36     all    0.00   77.50   12.23    0.00    0.00    4.63    0.00    0.00    0.00    5.64
02:21:37     all    0.00   76.23   12.36    0.00    0.00    4.87    0.00    0.00    0.00    6.54
02:21:38     all    0.00   74.30   12.50    0.00    0.00    4.52    0.00    0.00    0.00    8.68
02:21:39     all    0.00   72.51    5.96    0.00    0.00    3.01    0.00    0.00    0.00   18.53
02:21:40     all    0.06   76.15    5.87    0.00    0.00    2.03    0.00    0.00    0.00   15.89
02:21:41     all    0.00   72.68    8.09    0.00    0.00    2.40    0.00    0.00    0.00   16.82
02:21:42     all    0.00   76.15    7.08    0.00    0.00    2.31    0.00    0.00    0.00   14.45
02:21:43     all    0.00   77.44    9.12    0.00    0.00    2.52    0.00    0.00    0.00   10.91
02:21:44     all    0.00   74.51    8.84    0.00    0.00    2.81    0.00    0.00    0.00   13.83
02:21:45     all    0.00   72.45    9.66    0.00    0.00    3.27    0.00    0.00    0.00   14.62
02:21:46     all    0.00   81.68   10.28    0.00    0.00    2.77    0.00    0.00    0.00    5.28
02:21:47     all    0.03   79.63   11.88    0.00    0.00    3.58    0.00    0.00    0.00    4.87
02:21:48     all    0.00   78.66   13.47    0.00    0.00    3.86    0.00    0.00    0.00    4.02
02:21:49     all    0.00   74.88   12.61    0.00    0.00    4.76    0.00    0.00    0.00    7.75
02:21:50     all    0.10   61.43   11.48    0.00    0.00    4.95    0.00    0.00    0.00   22.05
02:21:51     all    0.00   71.42   12.29    0.00    0.00    4.84    0.00    0.00    0.00   11.46
02:21:52     all    0.00   68.62    9.04    0.00    0.00    4.39    0.00    0.00    0.00   17.95
02:21:53     all    0.00   69.00    8.71    0.00    0.00    4.37    0.00    0.00    0.00   17.93
02:21:54     all    0.00   71.06    9.97    0.00    0.00    4.53    0.00    0.00    0.00   14.44
02:21:55     all    0.00   65.34   10.27    0.00    0.00    4.26    0.00    0.00    0.00   20.13
02:21:56     all    0.00   67.34    8.33    0.00    0.00    3.46    0.00    0.00    0.00   20.87
02:21:57     all    0.03   67.65    8.90    0.00    0.00    3.88    0.00    0.00    0.00   19.54
02:21:58     all    0.00   69.79    9.18    0.00    0.00    3.98    0.00    0.00    0.00   17.05
02:21:59     all    0.00   68.06    8.75    0.00    0.00    4.39    0.00    0.00    0.00   18.80
02:22:00     all    0.51   66.34    9.26    0.00    0.00    4.41    0.00    0.00    0.00   19.48
02:22:01     all    0.00   68.07    8.50    0.00    0.00    4.12    0.00    0.00    0.00   19.30
02:22:02     all    0.00   70.84    7.82    0.00    0.00    3.38    0.00    0.00    0.00   17.96
02:22:03     all    0.03   80.77    4.10    0.00    0.00    1.42    0.00    0.00    0.00   13.68
02:22:04     all    0.00   88.09    5.72    0.00    0.00    2.14    0.00    0.00    0.00    4.06
02:22:05     all    0.00   86.48    6.14    0.00    0.00    1.90    0.00    0.00    0.00    5.48
02:22:06     all    0.00   87.59    6.03    0.00    0.00    1.82    0.00    0.00    0.00    4.55
02:22:07     all    0.00   87.11    6.73    0.00    0.00    2.01    0.00    0.00    0.00    4.15
02:22:08     all    0.00   84.79    9.87    0.00    0.00    2.39    0.00    0.00    0.00    2.95
02:22:09     all    0.00   86.21    7.74    0.00    0.00    2.19    0.00    0.00    0.00    3.86
02:22:10     all    0.06   79.20   10.60    0.00    0.00    2.83    0.00    0.00    0.00    7.30
02:22:11     all    0.00   81.44    9.67    0.00    0.00    2.86    0.00    0.00    0.00    6.03
02:22:12     all    0.00   85.72    7.89    0.00    0.00    2.04    0.00    0.00    0.00    4.35
02:22:13     all    0.00   80.68   10.68    0.00    0.00    2.97    0.00    0.00    0.00    5.67
02:22:14     all    0.00   80.79   11.78    0.00    0.00    3.32    0.00    0.00    0.00    4.11
02:22:15     all    0.00   81.78   10.52    0.00    0.00    3.33    0.00    0.00    0.00    4.37
02:22:16     all    0.00   77.65   10.69    0.00    0.00    3.54    0.00    0.00    0.00    8.13
02:22:17     all    0.03   63.98    9.61    0.00    0.00    4.13    0.00    0.00    0.00   22.25
02:22:18     all    0.03   62.15   10.53    0.00    0.00    4.25    0.00    0.00    0.00   23.03
02:22:19     all    0.00   55.59   11.98    0.00    0.00    6.18    0.00    0.00    0.00   26.25
02:22:20     all    0.07   58.07   13.96    0.00    0.00    6.32    0.00    0.00    0.00   21.58
02:22:21     all    0.00   56.86   16.24    0.00    0.00    7.28    0.00    0.00    0.00   19.62
02:22:22     all    0.00   55.66   17.32    0.00    0.00    7.33    0.00    0.00    0.00   19.69
02:22:23     all    0.00   55.43   18.39    0.00    0.00    7.60    0.00    0.00    0.00   18.58
02:22:24     all    0.00   58.14   13.74    0.00    0.00    5.76    0.00    0.00    0.00   22.36
02:22:25     all    0.00   60.87   12.51    0.00    0.00    5.61    0.00    0.00    0.00   21.01
02:22:26     all    0.00   56.48    8.83    0.00    0.00    4.77    0.00    0.00    0.00   29.93
02:22:27     all    0.03   84.30    6.00    0.00    0.00    1.71    0.00    0.00    0.00    7.96
02:22:28     all    0.00   75.58    8.72    0.00    0.00    2.78    0.00    0.00    0.00   12.92
02:22:29     all    0.00   72.68    5.12    0.00    0.00    1.64    0.00    0.00    0.00   20.55
02:22:30     all    0.06   81.52    6.45    0.00    0.00    1.61    0.00    0.00    0.00   10.36
02:22:31     all    0.00   88.48    6.00    0.00    0.00    1.35    0.00    0.00    0.00    4.18
02:22:32     all    0.00   88.07    7.02    0.00    0.00    1.92    0.00    0.00    0.00    2.99
02:22:33     all    0.00   82.12   11.22    0.00    0.00    3.16    0.00    0.00    0.00    3.50
02:22:34     all    0.00   82.32   10.93    0.00    0.00    3.23    0.00    0.00    0.00    3.52
02:22:35     all    0.00   79.20   12.87    0.00    0.00    3.91    0.00    0.00    0.00    4.01
02:22:36     all    0.00   77.01   13.32    0.00    0.00    4.66    0.00    0.00    0.00    5.01
02:22:37     all    0.03   76.99   14.03    0.00    0.00    4.36    0.00    0.00    0.00    4.58
02:22:38     all    0.00   68.12   15.67    0.00    0.00    6.13    0.00    0.00    0.00   10.08
02:22:39     all    0.00   63.68   17.41    0.00    0.00    6.29    0.00    0.00    0.00   12.62
02:22:40     all    0.10   54.56   20.06    0.00    0.00    8.21    0.00    0.00    0.00   17.07
02:22:41     all    0.00   52.28   21.66    0.00    0.00    8.73    0.00    0.00    0.00   17.33
02:22:42     all    0.00   51.66   25.62    0.00    0.00    9.74    0.00    0.00    0.00   12.99
02:22:43     all    0.03   48.95   28.08    0.00    0.00    9.80    0.00    0.00    0.00   13.15
02:22:44     all    0.00   34.31   25.06    0.00    0.00    9.87    0.00    0.00    0.00   30.76
02:22:45     all    0.00   29.39   22.01    0.00    0.00    8.62    0.00    0.00    0.00   39.99
02:22:46     all    0.00   40.51   21.38    0.00    0.00    8.92    0.00    0.00    0.00   29.19
02:22:47     all    0.03   51.18   21.48    0.00    0.00    9.28    0.00    0.00    0.00   18.04
02:22:48     all    0.03   51.52   19.33    0.00    0.00    7.89    0.00    0.00    0.00   21.23
02:22:49     all    0.00   53.26   14.56    0.00    0.00    6.36    0.00    0.00    0.00   25.82
02:22:50     all    0.13   57.82   10.02    0.00    0.00    4.00    0.00    0.00    0.00   28.04
02:22:51     all    0.00   70.64   10.23    0.00    0.00    2.91    0.00    0.00    0.00   16.22
02:22:52     all    0.00   77.48   10.44    0.00    0.00    2.88    0.00    0.00    0.00    9.21
02:22:53     all    0.00   71.85    9.67    0.00    0.00    2.98    0.00    0.00    0.00   15.50
02:22:54     all    0.00   80.60   10.59    0.00    0.00    2.92    0.00    0.00    0.00    5.88
02:22:55     all    0.00   79.33   10.35    0.00    0.00    2.93    0.00    0.00    0.00    7.39
02:22:56     all    0.00   76.00    9.81    0.00    0.00    2.67    0.00    0.00    0.00   11.51
02:22:57     all    0.00   79.06    8.88    0.00    0.00    3.09    0.00    0.00    0.00    8.97
02:22:58     all    0.00   72.10    8.66    0.00    0.00    2.64    0.00    0.00    0.00   16.59
02:22:59     all    0.00   79.34   10.52    0.00    0.00    3.17    0.00    0.00    0.00    6.97
02:23:00     all    0.69   83.41    7.87    0.00    0.00    2.30    0.00    0.00    0.00    5.73
02:23:01     all    0.00   81.21    5.34    0.00    0.00    1.52    0.00    0.00    0.00   11.94
02:23:02     all    0.00   79.51    9.48    0.00    0.00    3.04    0.00    0.00    0.00    7.97
02:23:03     all    0.00   78.41    8.75    0.00    0.00    2.66    0.00    0.00    0.00   10.18
02:23:04     all    0.00   78.63    9.13    0.00    0.00    2.58    0.00    0.00    0.00    9.66
02:23:05     all    0.00   82.19    9.79    0.00    0.00    2.33    0.00    0.00    0.00    5.70
02:23:06     all    0.00   80.96    8.67    0.00    0.00    2.55    0.00    0.00    0.00    7.82
02:23:07     all    0.00   80.06   10.69    0.00    0.00    3.36    0.00    0.00    0.00    5.88
02:23:08     all    0.00   82.29    8.95    0.00    0.00    2.20    0.00    0.00    0.00    6.56
02:23:09     all    0.00   77.74    6.82    0.00    0.00    2.19    0.00    0.00    0.00   13.25
02:23:10     all    0.13   84.88    7.54    0.00    0.00    2.14    0.00    0.00    0.00    5.31
02:23:11     all    0.00   85.93    8.62    0.00    0.00    2.16    0.00    0.00    0.00    3.29
02:23:12     all    0.00   92.36    4.26    0.00    0.00    1.19    0.00    0.00    0.00    2.19
02:23:13     all    0.00   89.20    6.92    0.00    0.00    1.50    0.00    0.00    0.00    2.38
02:23:14     all    0.00   83.07   10.29    0.00    0.00    2.64    0.00    0.00    0.00    4.00
02:23:15     all    0.00   82.60   10.91    0.00    0.00    2.70    0.00    0.00    0.00    3.79
02:23:16     all    0.00   83.16   10.77    0.00    0.00    2.76    0.00    0.00    0.00    3.32
02:23:17     all    0.00   82.78   10.34    0.00    0.00    2.95    0.00    0.00    0.00    3.93
02:23:18     all    0.03   83.46    9.69    0.00    0.00    2.65    0.00    0.00    0.00    4.17
02:23:19     all    0.00   77.46   10.23    0.00    0.00    2.90    0.00    0.00    0.00    9.41
02:23:20     all    0.10   65.11   11.05    0.00    0.00    5.12    0.00    0.00    0.00   18.62
02:23:21     all    0.00   69.66   13.14    0.00    0.00    5.68    0.00    0.00    0.00   11.52
02:23:22     all    0.00   58.89   17.20    0.00    0.00    7.23    0.00    0.00    0.00   16.68
02:23:23     all    0.00   52.11   19.16    0.00    0.00    7.94    0.00    0.00    0.00   20.79
02:23:24     all    0.03   51.34   20.03    0.00    0.00    8.95    0.00    0.00    0.00   19.65
02:23:25     all    0.00   53.42   17.64    0.00    0.00    7.01    0.00    0.00    0.00   21.93
02:23:26     all    0.00   51.85   14.13    0.00    0.00    6.17    0.00    0.00    0.00   27.84
02:23:27     all    0.00   64.79    9.79    0.00    0.00    3.15    0.00    0.00    0.00   22.28
02:23:28     all    0.09   77.46    9.29    0.00    0.00    2.83    0.00    0.00    0.00   10.32
02:23:29     all    0.00   79.42    8.01    0.00    0.00    2.56    0.00    0.00    0.00   10.01
02:23:30     all    0.09   78.56    9.73    0.00    0.00    2.49    0.00    0.00    0.00    9.13
02:23:31     all    0.00   79.83    9.68    0.00    0.00    2.76    0.00    0.00    0.00    7.73
02:23:32     all    0.00   82.11   10.06    0.00    0.00    2.71    0.00    0.00    0.00    5.11
02:23:33     all    0.03   81.85   10.68    0.00    0.00    2.83    0.00    0.00    0.00    4.62
02:23:34     all    0.00   81.20   10.64    0.00    0.00    2.89    0.00    0.00    0.00    5.27
02:23:35     all    0.00   82.32   10.38    0.00    0.00    3.45    0.00    0.00    0.00    3.86
02:23:36     all    0.00   83.57   10.11    0.00    0.00    3.07    0.00    0.00    0.00    3.26
02:23:37     all    0.03   83.78    9.43    0.00    0.00    2.80    0.00    0.00    0.00    3.96
02:23:38     all    0.00   77.67    9.29    0.00    0.00    2.58    0.00    0.00    0.00   10.46
02:23:39     all    0.00   77.58    8.08    0.00    0.00    2.43    0.00    0.00    0.00   11.90
02:23:40     all    0.06   77.21    9.08    0.00    0.00    2.68    0.00    0.00    0.00   10.97
02:23:41     all    0.00   66.13    6.83    0.00    0.00    2.44    0.00    0.00    0.00   24.60
02:23:42     all    0.00   70.06    7.17    0.00    0.00    2.72    0.00    0.00    0.00   20.06
02:23:43     all    0.03   55.28    6.62    0.00    0.00    2.48    0.00    0.00    0.00   35.58
02:23:44     all    0.00   43.65    5.93    0.00    0.00    2.22    0.00    0.00    0.00   48.19
02:23:45     all    0.00   46.07    5.15    0.00    0.00    1.89    0.00    0.00    0.00   46.90
02:23:46     all    0.00   47.96    5.67    0.00    0.00    2.13    0.00    0.00    0.00   44.24
02:23:47     all    0.00   47.85    5.92    0.00    0.00    2.16    0.00    0.00    0.00   44.06
02:23:48     all    0.00   45.44    5.82    0.00    0.00    2.32    0.00    0.00    0.00   46.42
02:23:49     all    0.00   45.45    6.12    0.00    0.00    1.93    0.00    0.00    0.00   46.50
02:23:50     all    0.03   42.14    5.67    0.00    0.00    2.10    0.00    0.00    0.00   50.06
02:23:51     all    0.00   45.58    5.64    0.00    0.00    2.14    0.00    0.00    0.00   46.64
02:23:52     all    0.00   44.76    5.49    0.00    0.00    2.17    0.00    0.00    0.00   47.57
02:23:53     all    0.03   45.04    5.61    0.00    0.00    1.66    0.00    0.00    0.00   47.66
02:23:54     all    0.00   43.04    5.38    0.00    0.00    2.11    0.00    0.00    0.00   49.47
02:23:55     all    0.00   39.36    5.68    0.00    0.00    1.98    0.00    0.00    0.00   52.98
02:23:56     all    0.00   40.17    5.82    0.00    0.00    2.20    0.00    0.00    0.00   51.81
02:23:57     all    0.00   42.70    5.95    0.00    0.00    2.16    0.00    0.00    0.00   49.19
02:23:58     all    0.00   42.98    5.98    0.00    0.00    2.23    0.00    0.00    0.00   48.81
02:23:59     all    0.00   41.76    5.44    0.00    0.00    2.26    0.00    0.00    0.00   50.54
02:24:00     all    0.57   44.54    6.12    0.00    0.00    2.01    0.00    0.00    0.00   46.77
02:24:01     all    0.00   43.15    6.09    0.00    0.00    2.06    0.00    0.00    0.00   48.70
02:24:02     all    0.00   45.28    5.28    0.00    0.00    2.05    0.00    0.00    0.00   47.39
02:24:03     all    0.00   43.13    5.53    0.00    0.00    2.45    0.00    0.00    0.00   48.89
02:24:04     all    0.00   44.75    5.36    0.00    0.00    2.04    0.00    0.00    0.00   47.85
02:24:05     all    0.00   42.95    5.73    0.00    0.00    2.35    0.00    0.00    0.00   48.97
02:24:06     all    0.00   29.07    5.05    0.00    0.00    1.66    0.00    0.00    0.00   64.22
02:24:07     all    0.03   13.02    3.59    0.00    0.00    1.40    0.00    0.00    0.00   81.97
02:24:08     all    0.00   10.76    3.01    0.00    0.00    1.62    0.00    0.00    0.00   84.61
02:24:09     all    0.00   10.77    3.61    0.00    0.00    1.49    0.00    0.00    0.00   84.13
02:24:10     all    0.06   10.06    3.59    0.00    0.00    1.55    0.00    0.00    0.00   84.74
02:24:11     all    0.00    7.73    5.07    0.00    0.00    2.53    0.00    0.00    0.00   84.67
02:24:12     all    0.00    7.56    4.37    0.00    0.00    2.97    0.00    0.00    0.00   85.10
02:24:13     all    0.00    5.80    5.64    0.00    0.00    3.01    0.00    0.00    0.00   85.56
02:24:14     all    0.00    9.58    4.54    0.00    0.00    1.87    0.00    0.00    0.00   84.01
02:24:15     all    0.00    4.43    5.97    0.00    0.00    3.66    0.00    0.00    0.00   85.94
02:24:16     all    0.00    4.35    6.00    0.00    0.00    3.60    0.00    0.00    0.00   86.04
02:24:17     all    0.10    6.17    5.72    0.00    0.00    3.42    0.00    0.00    0.00   84.59
02:24:18     all    0.00    3.24    7.00    0.00    0.00    3.70    0.00    0.00    0.00   86.06
02:24:19     all    0.00    5.04    6.42    0.00    0.00    3.76    0.00    0.00    0.00   84.78
02:24:20     all    0.06    4.41    6.84    0.00    0.00    3.96    0.00    0.00    0.00   84.72
02:24:21     all    0.00    4.09    6.29    0.00    0.00    3.50    0.00    0.00    0.00   86.12
02:24:22     all    0.00    5.96    5.47    0.00    0.00    3.28    0.00    0.00    0.00   85.29
02:24:23     all    0.00    3.17    6.69    0.00    0.00    4.01    0.00    0.00    0.00   86.14
02:24:24     all    0.00    5.77    5.55    0.00    0.00    2.92    0.00    0.00    0.00   85.76
02:24:25     all    0.00    7.49    5.04    0.00    0.00    2.63    0.00    0.00    0.00   84.83
02:24:26     all    0.03    4.35    6.65    0.00    0.00    3.93    0.00    0.00    0.00   85.04
02:24:27     all    0.00    2.91    6.95    0.00    0.00    4.27    0.00    0.00    0.00   85.87
02:24:28     all    0.00    3.10    7.01    0.00    0.00    4.10    0.00    0.00    0.00   85.78
02:24:29     all    0.00    4.47    7.08    0.00    0.00    3.63    0.00    0.00    0.00   84.82
02:24:30     all    0.10    7.72    3.24    0.00    0.00    1.46    0.00    0.00    0.00   87.48
02:24:31     all    0.00    4.73    4.54    0.00    0.00    2.75    0.00    0.00    0.00   87.98
02:24:32     all    0.00    2.95    5.68    0.00    0.00    3.34    0.00    0.00    0.00   88.03
02:24:33     all    0.00    2.96    5.78    0.00    0.00    3.73    0.00    0.00    0.00   87.53
02:24:34     all    0.00    2.92    5.46    0.00    0.00    3.73    0.00    0.00    0.00   87.89
02:24:35     all    0.00    4.17    4.94    0.00    0.00    2.66    0.00    0.00    0.00   88.22
02:24:36     all    0.00    3.27    2.23    0.00    0.00    0.82    0.00    0.00    0.00   93.69
02:24:37     all    0.03    2.39    1.51    0.00    0.00    0.47    0.00    0.00    0.00   95.59
02:24:38     all    0.00    0.03    3.50    0.00    0.00    1.51    0.00    0.00    0.00   94.96
02:24:39     all    0.00    0.00    3.52    0.00    0.00    1.82    0.00    0.00    0.00   94.65
02:24:40     all    0.10    0.03    3.44    0.00    0.00    1.51    0.00    0.00    0.00   94.93
02:24:41     all    0.00    0.00    3.74    0.00    0.00    1.76    0.00    0.00    0.00   94.50
02:24:42     all    0.00    0.00    3.53    0.00    0.00    1.47    0.00    0.00    0.00   95.00
02:24:43     all    0.00    2.92    0.94    0.00    0.00    0.31    0.00    0.00    0.00   95.82
02:24:44     all    0.00    1.72    0.66    0.00    0.00    0.13    0.00    0.00    0.00   97.49
02:24:45     all    0.00    0.03    0.22    0.00    0.00    0.00    0.00    0.00    0.00   99.75
02:24:46     all    0.00    0.00    0.00    0.00    0.00    0.00    0.00    0.00    0.00  100.00
02:24:47     all    0.03    0.00    0.00    0.00    0.00    0.00    0.00    0.00    0.00   99.97
02:24:48     all    0.00    0.00    0.00    0.00    0.00    0.00    0.00    0.00    0.00  100.00
02:24:49     all    0.00    0.00    0.00    0.00    0.00    0.00    0.00    0.00    0.00  100.00
02:24:50     all    0.06    0.00    0.09    0.00    0.00    0.00    0.00    0.00    0.00   99.84
02:24:51     all    0.00    0.00    0.00    0.00    0.00    0.00    0.00    0.00    0.00  100.00
02:24:52     all    0.00    0.00    0.00    0.00    0.00    0.00    0.00    0.00    0.00  100.00
02:24:53     all    0.00    0.00    0.00    0.00    0.00    0.00    0.00    0.00    0.00  100.00
02:24:54     all    0.00    0.00    0.00    0.00    0.00    0.00    0.00    0.00    0.00  100.00
02:24:55     all    0.00    0.00    0.00    0.00    0.00    0.00    0.00    0.00    0.00  100.00
02:24:56     all    0.00    0.00    0.00    0.00    0.00    0.00    0.00    0.00    0.00  100.00
02:24:57     all    0.03    0.00    0.03    0.00    0.00    0.00    0.00    0.00    0.00   99.94
02:24:58     all    0.00    0.00    0.00    0.00    0.00    0.00    0.00    0.00    0.00  100.00
02:24:59     all    0.00    0.00    0.03    0.00    0.00    0.00    0.00    0.00    0.00   99.97
02:25:00     all    0.47    0.00    0.19    0.00    0.00    0.12    0.00    0.00    0.00   99.22
02:25:01     all    0.00    0.00    0.00    0.00    0.00    0.00    0.00    0.00    0.00  100.00
02:25:02     all    0.00    0.00    0.00    0.00    0.00    0.00    0.00    0.00    0.00  100.00
02:25:03     all    0.00    0.00    0.00    0.00    0.00    0.00    0.00    0.00    0.00  100.00
02:25:04     all    0.00    0.00    0.00    0.00    0.00    0.00    0.00    0.00    0.00  100.00
02:25:05     all    0.00    0.00    0.03    0.00    0.00    0.00    0.00    0.00    0.00   99.97
02:25:06     all    0.03    0.00    0.00    0.00    0.00    0.00    0.00    0.00    0.00   99.97
02:25:07     all    0.00    0.00    0.03    0.00    0.00    0.00    0.00    0.00    0.00   99.97
02:25:08     all    0.00    0.00    0.00    0.00    0.00    0.00    0.00    0.00    0.00  100.00
02:25:09     all    0.00    0.00    0.00    0.00    0.00    0.00    0.00    0.00    0.00  100.00
02:25:10     all    0.09    0.00    0.06    0.00    0.00    0.00    0.00    0.00    0.00   99.84
02:25:11     all    0.00    0.00    0.00    0.00    0.00    0.00    0.00    0.00    0.00  100.00
02:25:12     all    0.00    0.00    0.00    0.00    0.00    0.00    0.00    0.00    0.00  100.00

Average:     all    0.03   51.48    9.56    0.00    0.00    3.18    0.00    0.00    0.00   35.75
