Linux 4.20.0+ (eternitystorage) 	01/16/24 	_x86_64_	(32 CPU)

00:22:49     CPU    %usr   %nice    %sys %iowait    %irq   %soft  %steal  %guest  %gnice   %idle
00:22:50     all    0.06    0.00    0.12    0.00    0.00    0.00    0.00    0.00    0.00   99.81
00:22:51     all    0.03    0.00    0.03    0.00    0.00    0.00    0.00    0.00    0.00   99.94
00:22:52     all    0.06    0.00    0.25    0.12    0.00    0.00    0.00    0.00    0.00   99.56
00:22:53     all    0.00    0.00    0.00    0.00    0.00    0.00    0.00    0.00    0.00  100.00
00:22:54     all    0.03    0.00    0.06    0.00    0.00    0.00    0.00    0.00    0.00   99.91
00:22:55     all    0.00    0.00    0.06    0.00    0.00    0.00    0.00    0.00    0.00   99.94
00:22:56     all    0.00    0.00    0.00    0.00    0.00    0.00    0.00    0.00    0.00  100.00
00:22:57     all    0.00    0.00    0.09    0.00    0.00    0.00    0.00    0.00    0.00   99.91
00:22:58     all    0.00    0.00    0.06    0.00    0.00    0.00    0.00    0.00    0.00   99.94
00:22:59     all    0.00    0.00    0.00    0.00    0.00    0.00    0.00    0.00    0.00  100.00
00:23:00     all    0.44    0.00    0.22    0.00    0.00    0.00    0.00    0.00    0.00   99.34
00:23:01     all    0.03    0.00    0.06    0.00    0.00    0.00    0.00    0.00    0.00   99.91
00:23:02     all    0.03    0.00    0.34    0.00    0.00    0.00    0.00    0.00    0.00   99.62
00:23:03     all    0.00    0.00    1.10    0.00    0.00    0.06    0.00    0.00    0.00   98.84
00:23:04     all    0.03    0.00    1.51    0.00    0.00    0.09    0.00    0.00    0.00   98.37
00:23:05     all    0.00    0.00    2.68    0.00    0.00    0.09    0.00    0.00    0.00   97.23
00:23:06     all    0.03    0.00    3.42    0.00    0.00    0.31    0.00    0.00    0.00   96.23
00:23:07     all    0.00    0.00    3.51    0.00    0.00    0.35    0.00    0.00    0.00   96.14
00:23:08     all    0.00    0.00    3.76    0.00    0.00    0.22    0.00    0.00    0.00   96.02
00:23:09     all    0.00    0.00    3.61    0.00    0.00    0.22    0.00    0.00    0.00   96.17
00:23:10     all    0.13    0.00    3.67    0.00    0.00    0.22    0.00    0.00    0.00   95.98
00:23:11     all    0.00    0.00    3.34    0.00    0.00    0.16    0.00    0.00    0.00   96.50
00:23:12     all    0.03    0.00    3.49    0.00    0.00    0.19    0.00    0.00    0.00   96.29
00:23:13     all    0.00    0.00    3.18    0.00    0.00    0.28    0.00    0.00    0.00   96.54
00:23:14     all    0.03    0.00    3.09    0.00    0.00    0.19    0.00    0.00    0.00   96.69
00:23:15     all    0.00    0.00    3.51    0.00    0.00    0.28    0.00    0.00    0.00   96.20
00:23:16     all    0.00    0.00    2.96    0.00    0.00    0.22    0.00    0.00    0.00   96.81
00:23:17     all    0.00    0.03    3.09    0.00    0.00    0.13    0.00    0.00    0.00   96.75
00:23:18     all    0.03    0.00    3.36    0.00    0.00    0.25    0.00    0.00    0.00   96.36
00:23:19     all    0.00    0.00    3.48    0.00    0.00    0.31    0.00    0.00    0.00   96.20
00:23:20     all    0.13    0.00    3.27    0.00    0.00    0.38    0.00    0.00    0.00   96.22
00:23:21     all    0.03    0.00    3.09    0.00    0.00    0.16    0.00    0.00    0.00   96.72
00:23:22     all    0.00    0.00    2.96    0.00    0.00    0.25    0.00    0.00    0.00   96.79
00:23:23     all    0.03    0.00    3.28    0.00    0.00    0.16    0.00    0.00    0.00   96.53
00:23:24     all    0.00    0.00    3.58    0.00    0.00    0.25    0.00    0.00    0.00   96.17
00:23:25     all    0.00    0.00    3.42    0.00    0.00    0.25    0.00    0.00    0.00   96.32
00:23:26     all    0.03    0.00    3.18    0.00    0.00    0.25    0.00    0.00    0.00   96.53
00:23:27     all    0.00    0.00    3.46    0.00    0.00    0.13    0.00    0.00    0.00   96.41
00:23:28     all    0.00    0.00    3.30    0.00    0.00    0.31    0.00    0.00    0.00   96.39
00:23:29     all    0.03    0.00    3.25    0.00    0.00    0.19    0.00    0.00    0.00   96.53
00:23:30     all    0.13    0.00    3.61    0.00    0.00    0.28    0.00    0.00    0.00   95.98
00:23:31     all    0.00    0.00    3.25    0.00    0.00    0.16    0.00    0.00    0.00   96.60
00:23:32     all    0.03    0.00    3.31    0.00    0.00    0.22    0.00    0.00    0.00   96.44
00:23:33     all    0.00    0.00    3.15    0.00    0.00    0.31    0.00    0.00    0.00   96.54
00:23:34     all    0.03    0.00    3.46    0.00    0.00    0.16    0.00    0.00    0.00   96.35
00:23:35     all    0.00    0.00    3.67    0.00    0.00    0.22    0.00    0.00    0.00   96.11
00:23:36     all    0.00    0.00    3.39    0.00    0.00    0.22    0.00    0.00    0.00   96.39
00:23:37     all    0.03    0.00    3.09    0.00    0.00    0.31    0.00    0.00    0.00   96.57
00:23:38     all    0.03    0.00    3.33    0.00    0.00    0.31    0.00    0.00    0.00   96.32
00:23:39     all    0.00    0.00    3.30    0.00    0.00    0.25    0.00    0.00    0.00   96.45
00:23:40     all    0.09    0.00    3.73    0.00    0.00    0.16    0.00    0.00    0.00   96.02
00:23:41     all    0.03    0.00    3.42    0.00    0.00    0.22    0.00    0.00    0.00   96.32
00:23:42     all    0.00    0.00    3.24    0.00    0.00    0.25    0.00    0.00    0.00   96.51
00:23:43     all    0.00    0.00    3.64    0.00    0.00    0.22    0.00    0.00    0.00   96.14
00:23:44     all    0.03    0.00    3.24    0.00    0.00    0.22    0.00    0.00    0.00   96.51
00:23:45     all    0.00    0.00    3.03    0.00    0.00    0.13    0.00    0.00    0.00   96.84
00:23:46     all    0.00    0.00    2.97    0.00    0.00    0.13    0.00    0.00    0.00   96.90
00:23:47     all    0.00    0.00    3.49    0.00    0.00    0.25    0.00    0.00    0.00   96.26
00:23:48     all    0.00    0.00    3.21    0.00    0.00    0.22    0.00    0.00    0.00   96.57
00:23:49     all    0.00    0.00    3.09    0.00    0.00    0.22    0.00    0.00    0.00   96.68
00:23:50     all    0.13    0.00    3.24    0.00    0.00    0.35    0.00    0.00    0.00   96.29
00:23:51     all    0.00    0.00    3.42    0.00    0.00    0.28    0.00    0.00    0.00   96.30
00:23:52     all    0.00    0.00    3.48    0.00    0.00    0.31    0.00    0.00    0.00   96.20
00:23:53     all    0.06    0.00    3.67    0.00    0.00    0.31    0.00    0.00    0.00   95.96
00:23:54     all    0.00    0.00    3.24    0.00    0.00    0.22    0.00    0.00    0.00   96.54
00:23:55     all    0.00    0.00    3.31    0.00    0.00    0.22    0.00    0.00    0.00   96.47
00:23:56     all    0.06    0.00    3.66    0.00    0.00    0.38    0.00    0.00    0.00   95.90
00:23:57     all    0.00    0.00    3.36    0.00    0.00    0.25    0.00    0.00    0.00   96.38
00:23:58     all    0.22    0.00    3.25    0.00    0.00    0.22    0.00    0.00    0.00   96.31
00:23:59     all    0.00    0.00    3.57    0.00    0.00    0.25    0.00    0.00    0.00   96.17
00:24:00     all    0.44    0.00    3.80    0.00    0.00    0.19    0.00    0.00    0.00   95.58
00:24:01     all    0.00    0.00    3.25    0.00    0.00    0.16    0.00    0.00    0.00   96.60
00:24:02     all    0.00    0.00    3.00    0.00    0.00    0.22    0.00    0.00    0.00   96.78
00:24:03     all    0.00    0.00    3.15    0.00    0.00    0.25    0.00    0.00    0.00   96.60
00:24:04     all    0.00    0.00    3.21    0.00    0.00    0.22    0.00    0.00    0.00   96.57
00:24:05     all    0.00    0.00    3.08    0.00    0.00    0.19    0.00    0.00    0.00   96.73
00:24:06     all    0.03    0.00    2.97    0.00    0.00    0.09    0.00    0.00    0.00   96.90
00:24:07     all    0.00    0.00    3.06    0.00    0.00    0.09    0.00    0.00    0.00   96.84
00:24:08     all    0.00    0.00    2.90    0.00    0.00    0.32    0.00    0.00    0.00   96.78
00:24:09     all    0.03    0.00    3.27    0.00    0.00    0.25    0.00    0.00    0.00   96.44
00:24:10     all    0.06    0.00    3.22    0.00    0.00    0.28    0.00    0.00    0.00   96.44
00:24:11     all    0.00    0.00    3.24    0.00    0.00    0.19    0.00    0.00    0.00   96.57
00:24:12     all    0.00    0.00    3.43    0.00    0.00    0.13    0.00    0.00    0.00   96.44
00:24:13     all    0.03    0.00    3.06    0.00    0.00    0.28    0.00    0.00    0.00   96.63
00:24:14     all    0.00    0.00    3.24    0.00    0.00    0.19    0.00    0.00    0.00   96.57
00:24:15     all    0.00    0.00    3.15    0.00    0.00    0.19    0.00    0.00    0.00   96.66
00:24:16     all    0.03    0.00    3.61    0.00    0.00    0.13    0.00    0.00    0.00   96.23
00:24:17     all    0.00    0.00    3.06    0.00    0.00    0.25    0.00    0.00    0.00   96.69
00:24:18     all    0.03    0.00    3.49    0.00    0.00    0.19    0.00    0.00    0.00   96.29
00:24:19     all    0.00    0.00    3.46    0.00    0.00    0.19    0.00    0.00    0.00   96.35
00:24:20     all    0.13    0.00    3.21    0.00    0.00    0.31    0.00    0.00    0.00   96.35
00:24:21     all    0.00    0.00    3.18    0.00    0.00    0.22    0.00    0.00    0.00   96.60
00:24:22     all    0.00    0.00    3.43    0.00    0.00    0.22    0.00    0.00    0.00   96.35
00:24:23     all    0.00    0.00    3.37    0.00    0.00    0.19    0.00    0.00    0.00   96.45
00:24:24     all    0.00    0.00    3.61    0.00    0.00    0.25    0.00    0.00    0.00   96.14
00:24:25     all    0.00    0.00    3.31    0.00    0.00    0.16    0.00    0.00    0.00   96.54
00:24:26     all    0.03    0.00    3.40    0.00    0.00    0.19    0.00    0.00    0.00   96.38
00:24:27     all    0.03    0.00    3.42    0.00    0.00    0.19    0.00    0.00    0.00   96.36
00:24:28     all    0.00    0.00    3.18    0.00    0.00    0.28    0.00    0.00    0.00   96.54
00:24:29     all    0.00    0.00    2.94    0.00    0.00    0.28    0.00    0.00    0.00   96.78
00:24:30     all    0.13    0.00    3.51    0.00    0.00    0.63    0.00    0.00    0.00   95.74
00:24:31     all    0.00    0.00    3.15    0.00    0.00    0.16    0.00    0.00    0.00   96.69
00:24:32     all    0.03    0.00    3.33    0.00    0.00    0.25    0.00    0.00    0.00   96.38
00:24:33     all    0.00    0.00    3.12    0.00    0.00    0.28    0.00    0.00    0.00   96.60
00:24:34     all    0.00    0.00    3.24    0.00    0.00    0.25    0.00    0.00    0.00   96.51
00:24:35     all    0.03    0.00    3.12    0.00    0.00    0.16    0.00    0.00    0.00   96.69
00:24:36     all    0.00    0.00    3.55    0.00    0.00    0.25    0.00    0.00    0.00   96.20
00:24:37     all    0.03    0.00    3.30    0.00    0.00    0.22    0.00    0.00    0.00   96.45
00:24:38     all    0.00    0.00    3.49    0.00    0.00    0.19    0.00    0.00    0.00   96.32
00:24:39     all    0.00    0.00    3.15    0.00    0.00    0.25    0.00    0.00    0.00   96.59
00:24:40     all    0.13    0.00    3.21    0.00    0.00    0.31    0.00    0.00    0.00   96.35
00:24:41     all    0.00    0.00    3.52    0.00    0.00    0.25    0.00    0.00    0.00   96.23
00:24:42     all    0.03    0.00    3.12    0.00    0.00    0.16    0.00    0.00    0.00   96.69
00:24:43     all    0.00    0.00    3.05    0.00    0.00    0.25    0.00    0.00    0.00   96.70
00:24:44     all    0.00    0.00    3.22    0.00    0.00    0.22    0.00    0.00    0.00   96.56
00:24:45     all    0.00    0.00    3.00    0.00    0.00    0.22    0.00    0.00    0.00   96.78
00:24:46     all    0.00    0.00    2.99    0.00    0.00    0.28    0.00    0.00    0.00   96.72
00:24:47     all    0.03    0.00    3.34    0.00    0.00    0.16    0.00    0.00    0.00   96.47
00:24:48     all    0.00    0.00    3.67    0.00    0.00    0.25    0.00    0.00    0.00   96.08
00:24:49     all    0.03    0.00    3.49    0.00    0.00    0.16    0.00    0.00    0.00   96.32
00:24:50     all    0.13    0.00    3.49    0.00    0.00    0.31    0.00    0.00    0.00   96.07
00:24:51     all    0.00    0.00    2.97    0.00    0.00    0.25    0.00    0.00    0.00   96.78
00:24:52     all    0.06    0.00    3.21    0.00    0.00    0.16    0.00    0.00    0.00   96.57
00:24:53     all    0.00    0.00    3.37    0.00    0.00    0.25    0.00    0.00    0.00   96.38
00:24:54     all    0.00    0.00    3.27    0.00    0.00    0.25    0.00    0.00    0.00   96.48
00:24:55     all    0.00    0.00    3.28    0.00    0.00    0.19    0.00    0.00    0.00   96.54
00:24:56     all    0.00    0.00    3.61    0.00    0.00    0.16    0.00    0.00    0.00   96.23
00:24:57     all    0.00    0.00    3.42    0.00    0.00    0.28    0.00    0.00    0.00   96.30
00:24:58     all    0.03    0.00    3.12    0.00    0.00    0.25    0.00    0.00    0.00   96.59
00:24:59     all    0.00    0.00    3.49    0.00    0.00    0.19    0.00    0.00    0.00   96.32
00:25:00     all    0.41    0.00    3.28    0.00    0.00    0.25    0.00    0.00    0.00   96.06
00:25:01     all    0.00    0.00    3.31    0.00    0.00    0.19    0.00    0.00    0.00   96.51
00:25:02     all    0.03    0.00    3.21    0.00    0.00    0.22    0.00    0.00    0.00   96.54
00:25:03     all    0.00    0.00    3.12    0.00    0.00    0.22    0.00    0.00    0.00   96.66
00:25:04     all    0.03    0.00    3.15    0.00    0.00    0.19    0.00    0.00    0.00   96.63
00:25:05     all    0.00    0.00    3.05    0.00    0.00    0.28    0.00    0.00    0.00   96.67
00:25:06     all    0.00    0.00    2.97    0.00    0.00    0.22    0.00    0.00    0.00   96.81
00:25:07     all    0.03    0.00    3.18    0.00    0.00    0.22    0.00    0.00    0.00   96.57
00:25:08     all    0.03    0.00    3.40    0.00    0.00    0.22    0.00    0.00    0.00   96.35
00:25:09     all    0.00    0.00    3.09    0.00    0.00    0.25    0.00    0.00    0.00   96.66
00:25:10     all    0.13    0.00    3.30    0.00    0.00    0.41    0.00    0.00    0.00   96.16
00:25:11     all    0.06    0.00    3.40    0.00    0.00    0.22    0.00    0.00    0.00   96.32
00:25:12     all    0.00    0.00    3.36    0.00    0.00    0.22    0.00    0.00    0.00   96.42
00:25:13     all    0.06    0.00    3.28    0.00    0.00    0.19    0.00    0.00    0.00   96.47
00:25:14     all    0.00    0.00    3.18    0.00    0.00    0.22    0.00    0.00    0.00   96.60
00:25:15     all    0.00    0.00    3.31    0.00    0.00    0.25    0.00    0.00    0.00   96.44
00:25:16     all    0.06    0.00    3.46    0.00    0.00    0.22    0.00    0.00    0.00   96.26
00:25:17     all    0.00    0.00    3.36    0.00    0.00    0.19    0.00    0.00    0.00   96.45
00:25:18     all    0.03    0.00    3.37    0.00    0.00    0.22    0.00    0.00    0.00   96.38
00:25:19     all    0.03    0.00    3.43    0.00    0.00    0.22    0.00    0.00    0.00   96.32
00:25:20     all    0.06    0.00    3.37    0.00    0.00    0.25    0.00    0.00    0.00   96.32
00:25:21     all    0.03    0.00    3.58    0.00    0.00    0.22    0.00    0.00    0.00   96.17
00:25:22     all    0.03    0.00    3.03    0.00    0.00    0.09    0.00    0.00    0.00   96.84
00:25:23     all    0.00    0.00    3.24    0.00    0.00    0.09    0.00    0.00    0.00   96.66
00:25:24     all    0.00    0.00    3.49    0.00    0.00    0.28    0.00    0.00    0.00   96.23
00:25:25     all    0.00    0.00    3.70    0.00    0.00    0.25    0.00    0.00    0.00   96.05
00:25:26     all    0.00    0.00    3.09    0.00    0.00    0.22    0.00    0.00    0.00   96.69
00:25:27     all    0.03    0.03    3.30    0.00    0.00    0.19    0.00    0.00    0.00   96.45
00:25:28     all    0.00    0.00    3.30    0.00    0.00    0.22    0.00    0.00    0.00   96.48
00:25:29     all    0.00    0.00    3.33    0.00    0.00    0.22    0.00    0.00    0.00   96.45
00:25:30     all    0.13    0.00    3.40    0.00    0.00    0.19    0.00    0.00    0.00   96.29
00:25:31     all    0.03    0.00    3.61    0.00    0.00    0.22    0.00    0.00    0.00   96.14
00:25:32     all    0.00    0.00    3.03    0.00    0.00    0.22    0.00    0.00    0.00   96.75
00:25:33     all    0.03    0.00    3.45    0.00    0.00    0.28    0.00    0.00    0.00   96.23
00:25:34     all    0.03    0.00    3.28    0.00    0.00    0.19    0.00    0.00    0.00   96.50
00:25:35     all    0.00    0.00    3.42    0.00    0.00    0.35    0.00    0.00    0.00   96.23
00:25:36     all    0.00    0.00    3.37    0.00    0.00    0.13    0.00    0.00    0.00   96.50
00:25:37     all    0.00    0.00    3.67    0.00    0.00    0.28    0.00    0.00    0.00   96.05
00:25:38     all    0.00    0.00    3.03    0.00    0.00    0.19    0.00    0.00    0.00   96.78
00:25:39     all    0.03    0.00    3.61    0.00    0.00    0.28    0.00    0.00    0.00   96.08
00:25:40     all    0.06    0.00    3.09    0.00    0.00    0.32    0.00    0.00    0.00   96.53
00:25:41     all    0.03    0.00    3.67    0.00    0.00    0.28    0.00    0.00    0.00   96.02
00:25:42     all    0.00    0.00    3.09    0.00    0.00    0.19    0.00    0.00    0.00   96.72
00:25:43     all    0.00    0.00    3.48    0.00    0.00    0.34    0.00    0.00    0.00   96.17
00:25:44     all    0.03    0.00    3.12    0.00    0.00    0.32    0.00    0.00    0.00   96.53
00:25:45     all    0.00    0.00    3.15    0.00    0.00    0.22    0.00    0.00    0.00   96.62
00:25:46     all    0.00    0.00    3.21    0.00    0.00    0.22    0.00    0.00    0.00   96.57
00:25:47     all    0.06    0.00    3.58    0.00    0.00    0.16    0.00    0.00    0.00   96.20
00:25:48     all    0.00    0.03    3.15    0.00    0.00    0.22    0.00    0.00    0.00   96.60
00:25:49     all    0.00    0.00    3.21    0.00    0.00    0.22    0.00    0.00    0.00   96.57
00:25:50     all    0.16    0.00    3.34    0.00    0.00    0.19    0.00    0.00    0.00   96.32
00:25:51     all    0.00    0.00    3.06    0.00    0.00    0.22    0.00    0.00    0.00   96.72
00:25:52     all    0.00    0.00    3.70    0.00    0.00    0.19    0.00    0.00    0.00   96.11
00:25:53     all    0.03    0.00    3.21    0.00    0.00    0.31    0.00    0.00    0.00   96.44
00:25:54     all    0.00    0.00    3.09    0.00    0.00    0.19    0.00    0.00    0.00   96.72
00:25:55     all    0.00    0.00    3.42    0.00    0.00    0.28    0.00    0.00    0.00   96.30
00:25:56     all    0.00    0.00    3.40    0.00    0.00    0.22    0.00    0.00    0.00   96.38
00:25:57     all    0.00    0.00    2.97    0.00    0.00    0.25    0.00    0.00    0.00   96.78
00:25:58     all    0.00    0.00    3.15    0.00    0.00    0.28    0.00    0.00    0.00   96.57
00:25:59     all    0.03    0.00    3.15    0.00    0.00    0.22    0.00    0.00    0.00   96.60
00:26:00     all    0.38    0.00    3.43    0.00    0.00    0.22    0.00    0.00    0.00   95.97
00:26:01     all    0.00    0.00    3.24    0.00    0.00    0.25    0.00    0.00    0.00   96.51
00:26:02     all    0.00    0.00    3.28    0.00    0.00    0.22    0.00    0.00    0.00   96.50
00:26:03     all    0.06    0.00    2.97    0.00    0.00    0.16    0.00    0.00    0.00   96.81
00:26:04     all    0.00    0.00    3.27    0.00    0.00    0.16    0.00    0.00    0.00   96.57
00:26:05     all    0.00    0.00    3.19    0.00    0.00    0.19    0.00    0.00    0.00   96.62
00:26:06     all    0.00    0.00    3.52    0.00    0.00    0.28    0.00    0.00    0.00   96.20
00:26:07     all    0.00    0.00    3.55    0.00    0.00    0.22    0.00    0.00    0.00   96.23
00:26:08     all    0.25    0.00    3.64    0.00    0.00    0.19    0.00    0.00    0.00   95.92
00:26:09     all    0.00    0.00    3.40    0.00    0.00    0.22    0.00    0.00    0.00   96.38
00:26:10     all    0.09    0.00    3.46    0.00    0.00    0.16    0.00    0.00    0.00   96.29
00:26:11     all    0.00    0.00    3.31    0.00    0.00    0.19    0.00    0.00    0.00   96.50
00:26:12     all    0.03    0.00    3.12    0.00    0.00    0.16    0.00    0.00    0.00   96.69
00:26:13     all    0.00    0.00    3.33    0.00    0.00    0.22    0.00    0.00    0.00   96.45
00:26:14     all    0.03    0.00    3.49    0.00    0.00    0.16    0.00    0.00    0.00   96.32
00:26:15     all    0.00    0.00    3.18    0.00    0.00    0.25    0.00    0.00    0.00   96.57
00:26:16     all    0.00    0.00    3.15    0.00    0.00    0.28    0.00    0.00    0.00   96.57
00:26:17     all    0.00    0.00    3.34    0.00    0.00    0.19    0.00    0.00    0.00   96.47
00:26:18     all    0.00    0.00    3.08    0.00    0.00    0.22    0.00    0.00    0.00   96.70
00:26:19     all    0.00    0.00    2.89    0.00    0.00    0.22    0.00    0.00    0.00   96.89
00:26:20     all    0.09    0.00    2.83    0.00    0.00    0.13    0.00    0.00    0.00   96.95
00:26:21     all    0.00    0.00    5.41    0.00    0.00    2.20    0.00    0.00    0.00   92.39
00:26:22     all    0.00    0.00    4.56    0.00    0.00    1.69    0.00    0.00    0.00   93.75
00:26:23     all    0.00    0.19   12.09    0.00    0.00    6.03    0.00    0.00    0.00   81.70
00:26:24     all    0.00    0.13   11.58    0.00    0.00    5.56    0.00    0.00    0.00   82.72
00:26:25     all    0.00    0.07   16.52    0.00    0.00    7.32    0.00    0.00    0.00   76.10
00:26:26     all    0.00    0.00   18.16    0.00    0.00    7.39    0.00    0.00    0.00   74.45
00:26:27     all    0.00    2.57   16.80    0.00    0.00    7.66    0.00    0.00    0.00   72.97
00:26:28     all    0.03    0.10   17.13    0.00    0.00    7.83    0.00    0.00    0.00   74.91
00:26:29     all    0.00    0.10   18.36    0.00    0.00    7.60    0.00    0.00    0.00   73.95
00:26:30     all    0.10    0.03   17.50    0.00    0.00    7.45    0.00    0.00    0.00   74.92
00:26:31     all    0.00    0.06   17.91    0.00    0.00    7.66    0.00    0.00    0.00   74.37
00:26:32     all    0.00    0.00   18.46    0.00    0.00    7.46    0.00    0.00    0.00   74.08
00:26:33     all    0.00    0.03   18.23    0.00    0.00    7.26    0.00    0.00    0.00   74.48
00:26:34     all    0.00    1.26   17.80    0.00    0.00    7.79    0.00    0.00    0.00   73.16
00:26:35     all    0.00    2.44   17.06    0.00    0.00    6.92    0.00    0.00    0.00   73.58
00:26:36     all    0.06    0.03   17.86    0.00    0.00    7.02    0.00    0.00    0.00   75.02
00:26:37     all    0.00    0.07   18.27    0.00    0.00    6.70    0.00    0.00    0.00   74.97
00:26:38     all    0.00    0.06   18.25    0.00    0.00    6.98    0.00    0.00    0.00   74.70
00:26:39     all    0.00    0.07   17.18    0.00    0.00    7.61    0.00    0.00    0.00   75.15
00:26:40     all    0.10    0.03   17.57    0.00    0.00    7.64    0.00    0.00    0.00   74.67
00:26:41     all    0.00    0.06   17.08    0.00    0.00    7.34    0.00    0.00    0.00   75.52
00:26:42     all    0.03    3.73   21.21    0.00    0.00    7.58    0.00    0.00    0.00   67.45
00:26:43     all    0.00    1.88   18.67    0.00    0.00    8.08    0.00    0.00    0.00   71.36
00:26:44     all    0.00    0.06   25.33    0.00    0.00    8.60    0.00    0.00    0.00   66.01
00:26:45     all    0.00    0.06   25.53    0.00    0.00    9.06    0.00    0.00    0.00   65.34
00:26:46     all    0.00    1.32   25.06    0.00    0.00    9.06    0.00    0.00    0.00   64.57
00:26:47     all    0.00    2.63   24.57    0.00    0.00    9.31    0.00    0.00    0.00   63.49
00:26:48     all    0.00    0.10   26.02    0.00    0.00    9.35    0.00    0.00    0.00   64.53
00:26:49     all    0.03    0.06   26.06    0.00    0.00    9.48    0.00    0.00    0.00   64.37
00:26:50     all    0.06    0.13   26.81    0.00    0.00    8.83    0.00    0.00    0.00   64.16
00:26:51     all    0.03    4.43   26.38    0.00    0.00    9.67    0.00    0.00    0.00   59.48
00:26:52     all    0.00    0.39   27.03    0.00    0.00    9.09    0.00    0.00    0.00   63.50
00:26:53     all    0.00    1.88   27.38    0.00    0.00    9.40    0.00    0.00    0.00   61.33
00:26:54     all    0.03    2.39   27.57    0.00    0.00    9.15    0.00    0.00    0.00   60.85
00:26:55     all    0.03    0.13   27.02    0.00    0.00    9.04    0.00    0.00    0.00   63.78
00:26:56     all    0.00    0.48   27.61    0.00    0.00    8.68    0.00    0.00    0.00   63.23
00:26:57     all    0.06    3.31   26.32    0.00    0.00    9.59    0.00    0.00    0.00   60.71
00:26:58     all    0.00    0.76   27.15    0.00    0.00    9.65    0.00    0.00    0.00   62.43
00:26:59     all    0.00    0.13   26.69    0.00    0.00    9.09    0.00    0.00    0.00   64.09
00:27:00     all    0.45    0.03   26.66    0.00    0.00    9.54    0.00    0.00    0.00   63.32
00:27:01     all    0.00    1.69   27.17    0.00    0.00    9.35    0.00    0.00    0.00   61.79
00:27:02     all    0.00    0.03   26.66    0.00    0.00    9.44    0.00    0.00    0.00   63.86
00:27:03     all    0.00    0.03   26.59    0.00    0.00    9.61    0.00    0.00    0.00   63.77
00:27:04     all    0.00    1.34   27.08    0.00    0.00    9.49    0.00    0.00    0.00   62.09
00:27:05     all    0.03    0.10   27.40    0.00    0.00    9.73    0.00    0.00    0.00   62.74
00:27:06     all    0.00    2.62   27.85    0.00    0.00    9.40    0.00    0.00    0.00   60.12
00:27:07     all    0.00    3.10   27.89    0.00    0.00    9.35    0.00    0.00    0.00   59.67
00:27:08     all    0.03    0.38   28.17    0.00    0.00    9.07    0.00    0.00    0.00   62.34
00:27:09     all    0.00    0.10   27.94    0.00    0.00    9.19    0.00    0.00    0.00   62.77
00:27:10     all    0.06    0.06   27.45    0.00    0.00    9.64    0.00    0.00    0.00   62.78
00:27:11     all    0.00    0.10   28.54    0.00    0.00    9.01    0.00    0.00    0.00   62.35
00:27:12     all    0.00    0.03   27.39    0.00    0.00    9.94    0.00    0.00    0.00   62.64
00:27:13     all    0.00    2.88   27.83    0.00    0.00    9.57    0.00    0.00    0.00   59.72
00:27:14     all    0.06    0.22   28.16    0.00    0.00    9.50    0.00    0.00    0.00   62.05
00:27:15     all    0.00    0.03   27.35    0.00    0.00    9.71    0.00    0.00    0.00   62.91
00:27:16     all    0.00    0.10   28.32    0.00    0.00    8.95    0.00    0.00    0.00   62.63
00:27:17     all    0.00    2.36   27.25    0.00    0.00    9.41    0.00    0.00    0.00   60.99
00:27:18     all    0.00    6.58   28.22    0.00    0.00    8.16    0.00    0.00    0.00   57.05
00:27:19     all    0.00    1.48   27.04    0.00    0.00    9.90    0.00    0.00    0.00   61.58
00:27:20     all    0.13    3.36   26.88    0.00    0.00    9.14    0.00    0.00    0.00   60.49
00:27:21     all    0.00    0.90   27.95    0.00    0.00    9.09    0.00    0.00    0.00   62.06
00:27:22     all    0.00    0.10   28.07    0.00    0.00    9.52    0.00    0.00    0.00   62.32
00:27:23     all    0.03    0.03   27.90    0.00    0.00    9.52    0.00    0.00    0.00   62.51
00:27:24     all    0.00    0.03   28.51    0.00    0.00    8.74    0.00    0.00    0.00   62.72
00:27:25     all    0.00    0.10   27.74    0.00    0.00    9.36    0.00    0.00    0.00   62.80
00:27:26     all    0.03    0.06   27.48    0.00    0.00    9.71    0.00    0.00    0.00   62.72
00:27:27     all    0.00    0.29   27.87    0.00    0.00    9.48    0.00    0.00    0.00   62.36
00:27:28     all    0.00    3.77   27.20    0.00    0.00    9.60    0.00    0.00    0.00   59.43
00:27:29     all    0.03    1.74   27.38    0.00    0.00    9.47    0.00    0.00    0.00   61.38
00:27:30     all    0.10    3.07   27.61    0.00    0.00    9.65    0.00    0.00    0.00   59.57
00:27:31     all    0.00    4.16   27.42    0.00    0.00   10.38    0.00    0.00    0.00   58.05
00:27:32     all    0.03    0.06   27.12    0.00    0.00   10.04    0.00    0.00    0.00   62.74
00:27:33     all    0.00    0.10   27.46    0.00    0.00    9.70    0.00    0.00    0.00   62.75
00:27:34     all    0.00    0.83   27.36    0.00    0.00    9.88    0.00    0.00    0.00   61.93
00:27:35     all    0.03    0.13   27.70    0.00    0.00    9.62    0.00    0.00    0.00   62.52
00:27:36     all    0.00    0.03   27.63    0.00    0.00    9.64    0.00    0.00    0.00   62.70
00:27:37     all    0.00    0.73   27.78    0.00    0.00    9.64    0.00    0.00    0.00   61.85
00:27:38     all    0.03    3.28   27.70    0.00    0.00    9.29    0.00    0.00    0.00   59.70
00:27:39     all    0.00    3.32   27.91    0.00    0.00    9.38    0.00    0.00    0.00   59.39
00:27:40     all    0.10    5.70   27.41    0.00    0.00    9.44    0.00    0.00    0.00   57.36
00:27:41     all    0.06    1.20   27.26    0.00    0.00    9.40    0.00    0.00    0.00   62.08
00:27:42     all    0.00    0.10   26.74    0.00    0.00   10.08    0.00    0.00    0.00   63.08
00:27:43     all    0.00    0.13   27.41    0.00    0.00    9.18    0.00    0.00    0.00   63.28
00:27:44     all    0.03    0.10   27.21    0.00    0.00    9.54    0.00    0.00    0.00   63.12
00:27:45     all    0.00    0.06   27.32    0.00    0.00   10.03    0.00    0.00    0.00   62.59
00:27:46     all    0.03    0.06   28.51    0.00    0.00    8.34    0.00    0.00    0.00   63.05
00:27:47     all    0.00    1.73   27.87    0.00    0.00    9.42    0.00    0.00    0.00   60.99
00:27:48     all    0.00    8.73   27.24    0.00    0.00    9.30    0.00    0.00    0.00   54.73
00:27:49     all    0.00    8.19   27.69    0.00    0.00    9.40    0.00    0.00    0.00   54.72
00:27:50     all    0.10    3.19   27.48    0.00    0.00    9.29    0.00    0.00    0.00   59.95
00:27:51     all    0.03   10.23   27.97    0.00    0.00    9.24    0.00    0.00    0.00   52.53
00:27:52     all    0.00   23.54   26.90    0.00    0.00    9.18    0.00    0.00    0.00   40.38
00:27:53     all    0.00   13.86   26.78    0.00    0.00    9.29    0.00    0.00    0.00   50.06
00:27:54     all    0.03    7.45   26.63    0.00    0.00   10.09    0.00    0.00    0.00   55.80
00:27:55     all    0.00    4.17   28.02    0.00    0.00    9.14    0.00    0.00    0.00   58.67
00:27:56     all    0.00    0.03   27.48    0.00    0.00    9.75    0.00    0.00    0.00   62.74
00:27:57     all    0.00    0.06   27.03    0.00    0.00    8.63    0.00    0.00    0.00   64.27
00:27:58     all    0.03    0.13   26.46    0.00    0.00    9.52    0.00    0.00    0.00   63.86
00:27:59     all    0.00    0.06   27.40    0.00    0.00    9.15    0.00    0.00    0.00   63.38
00:28:00     all    0.52    0.13   26.21    0.00    0.00    9.55    0.00    0.00    0.00   63.59
00:28:01     all    0.00    2.06   26.73    0.00    0.00    9.28    0.00    0.00    0.00   61.93
00:28:02     all    0.00    0.38   27.28    0.00    0.00    9.25    0.00    0.00    0.00   63.08
00:28:03     all    0.03    0.06   27.36    0.00    0.00    9.18    0.00    0.00    0.00   63.36
00:28:04     all    0.00    0.13   27.19    0.00    0.00    9.57    0.00    0.00    0.00   63.11
00:28:05     all    0.00    0.06   27.77    0.00    0.00    8.75    0.00    0.00    0.00   63.42
00:28:06     all    0.03    1.21   27.53    0.00    0.00    9.08    0.00    0.00    0.00   62.15
00:28:07     all    0.00    0.39   26.98    0.00    0.00    9.05    0.00    0.00    0.00   63.59
00:28:08     all    0.00    0.13   27.40    0.00    0.00    9.31    0.00    0.00    0.00   63.16
00:28:09     all    0.03    0.06   27.42    0.00    0.00    9.26    0.00    0.00    0.00   63.23
00:28:10     all    0.06    0.13   27.12    0.00    0.00    9.16    0.00    0.00    0.00   63.53
00:28:11     all    0.00    0.13   26.56    0.00    0.00    9.74    0.00    0.00    0.00   63.57
00:28:12     all    0.00    0.03   24.15    0.00    0.00    9.95    0.00    0.00    0.00   65.87
00:28:13     all    0.03    0.03   24.40    0.00    0.00   10.52    0.00    0.00    0.00   65.01
00:28:14     all    0.00    0.13   24.89    0.00    0.00    9.75    0.00    0.00    0.00   65.24
00:28:15     all    0.00    0.16   23.92    0.00    0.00   10.13    0.00    0.00    0.00   65.78
00:28:16     all    0.03    0.61   24.36    0.00    0.00   10.24    0.00    0.00    0.00   64.75
00:28:17     all    0.00    3.11   23.52    0.00    0.00    9.83    0.00    0.00    0.00   63.53
00:28:18     all    0.23    0.13   22.99    0.00    0.00    9.61    0.00    0.00    0.00   67.05
00:28:19     all    0.00    1.64   22.42    0.00    0.00   10.12    0.00    0.00    0.00   65.82
00:28:20     all    0.10    0.59   21.90    0.00    0.00    8.52    0.00    0.00    0.00   68.89
00:28:21     all    0.03    0.06   16.81    0.00    0.00    8.34    0.00    0.00    0.00   74.76
00:28:22     all    0.00    0.00   16.27    0.00    0.00    8.73    0.00    0.00    0.00   75.00
00:28:23     all    0.00    0.03   16.55    0.00    0.00    8.52    0.00    0.00    0.00   74.90
00:28:24     all    0.03    0.03   12.30    0.00    0.00    6.97    0.00    0.00    0.00   80.66
00:28:25     all    0.00    0.03    8.38    0.00    0.00    5.23    0.00    0.00    0.00   86.35
00:28:26     all    0.03    0.00    8.86    0.00    0.00    4.89    0.00    0.00    0.00   86.22
00:28:27     all    0.03    0.03    9.06    0.00    0.00    5.06    0.00    0.00    0.00   85.82
00:28:28     all    0.00    0.00    8.68    0.00    0.00    4.90    0.00    0.00    0.00   86.42
00:28:29     all    0.00    0.52    8.50    0.00    0.00    5.23    0.00    0.00    0.00   85.75
00:28:30     all    0.10    0.20    8.44    0.00    0.00    5.18    0.00    0.00    0.00   86.08
00:28:31     all    0.00    0.03    8.80    0.00    0.00    5.26    0.00    0.00    0.00   85.91
00:28:32     all    0.03    0.03    9.23    0.00    0.00    4.95    0.00    0.00    0.00   85.76
00:28:33     all    0.00    1.75    8.05    0.00    0.00    4.84    0.00    0.00    0.00   85.36
00:28:34     all    0.00    0.03    8.70    0.00    0.00    5.39    0.00    0.00    0.00   85.88
00:28:35     all    0.03    0.00    9.08    0.00    0.00    5.25    0.00    0.00    0.00   85.64
00:28:36     all    0.00    0.68    8.65    0.00    0.00    5.07    0.00    0.00    0.00   85.59
00:28:37     all    0.00    0.03    8.71    0.00    0.00    5.35    0.00    0.00    0.00   85.91
00:28:38     all    0.03    0.16    8.55    0.00    0.00    4.75    0.00    0.00    0.00   86.51
00:28:39     all    0.00    5.32    9.37    0.00    0.00    5.32    0.00    0.00    0.00   80.00
00:28:40     all    0.10    4.17    8.56    0.00    0.00    5.95    0.00    0.00    0.00   81.23
00:28:41     all    0.06   15.96   14.92    0.00    0.00    6.78    0.00    0.00    0.00   62.28
00:28:42     all    0.00    9.54   18.82    0.00    0.00    8.60    0.00    0.00    0.00   63.05
00:28:43     all    0.00   31.38   14.31    0.00    0.00    7.09    0.00    0.00    0.00   47.22
00:28:44     all    0.03   39.41   13.72    0.00    0.00    5.96    0.00    0.00    0.00   40.87
00:28:45     all    0.03   36.90   14.05    0.00    0.00    6.57    0.00    0.00    0.00   42.44
00:28:46     all    0.00   25.19   16.18    0.00    0.00    7.66    0.00    0.00    0.00   50.97
00:28:47     all    0.03   23.69   14.55    0.00    0.00    7.16    0.00    0.00    0.00   54.57
00:28:48     all    0.00   48.30   13.66    0.00    0.00    6.57    0.00    0.00    0.00   31.47
00:28:49     all    0.03   48.58   12.81    0.00    0.00    6.72    0.00    0.00    0.00   31.86
00:28:50     all    0.07   48.66   12.43    0.00    0.00    5.94    0.00    0.00    0.00   32.91
00:28:51     all    0.00   26.23   15.10    0.00    0.00    6.80    0.00    0.00    0.00   51.88
00:28:52     all    0.03    9.69   17.85    0.00    0.00    7.68    0.00    0.00    0.00   64.76
00:28:53     all    0.03   34.35   12.90    0.00    0.00    6.27    0.00    0.00    0.00   46.44
00:28:54     all    0.00   28.57   12.13    0.00    0.00    6.02    0.00    0.00    0.00   53.29
00:28:55     all    0.03   38.54   13.24    0.00    0.00    6.30    0.00    0.00    0.00   41.88
00:28:56     all    0.03   46.48   11.46    0.00    0.00    5.94    0.00    0.00    0.00   36.09
00:28:57     all    0.00   49.90   11.00    0.00    0.00    5.40    0.00    0.00    0.00   33.69
00:28:58     all    0.03   45.81   11.07    0.00    0.00    5.76    0.00    0.00    0.00   37.33
00:28:59     all    0.03   27.30   13.11    0.00    0.00    6.42    0.00    0.00    0.00   53.13
00:29:00     all    0.49   20.96   17.19    0.00    0.00    7.36    0.00    0.00    0.00   54.00
00:29:01     all    0.00   26.21   21.39    0.00    0.00    7.47    0.00    0.00    0.00   44.93
00:29:02     all    0.03   20.36   22.88    0.00    0.00    8.37    0.00    0.00    0.00   48.37
00:29:03     all    0.00   32.84   20.28    0.00    0.00    8.41    0.00    0.00    0.00   38.47
00:29:04     all    0.03   32.71   22.81    0.00    0.00    8.31    0.00    0.00    0.00   36.15
00:29:05     all    0.00   20.43   24.12    0.00    0.00    7.99    0.00    0.00    0.00   47.46
00:29:06     all    0.00   40.33   18.10    0.00    0.00    6.90    0.00    0.00    0.00   34.67
00:29:07     all    0.03   53.24   15.73    0.00    0.00    6.38    0.00    0.00    0.00   24.62
00:29:08     all    0.03   54.66   18.29    0.00    0.00    7.10    0.00    0.00    0.00   19.92
00:29:09     all    0.00   52.47   18.59    0.00    0.00    6.83    0.00    0.00    0.00   22.11
00:29:10     all    0.16   53.47   14.44    0.00    0.00    6.23    0.00    0.00    0.00   25.70
00:29:11     all    0.00   57.17   15.32    0.00    0.00    6.43    0.00    0.00    0.00   21.08
00:29:12     all    0.06   59.61   14.85    0.00    0.00    5.62    0.00    0.00    0.00   19.86
00:29:13     all    0.00   53.86   14.29    0.00    0.00    5.72    0.00    0.00    0.00   26.12
00:29:14     all    0.00   54.83   14.18    0.00    0.00    6.09    0.00    0.00    0.00   24.90
00:29:15     all    0.00   53.91   13.71    0.00    0.00    6.45    0.00    0.00    0.00   25.93
00:29:16     all    0.03   54.49   13.23    0.00    0.00    5.78    0.00    0.00    0.00   26.47
00:29:17     all    0.00   56.52   12.11    0.00    0.00    5.41    0.00    0.00    0.00   25.96
00:29:18     all    0.03   55.53   13.15    0.00    0.00    5.66    0.00    0.00    0.00   25.63
00:29:19     all    0.00   54.06   14.86    0.00    0.00    5.48    0.00    0.00    0.00   25.60
00:29:20     all    0.06   52.59   14.61    0.00    0.00    6.45    0.00    0.00    0.00   26.28
00:29:21     all    0.03   52.53   15.69    0.00    0.00    6.46    0.00    0.00    0.00   25.28
00:29:22     all    0.00   55.57   13.88    0.00    0.00    5.75    0.00    0.00    0.00   24.81
00:29:23     all    0.00   55.87   13.83    0.00    0.00    5.01    0.00    0.00    0.00   25.29
00:29:24     all    0.03   53.42   13.03    0.00    0.00    5.71    0.00    0.00    0.00   27.81
00:29:25     all    0.03   56.77   14.40    0.00    0.00    5.04    0.00    0.00    0.00   23.76
00:29:26     all    0.00   60.59   16.12    0.00    0.00    5.39    0.00    0.00    0.00   17.90
00:29:27     all    0.00   56.58   18.06    0.00    0.00    6.72    0.00    0.00    0.00   18.64
00:29:28     all    0.03   55.05   17.32    0.00    0.00    7.13    0.00    0.00    0.00   20.48
00:29:29     all    0.00   53.45   18.70    0.00    0.00    6.27    0.00    0.00    0.00   21.58
00:29:30     all    0.10   56.36   17.93    0.00    0.00    7.01    0.00    0.00    0.00   18.61
00:29:31     all    0.03   50.75   26.45    0.00    0.00    7.54    0.00    0.00    0.00   15.23
00:29:32     all    0.00   50.82   26.93    0.00    0.00    8.84    0.00    0.00    0.00   13.42
00:29:33     all    0.03   50.59   26.36    0.00    0.00    9.02    0.00    0.00    0.00   14.00
00:29:34     all    0.00   49.90   26.80    0.00    0.00    7.82    0.00    0.00    0.00   15.48
00:29:35     all    0.03   50.90   26.77    0.00    0.00    8.25    0.00    0.00    0.00   14.06
00:29:36     all    0.06   50.95   26.36    0.00    0.00    8.03    0.00    0.00    0.00   14.59
00:29:37     all    0.00   51.11   26.62    0.00    0.00    8.14    0.00    0.00    0.00   14.13
00:29:38     all    0.06   51.34   26.52    0.00    0.00    8.61    0.00    0.00    0.00   13.47
00:29:39     all    0.03   50.45   26.99    0.00    0.00    8.64    0.00    0.00    0.00   13.89
00:29:40     all    0.10   50.87   24.95    0.00    0.00    9.01    0.00    0.00    0.00   15.07
00:29:41     all    0.03   51.99   21.54    0.00    0.00    7.92    0.00    0.00    0.00   18.51
00:29:42     all    0.00   53.91   23.32    0.00    0.00    7.08    0.00    0.00    0.00   15.70
00:29:43     all    0.03   60.62   23.68    0.00    0.00    8.30    0.00    0.00    0.00    7.37
00:29:44     all    0.00   61.26   21.79    0.00    0.00    8.33    0.00    0.00    0.00    8.62
00:29:45     all    0.00   69.07   16.34    0.00    0.00    5.67    0.00    0.00    0.00    8.92
00:29:46     all    0.00   69.00   15.07    0.00    0.00    5.68    0.00    0.00    0.00   10.25
00:29:47     all    0.06   61.53   15.41    0.00    0.00    5.85    0.00    0.00    0.00   17.14
00:29:48     all    0.00   61.76   13.74    0.00    0.00    5.51    0.00    0.00    0.00   18.99
00:29:49     all    0.00   63.13   17.17    0.00    0.00    5.61    0.00    0.00    0.00   14.09
00:29:50     all    0.10   64.39   20.13    0.00    0.00    6.74    0.00    0.00    0.00    8.65
00:29:51     all    0.06   64.23   20.83    0.00    0.00    7.06    0.00    0.00    0.00    7.82
00:29:52     all    0.00   67.61   20.20    0.00    0.00    6.60    0.00    0.00    0.00    5.59
00:29:53     all    0.00   72.57   17.57    0.00    0.00    5.35    0.00    0.00    0.00    4.50
00:29:54     all    0.03   78.49   13.95    0.00    0.00    4.36    0.00    0.00    0.00    3.17
00:29:55     all    0.00   77.98   14.07    0.00    0.00    4.52    0.00    0.00    0.00    3.42
00:29:56     all    0.00   73.85   17.45    0.00    0.00    5.74    0.00    0.00    0.00    2.95
00:29:57     all    0.00   72.96   18.33    0.00    0.00    5.47    0.00    0.00    0.00    3.24
00:29:58     all    0.03   71.58   17.01    0.00    0.00    4.87    0.00    0.00    0.00    6.51
00:29:59     all    0.00   63.29   16.58    0.00    0.00    6.38    0.00    0.00    0.00   13.75
00:30:00     all    0.51   64.71   21.36    0.00    0.00    5.78    0.00    0.00    0.00    7.65
00:30:01     all    0.03   62.96   21.25    0.00    0.00    5.95    0.00    0.00    0.00    9.80
00:30:02     all    0.06   56.37   22.68    0.00    0.00    7.67    0.00    0.00    0.00   13.22
00:30:03     all    0.00   54.16   24.20    0.00    0.00    8.58    0.00    0.00    0.00   13.05
00:30:04     all    0.00   54.46   22.54    0.00    0.00    8.99    0.00    0.00    0.00   14.00
00:30:05     all    0.03   55.14   20.06    0.00    0.00    7.88    0.00    0.00    0.00   16.89
00:30:06     all    0.00   55.19   22.44    0.00    0.00    8.75    0.00    0.00    0.00   13.62
00:30:07     all    0.00   54.95   24.06    0.00    0.00    8.28    0.00    0.00    0.00   12.71
00:30:08     all    0.03   56.62   23.11    0.00    0.00    8.34    0.00    0.00    0.00   11.89
00:30:09     all    0.00   56.57   23.60    0.00    0.00    8.54    0.00    0.00    0.00   11.29
00:30:10     all    0.06   56.18   23.00    0.00    0.00    9.09    0.00    0.00    0.00   11.66
00:30:11     all    0.03   57.55   21.78    0.00    0.00    8.49    0.00    0.00    0.00   12.15
00:30:12     all    0.00   55.34   22.35    0.00    0.00    8.54    0.00    0.00    0.00   13.78
00:30:13     all    0.03   57.43   18.03    0.00    0.00    7.87    0.00    0.00    0.00   16.64
00:30:14     all    0.06   57.72   17.21    0.00    0.00    7.69    0.00    0.00    0.00   17.31
00:30:15     all    0.00   59.87   18.78    0.00    0.00    8.07    0.00    0.00    0.00   13.28
00:30:16     all    0.00   64.41   20.41    0.00    0.00    7.86    0.00    0.00    0.00    7.32
00:30:17     all    0.00   64.46   19.31    0.00    0.00    7.08    0.00    0.00    0.00    9.16
00:30:18     all    0.00   67.72   18.24    0.00    0.00    6.30    0.00    0.00    0.00    7.74
00:30:19     all    0.03   64.86   14.58    0.00    0.00    7.31    0.00    0.00    0.00   13.21
00:30:20     all    0.10   62.74   13.15    0.00    0.00    7.29    0.00    0.00    0.00   16.72
00:30:21     all    0.03   59.58   14.09    0.00    0.00    7.47    0.00    0.00    0.00   18.83
00:30:22     all    0.03   60.88   16.27    0.00    0.00    7.49    0.00    0.00    0.00   15.33
00:30:23     all    0.00   60.22   14.80    0.00    0.00    7.27    0.00    0.00    0.00   17.70
00:30:24     all    0.00   57.25   15.54    0.00    0.00    7.82    0.00    0.00    0.00   19.40
00:30:25     all    0.00   58.00   15.48    0.00    0.00    8.11    0.00    0.00    0.00   18.41
00:30:26     all    0.00   61.53   15.77    0.00    0.00    7.55    0.00    0.00    0.00   15.16
00:30:27     all    0.03   59.62   15.01    0.00    0.00    7.36    0.00    0.00    0.00   17.98
00:30:28     all    0.06   61.59   12.28    0.00    0.00    6.06    0.00    0.00    0.00   20.01
00:30:29     all    0.00   69.09   13.24    0.00    0.00    5.00    0.00    0.00    0.00   12.67
00:30:30     all    0.13   70.52   12.07    0.00    0.00    4.58    0.00    0.00    0.00   12.71
00:30:31     all    0.03   69.76   12.38    0.00    0.00    4.88    0.00    0.00    0.00   12.95
00:30:32     all    0.00   67.05   10.32    0.00    0.00    4.89    0.00    0.00    0.00   17.74
00:30:33     all    0.03   67.78   10.54    0.00    0.00    4.21    0.00    0.00    0.00   17.43
00:30:34     all    0.00   73.19   12.39    0.00    0.00    5.55    0.00    0.00    0.00    8.87
00:30:35     all    0.03   61.45   15.14    0.00    0.00    6.67    0.00    0.00    0.00   16.71
00:30:36     all    0.03   59.20   15.75    0.00    0.00    7.62    0.00    0.00    0.00   17.40
00:30:37     all    0.00   56.86   16.40    0.00    0.00    6.59    0.00    0.00    0.00   20.15
00:30:38     all    0.00   58.22   11.47    0.00    0.00    5.88    0.00    0.00    0.00   24.43
00:30:39     all    0.00   69.73   10.85    0.00    0.00    4.85    0.00    0.00    0.00   14.57
00:30:40     all    0.10   68.20   12.24    0.00    0.00    5.14    0.00    0.00    0.00   14.33
00:30:41     all    0.00   69.62   13.52    0.00    0.00    5.15    0.00    0.00    0.00   11.70
00:30:42     all    0.03   71.84   13.36    0.00    0.00    5.28    0.00    0.00    0.00    9.48
00:30:43     all    0.03   71.82   14.45    0.00    0.00    5.19    0.00    0.00    0.00    8.51
00:30:44     all    0.00   70.24   14.58    0.00    0.00    5.84    0.00    0.00    0.00    9.34
00:30:45     all    0.03   58.73   15.47    0.00    0.00    8.09    0.00    0.00    0.00   17.68
00:30:46     all    0.00   57.00   15.56    0.00    0.00    7.59    0.00    0.00    0.00   19.85
00:30:47     all    0.00   60.32   15.72    0.00    0.00    6.95    0.00    0.00    0.00   17.01
00:30:48     all    0.03   62.22   17.50    0.00    0.00    7.74    0.00    0.00    0.00   12.51
00:30:49     all    0.00   63.21   17.89    0.00    0.00    7.31    0.00    0.00    0.00   11.59
00:30:50     all    0.03   61.68   17.40    0.00    0.00    7.49    0.00    0.00    0.00   13.40
00:30:51     all    0.00   62.40   16.48    0.00    0.00    7.08    0.00    0.00    0.00   14.04
00:30:52     all    0.00   60.15   17.44    0.00    0.00    7.55    0.00    0.00    0.00   14.87
00:30:53     all    0.03   60.19   17.10    0.00    0.00    7.71    0.00    0.00    0.00   14.97
00:30:54     all    0.00   59.68   15.30    0.00    0.00    7.18    0.00    0.00    0.00   17.84
00:30:55     all    0.00   72.59   12.00    0.00    0.00    5.16    0.00    0.00    0.00   10.26
00:30:56     all    0.00   72.73   13.13    0.00    0.00    5.36    0.00    0.00    0.00    8.78
00:30:57     all    0.00   74.95   12.62    0.00    0.00    4.86    0.00    0.00    0.00    7.57
00:30:58     all    0.00   65.81   16.13    0.00    0.00    7.39    0.00    0.00    0.00   10.67
00:30:59     all    0.03   63.60   13.98    0.00    0.00    6.70    0.00    0.00    0.00   15.69
00:31:00     all    0.45   69.16   13.38    0.00    0.00    5.64    0.00    0.00    0.00   11.37
00:31:01     all    0.00   70.96   13.87    0.00    0.00    5.06    0.00    0.00    0.00   10.11
00:31:02     all    0.03   77.03    9.29    0.00    0.00    3.25    0.00    0.00    0.00   10.40
00:31:03     all    0.03   66.58    8.60    0.00    0.00    4.38    0.00    0.00    0.00   20.41
00:31:04     all    0.00   61.78   10.93    0.00    0.00    5.56    0.00    0.00    0.00   21.73
00:31:05     all    0.00   60.68   10.17    0.00    0.00    4.89    0.00    0.00    0.00   24.26
00:31:06     all    0.03   61.37   10.37    0.00    0.00    5.38    0.00    0.00    0.00   22.86
00:31:07     all    0.00   65.00    9.99    0.00    0.00    4.96    0.00    0.00    0.00   20.05
00:31:08     all    0.00   62.65    9.70    0.00    0.00    5.70    0.00    0.00    0.00   21.95
00:31:09     all    0.00   66.19    9.08    0.00    0.00    4.49    0.00    0.00    0.00   20.24
00:31:10     all    0.03   72.88    4.90    0.00    0.00    2.91    0.00    0.00    0.00   19.28
00:31:11     all    0.03   75.32    7.84    0.00    0.00    3.16    0.00    0.00    0.00   13.65
00:31:12     all    0.00   72.76    8.89    0.00    0.00    2.92    0.00    0.00    0.00   15.43
00:31:13     all    0.00   70.70    8.88    0.00    0.00    3.63    0.00    0.00    0.00   16.80
00:31:14     all    0.03   61.34   11.13    0.00    0.00    5.39    0.00    0.00    0.00   22.10
00:31:15     all    0.00   65.00   10.86    0.00    0.00    5.29    0.00    0.00    0.00   18.85
00:31:16     all    0.03   54.47   17.16    0.00    0.00    6.75    0.00    0.00    0.00   21.59
00:31:17     all    0.00   48.88   21.91    0.00    0.00    9.14    0.00    0.00    0.00   20.06
00:31:18     all    0.00   45.21   25.29    0.00    0.00    9.02    0.00    0.00    0.00   20.47
00:31:19     all    0.00   50.77   25.72    0.00    0.00    8.38    0.00    0.00    0.00   15.13
00:31:20     all    0.13   50.84   25.34    0.00    0.00    8.64    0.00    0.00    0.00   15.05
00:31:21     all    0.00   46.94   25.39    0.00    0.00    9.25    0.00    0.00    0.00   18.43
00:31:22     all    0.03   31.28   26.06    0.00    0.00    9.38    0.00    0.00    0.00   33.25
00:31:23     all    0.03   26.46   25.75    0.00    0.00    9.40    0.00    0.00    0.00   38.35
00:31:24     all    0.00   34.34   26.53    0.00    0.00    8.68    0.00    0.00    0.00   30.44
00:31:25     all    0.00   49.32   26.03    0.00    0.00    9.37    0.00    0.00    0.00   15.28
00:31:26     all    0.06   50.66   25.94    0.00    0.00    9.10    0.00    0.00    0.00   14.23
00:31:27     all    0.00   49.85   21.97    0.00    0.00    8.84    0.00    0.00    0.00   19.34
00:31:28     all    0.00   23.39   24.07    0.00    0.00    9.10    0.00    0.00    0.00   43.43
00:31:29     all    0.00   20.87   25.36    0.00    0.00    9.54    0.00    0.00    0.00   44.24
00:31:30     all    0.10   43.25   23.44    0.00    0.00    8.50    0.00    0.00    0.00   24.71
00:31:31     all    0.00   51.88   21.43    0.00    0.00    8.40    0.00    0.00    0.00   18.29
00:31:32     all    0.00   51.59   21.69    0.00    0.00    8.60    0.00    0.00    0.00   18.12
00:31:33     all    0.03   51.28   21.63    0.00    0.00    8.52    0.00    0.00    0.00   18.53
00:31:34     all    0.00   52.66   22.74    0.00    0.00    9.66    0.00    0.00    0.00   14.94
00:31:35     all    0.00   53.12   24.19    0.00    0.00    9.31    0.00    0.00    0.00   13.37
00:31:36     all    0.03   51.72   21.61    0.00    0.00    9.31    0.00    0.00    0.00   17.33
00:31:37     all    0.03   48.29   24.58    0.00    0.00    9.35    0.00    0.00    0.00   17.76
00:31:38     all    0.00   17.91   25.15    0.00    0.00    9.28    0.00    0.00    0.00   47.66
00:31:39     all    0.00   15.82   24.99    0.00    0.00    9.23    0.00    0.00    0.00   49.95
00:31:40     all    0.13   31.97   27.14    0.00    0.00    8.61    0.00    0.00    0.00   32.16
00:31:41     all    0.00   32.29   25.69    0.00    0.00    9.16    0.00    0.00    0.00   32.87
00:31:42     all    0.03   34.31   25.74    0.00    0.00    9.41    0.00    0.00    0.00   30.50
00:31:43     all    0.03   34.29   26.81    0.00    0.00    8.76    0.00    0.00    0.00   30.11
00:31:44     all    0.00   30.98   26.49    0.00    0.00    8.84    0.00    0.00    0.00   33.69
00:31:45     all    0.03   24.30   26.32    0.00    0.00    9.57    0.00    0.00    0.00   39.77
00:31:46     all    0.03   23.90   23.97    0.00    0.00    8.66    0.00    0.00    0.00   43.44
00:31:47     all    0.00   32.72   25.46    0.00    0.00    9.33    0.00    0.00    0.00   32.49
00:31:48     all    0.00   44.10   26.16    0.00    0.00    9.38    0.00    0.00    0.00   20.36
00:31:49     all    0.03   43.04   25.79    0.00    0.00    9.19    0.00    0.00    0.00   21.94
00:31:50     all    0.13   49.76   24.09    0.00    0.00    9.01    0.00    0.00    0.00   17.02
00:31:51     all    0.03   47.51   24.60    0.00    0.00    9.09    0.00    0.00    0.00   18.77
00:31:52     all    0.00   24.31   26.44    0.00    0.00    9.30    0.00    0.00    0.00   39.96
00:31:53     all    0.00   18.20   26.22    0.00    0.00    9.76    0.00    0.00    0.00   45.81
00:31:54     all    0.00   13.60   26.94    0.00    0.00    9.79    0.00    0.00    0.00   49.67
00:31:55     all    0.00   19.30   24.90    0.00    0.00    9.41    0.00    0.00    0.00   46.40
00:31:56     all    0.03   32.35   21.17    0.00    0.00    8.99    0.00    0.00    0.00   37.47
00:31:57     all    0.03   42.15   21.68    0.00    0.00    9.06    0.00    0.00    0.00   27.08
00:31:58     all    0.00   44.24   20.43    0.00    0.00    8.78    0.00    0.00    0.00   26.55
00:31:59     all    0.00   35.28   21.36    0.00    0.00   10.00    0.00    0.00    0.00   33.37
00:32:00     all    0.42   11.68   25.19    0.00    0.00   10.69    0.00    0.00    0.00   52.02
00:32:01     all    0.00   10.87   20.02    0.00    0.00    8.76    0.00    0.00    0.00   60.35
00:32:02     all    0.03   36.71   14.68    0.00    0.00    7.26    0.00    0.00    0.00   41.32
00:32:03     all    0.00   51.92   14.49    0.00    0.00    6.45    0.00    0.00    0.00   27.14
00:32:04     all    0.00   51.19   14.48    0.00    0.00    6.79    0.00    0.00    0.00   27.54
00:32:05     all    0.03   54.42   14.52    0.00    0.00    6.04    0.00    0.00    0.00   24.99
00:32:06     all    0.03   51.76   15.04    0.00    0.00    6.71    0.00    0.00    0.00   26.46
00:32:07     all    0.00   50.59   20.18    0.00    0.00    9.09    0.00    0.00    0.00   20.14
00:32:08     all    0.00   46.01   21.16    0.00    0.00    9.13    0.00    0.00    0.00   23.70
00:32:09     all    0.03   34.79   22.27    0.00    0.00    9.51    0.00    0.00    0.00   33.40
00:32:10     all    0.10   16.36   20.52    0.00    0.00    8.29    0.00    0.00    0.00   54.73
00:32:11     all    0.00   20.43   16.57    0.00    0.00    7.52    0.00    0.00    0.00   55.48
00:32:12     all    0.03   27.13   18.45    0.00    0.00    9.01    0.00    0.00    0.00   45.38
00:32:13     all    0.00   16.18   18.84    0.00    0.00    8.53    0.00    0.00    0.00   56.45
00:32:14     all    0.00    9.46   18.17    0.00    0.00    7.80    0.00    0.00    0.00   64.57
00:32:15     all    0.00    7.33   18.49    0.00    0.00    8.15    0.00    0.00    0.00   66.02
00:32:16     all    0.03   11.93   16.21    0.00    0.00    7.68    0.00    0.00    0.00   64.14
00:32:17     all    0.00   36.37    8.08    0.00    0.00    4.11    0.00    0.00    0.00   51.44
00:32:18     all    0.00   54.16    8.39    0.00    0.00    3.33    0.00    0.00    0.00   34.11
00:32:19     all    0.06   55.46    8.06    0.00    0.00    3.25    0.00    0.00    0.00   33.16
00:32:20     all    0.06   53.38    8.63    0.00    0.00    3.77    0.00    0.00    0.00   34.16
00:32:21     all    0.00   44.41   11.69    0.00    0.00    6.03    0.00    0.00    0.00   37.87
00:32:22     all    0.03   32.83   13.25    0.00    0.00    6.49    0.00    0.00    0.00   47.39
00:32:23     all    0.00    9.21   18.02    0.00    0.00    8.55    0.00    0.00    0.00   64.22
00:32:24     all    0.00    9.24   18.62    0.00    0.00    9.02    0.00    0.00    0.00   63.12
00:32:25     all    0.00   12.41   19.31    0.00    0.00    8.48    0.00    0.00    0.00   59.80
00:32:26     all    0.03   12.18   18.16    0.00    0.00    7.82    0.00    0.00    0.00   61.80
00:32:27     all    0.00    3.99   19.14    0.00    0.00    9.20    0.00    0.00    0.00   67.67
00:32:28     all    0.03   11.72   15.96    0.00    0.00    8.21    0.00    0.00    0.00   64.07
00:32:29     all    0.03   34.06   11.92    0.00    0.00    5.94    0.00    0.00    0.00   48.05
00:32:30     all    0.06   35.62   12.58    0.00    0.00    6.23    0.00    0.00    0.00   45.50
00:32:31     all    0.00   15.90   15.15    0.00    0.00    7.82    0.00    0.00    0.00   61.13
00:32:32     all    0.00    3.94   16.97    0.00    0.00    8.40    0.00    0.00    0.00   70.69
00:32:33     all    0.00    0.10   18.59    0.00    0.00    9.00    0.00    0.00    0.00   72.31
00:32:34     all    0.03    0.32   19.61    0.00    0.00    8.57    0.00    0.00    0.00   71.47
00:32:35     all    0.03    0.10   19.24    0.00    0.00    8.52    0.00    0.00    0.00   72.11
00:32:36     all    0.00    2.26   18.32    0.00    0.00    8.95    0.00    0.00    0.00   70.47
00:32:37     all    0.03    0.13   18.03    0.00    0.00    9.00    0.00    0.00    0.00   72.81
00:32:38     all    0.20    1.04   17.78    0.00    0.00    8.34    0.00    0.00    0.00   72.65
00:32:39     all    0.03    0.23   18.05    0.00    0.00    9.93    0.00    0.00    0.00   71.77
00:32:40     all    0.07    0.86   17.44    0.00    0.00    8.08    0.00    0.00    0.00   73.57
00:32:41     all    0.00    0.10   19.59    0.00    0.00    8.29    0.00    0.00    0.00   72.03
00:32:42     all    0.00    1.86   18.64    0.00    0.00    8.08    0.00    0.00    0.00   71.42
00:32:43     all    0.00    0.10   18.48    0.00    0.00    9.12    0.00    0.00    0.00   72.30
00:32:44     all    0.00    0.03   16.40    0.00    0.00    8.38    0.00    0.00    0.00   75.20
00:32:45     all    0.00    0.23    6.72    0.00    0.00    4.11    0.00    0.00    0.00   88.94
00:32:46     all    0.06    0.03    6.82    0.00    0.00    4.08    0.00    0.00    0.00   89.00

Average:     all    0.03   19.23   13.67    0.00    0.00    4.98    0.00    0.00    0.00   62.08
