Linux 4.20.0+ (eternitystorage) 	01/14/24 	_x86_64_	(32 CPU)

16:23:17     CPU    %usr   %nice    %sys %iowait    %irq   %soft  %steal  %guest  %gnice   %idle
16:23:18     all    0.00    0.00    0.00    0.00    0.00    0.00    0.00    0.00    0.00  100.00
16:23:19     all    0.00    0.00    0.03    0.00    0.00    0.00    0.00    0.00    0.00   99.97
16:23:20     all    0.03    0.00    0.09    0.00    0.00    0.00    0.00    0.00    0.00   99.87
16:23:21     all    0.03    0.00    0.00    0.00    0.00    0.00    0.00    0.00    0.00   99.97
16:23:22     all    0.00    0.00    0.00    0.00    0.00    0.00    0.00    0.00    0.00  100.00
16:23:23     all    0.00    0.00    0.00    0.00    0.00    0.00    0.00    0.00    0.00  100.00
16:23:24     all    0.00    0.00    0.00    0.00    0.00    0.00    0.00    0.00    0.00  100.00
16:23:25     all    0.00    0.00    0.00    0.00    0.00    0.00    0.00    0.00    0.00  100.00
16:23:26     all    0.00    0.00    0.00    0.00    0.00    0.00    0.00    0.00    0.00  100.00
16:23:27     all    0.00    0.00    0.00    0.00    0.00    0.00    0.00    0.00    0.00  100.00
16:23:28     all    0.00    0.00    0.00    0.00    0.00    0.00    0.00    0.00    0.00  100.00
16:23:29     all    0.00    0.00    0.00    0.00    0.00    0.00    0.00    0.00    0.00  100.00
16:23:30     all    0.06    0.00    0.09    0.00    0.00    0.00    0.00    0.00    0.00   99.84
16:23:31     all    0.00    0.00    0.00    0.00    0.00    0.00    0.00    0.00    0.00  100.00
16:23:32     all    0.00    0.00    0.47    0.00    0.00    0.00    0.00    0.00    0.00   99.53
16:23:33     all    0.03    0.00    0.53    0.00    0.00    0.00    0.00    0.00    0.00   99.44
16:23:34     all    0.00    0.00    0.50    0.00    0.00    0.00    0.00    0.00    0.00   99.50
16:23:35     all    0.00    0.00    0.53    0.00    0.00    0.00    0.00    0.00    0.00   99.47
16:23:36     all    0.00    0.00    0.69    0.00    0.00    0.03    0.00    0.00    0.00   99.28
16:23:37     all    0.00    0.00    0.47    0.00    0.00    0.00    0.00    0.00    0.00   99.53
16:23:38     all    0.00    0.00    0.60    0.00    0.00    0.00    0.00    0.00    0.00   99.40
16:23:39     all    0.00    0.00    0.50    0.00    0.00    0.00    0.00    0.00    0.00   99.50
16:23:40     all    0.03    0.00    0.78    0.00    0.00    0.00    0.00    0.00    0.00   99.19
16:23:41     all    0.00    0.00    0.59    0.00    0.00    0.00    0.00    0.00    0.00   99.41
16:23:42     all    0.00    0.00    0.50    0.00    0.00    0.00    0.00    0.00    0.00   99.50
16:23:43     all    0.03    0.00    0.66    0.00    0.00    0.00    0.00    0.00    0.00   99.31
16:23:44     all    0.00    0.00    0.53    0.00    0.00    0.00    0.00    0.00    0.00   99.47
16:23:45     all    0.00    0.00    0.56    0.00    0.00    0.00    0.00    0.00    0.00   99.44
16:23:46     all    0.00    0.00    0.50    0.00    0.00    0.00    0.00    0.00    0.00   99.50
16:23:47     all    0.00    0.00    0.56    0.00    0.00    0.00    0.00    0.00    0.00   99.44
16:23:48     all    0.00    0.00    0.66    0.00    0.00    0.00    0.00    0.00    0.00   99.34
16:23:49     all    0.00    0.00    0.66    0.00    0.00    0.00    0.00    0.00    0.00   99.34
16:23:50     all    0.06    0.00    0.66    0.00    0.00    0.00    0.00    0.00    0.00   99.28
16:23:51     all    0.03    0.00    0.56    0.00    0.00    0.00    0.00    0.00    0.00   99.41
16:23:52     all    0.00    0.00    0.59    0.00    0.00    0.00    0.00    0.00    0.00   99.41
16:23:53     all    0.03    0.00    0.59    0.00    0.00    0.00    0.00    0.00    0.00   99.37
16:23:54     all    0.00    0.00    0.50    0.00    0.00    0.00    0.00    0.00    0.00   99.50
16:23:55     all    0.00    0.00    0.66    0.00    0.00    0.00    0.00    0.00    0.00   99.34
16:23:56     all    0.03    0.00    0.50    0.00    0.00    0.03    0.00    0.00    0.00   99.44
16:23:57     all    0.00    0.00    0.56    0.00    0.00    0.00    0.00    0.00    0.00   99.44
16:23:58     all    0.00    0.00    0.41    0.00    0.00    0.03    0.00    0.00    0.00   99.56
16:23:59     all    0.00    0.00    0.41    0.00    0.00    0.00    0.00    0.00    0.00   99.59
16:24:00     all    0.38    0.00    0.81    0.00    0.00    0.03    0.00    0.00    0.00   98.78
16:24:01     all    0.00    0.00    0.44    0.00    0.00    0.00    0.00    0.00    0.00   99.56
16:24:02     all    0.00    0.00    0.41    0.00    0.00    0.03    0.00    0.00    0.00   99.56
16:24:03     all    0.00    0.00    0.59    0.00    0.00    0.00    0.00    0.00    0.00   99.41
16:24:04     all    0.00    0.00    0.56    0.00    0.00    0.00    0.00    0.00    0.00   99.44
16:24:05     all    0.00    0.00    0.38    0.00    0.00    0.00    0.00    0.00    0.00   99.62
16:24:06     all    0.00    0.00    0.63    0.00    0.00    0.00    0.00    0.00    0.00   99.37
16:24:07     all    0.00    0.00    0.56    0.00    0.00    0.00    0.00    0.00    0.00   99.44
16:24:08     all    0.00    0.00    0.59    0.00    0.00    0.00    0.00    0.00    0.00   99.41
16:24:09     all    0.00    0.00    0.50    0.00    0.00    0.00    0.00    0.00    0.00   99.50
16:24:10     all    0.09    0.00    0.69    0.00    0.00    0.03    0.00    0.00    0.00   99.19
16:24:11     all    0.00    0.00    0.50    0.00    0.00    0.00    0.00    0.00    0.00   99.50
16:24:12     all    0.00    0.00    0.63    0.00    0.00    0.00    0.00    0.00    0.00   99.37
16:24:13     all    0.03    0.00    0.59    0.00    0.00    0.03    0.00    0.00    0.00   99.34
16:24:14     all    0.00    0.00    0.63    0.00    0.00    0.00    0.00    0.00    0.00   99.37
16:24:15     all    0.00    0.00    0.53    0.00    0.00    0.00    0.00    0.00    0.00   99.47
16:24:16     all    0.00    0.00    0.59    0.00    0.00    0.00    0.00    0.00    0.00   99.41
16:24:17     all    0.00    0.00    0.75    0.00    0.00    0.00    0.00    0.00    0.00   99.25
16:24:18     all    0.00    0.00    0.59    0.00    0.00    0.00    0.00    0.00    0.00   99.41
16:24:19     all    0.00    0.00    0.47    0.00    0.00    0.00    0.00    0.00    0.00   99.53
16:24:20     all    0.06    0.00    0.56    0.00    0.00    0.00    0.00    0.00    0.00   99.37
16:24:21     all    0.00    0.00    0.53    0.00    0.00    0.00    0.00    0.00    0.00   99.47
16:24:22     all    0.00    0.00    0.59    0.00    0.00    0.00    0.00    0.00    0.00   99.41
16:24:23     all    0.00    0.00    0.56    0.00    0.00    0.00    0.00    0.00    0.00   99.44
16:24:24     all    0.00    0.00    0.69    0.00    0.00    0.00    0.00    0.00    0.00   99.31
16:24:25     all    0.00    0.00    0.66    0.00    0.00    0.00    0.00    0.00    0.00   99.34
16:24:26     all    0.00    0.00    0.53    0.00    0.00    0.00    0.00    0.00    0.00   99.47
16:24:27     all    0.00    0.00    0.69    0.00    0.00    0.00    0.00    0.00    0.00   99.31
16:24:28     all    0.00    0.00    0.63    0.00    0.00    0.00    0.00    0.00    0.00   99.37
16:24:29     all    0.00    0.00    0.75    0.19    0.00    0.03    0.00    0.00    0.00   99.03
16:24:30     all    0.09    0.00    0.63    0.00    0.00    0.00    0.00    0.00    0.00   99.28
16:24:31     all    0.00    0.00    0.72    0.00    0.00    0.00    0.00    0.00    0.00   99.28
16:24:32     all    0.00    0.00    0.59    0.00    0.00    0.00    0.00    0.00    0.00   99.41
16:24:33     all    0.03    0.00    0.63    0.00    0.00    0.00    0.00    0.00    0.00   99.34
16:24:34     all    0.00    0.00    0.44    0.00    0.00    0.00    0.00    0.00    0.00   99.56
16:24:35     all    0.00    0.00    0.56    0.00    0.00    0.00    0.00    0.00    0.00   99.44
16:24:36     all    0.00    0.00    0.50    0.00    0.00    0.00    0.00    0.00    0.00   99.50
16:24:37     all    0.00    0.00    0.63    0.00    0.00    0.00    0.00    0.00    0.00   99.37
16:24:38     all    0.00    0.00    0.50    0.00    0.00    0.00    0.00    0.00    0.00   99.50
16:24:39     all    0.00    0.00    0.69    0.00    0.00    0.03    0.00    0.00    0.00   99.28
16:24:40     all    0.09    0.00    0.66    0.00    0.00    0.00    0.00    0.00    0.00   99.25
16:24:41     all    0.00    0.00    0.59    0.00    0.00    0.00    0.00    0.00    0.00   99.41
16:24:42     all    0.00    0.00    0.56    0.00    0.00    0.00    0.00    0.00    0.00   99.44
16:24:43     all    0.00    0.00    0.59    0.00    0.00    0.00    0.00    0.00    0.00   99.41
16:24:44     all    0.00    0.00    0.44    0.00    0.00    0.00    0.00    0.00    0.00   99.56
16:24:45     all    0.00    0.00    0.59    0.00    0.00    0.00    0.00    0.00    0.00   99.41
16:24:46     all    0.00    0.00    0.63    0.00    0.00    0.00    0.00    0.00    0.00   99.37
16:24:47     all    0.00    0.00    0.63    0.00    0.00    0.00    0.00    0.00    0.00   99.37
16:24:48     all    0.00    0.00    0.56    0.00    0.00    0.00    0.00    0.00    0.00   99.44
16:24:49     all    0.38    0.00    0.47    0.00    0.00    0.00    0.00    0.00    0.00   99.15
16:24:50     all    0.13    0.00    0.66    0.00    0.00    0.00    0.00    0.00    0.00   99.22
16:24:51     all    0.00    0.00    0.56    0.00    0.00    0.00    0.00    0.00    0.00   99.44
16:24:52     all    0.00    0.00    0.63    0.00    0.00    0.00    0.00    0.00    0.00   99.37
16:24:53     all    0.00    0.00    0.66    0.00    0.00    0.03    0.00    0.00    0.00   99.31
16:24:54     all    0.03    0.00    0.63    0.00    0.00    0.00    0.00    0.00    0.00   99.34
16:24:55     all    0.00    0.00    0.66    0.00    0.00    0.00    0.00    0.00    0.00   99.34
16:24:56     all    0.00    0.00    0.75    0.00    0.00    0.00    0.00    0.00    0.00   99.25
16:24:57     all    0.00    0.00    0.69    0.00    0.00    0.00    0.00    0.00    0.00   99.31
16:24:58     all    0.00    0.00    0.53    0.00    0.00    0.00    0.00    0.00    0.00   99.47
16:24:59     all    0.00    0.00    0.53    0.00    0.00    0.00    0.00    0.00    0.00   99.47
16:25:00     all    0.41    0.00    0.75    0.00    0.00    0.00    0.00    0.00    0.00   98.84
16:25:01     all    0.03    0.00    0.69    0.00    0.00    0.03    0.00    0.00    0.00   99.25
16:25:02     all    0.00    0.00    0.47    0.00    0.00    0.00    0.00    0.00    0.00   99.53
16:25:03     all    0.00    0.00    0.66    0.00    0.00    0.00    0.00    0.00    0.00   99.34
16:25:04     all    0.00    0.00    0.53    0.00    0.00    0.00    0.00    0.00    0.00   99.47
16:25:05     all    0.00    0.00    0.59    0.00    0.00    0.00    0.00    0.00    0.00   99.41
16:25:06     all    0.00    0.00    0.69    0.00    0.00    0.00    0.00    0.00    0.00   99.31
16:25:07     all    0.03    0.00    0.50    0.00    0.00    0.03    0.00    0.00    0.00   99.44
16:25:08     all    0.00    0.00    0.66    0.00    0.00    0.00    0.00    0.00    0.00   99.34
16:25:09     all    0.00    0.00    0.59    0.00    0.00    0.00    0.00    0.00    0.00   99.41
16:25:10     all    0.06    0.00    0.56    0.00    0.00    0.00    0.00    0.00    0.00   99.37
16:25:11     all    0.00    0.00    0.63    0.00    0.00    0.00    0.00    0.00    0.00   99.37
16:25:12     all    0.00    0.00    0.66    0.00    0.00    0.00    0.00    0.00    0.00   99.34
16:25:13     all    0.03    0.00    0.59    0.00    0.00    0.00    0.00    0.00    0.00   99.37
16:25:14     all    0.00    0.00    0.75    0.00    0.00    0.00    0.00    0.00    0.00   99.25
16:25:15     all    0.00    0.00    0.53    0.00    0.00    0.03    0.00    0.00    0.00   99.44
16:25:16     all    0.00    0.00    0.53    0.00    0.00    0.00    0.00    0.00    0.00   99.47
16:25:17     all    0.19    0.00    0.63    0.00    0.00    0.00    0.00    0.00    0.00   99.19
16:25:18     all    0.00    0.00    0.63    0.00    0.00    0.00    0.00    0.00    0.00   99.37
16:25:19     all    0.00    0.00    0.56    0.00    0.00    0.00    0.00    0.00    0.00   99.44
16:25:20     all    0.06    0.00    0.66    0.00    0.00    0.00    0.00    0.00    0.00   99.28
16:25:21     all    0.03    0.00    0.59    0.00    0.00    0.00    0.00    0.00    0.00   99.37
16:25:22     all    0.00    0.00    0.53    0.00    0.00    0.00    0.00    0.00    0.00   99.47
16:25:23     all    0.03    0.00    0.72    0.00    0.00    0.00    0.00    0.00    0.00   99.25
16:25:24     all    0.00    0.00    0.56    0.00    0.00    0.00    0.00    0.00    0.00   99.44
16:25:25     all    0.00    0.00    0.59    0.00    0.00    0.00    0.00    0.00    0.00   99.41
16:25:26     all    0.00    0.00    0.66    0.00    0.00    0.03    0.00    0.00    0.00   99.31
16:25:27     all    0.00    0.00    0.63    0.00    0.00    0.00    0.00    0.00    0.00   99.37
16:25:28     all    0.00    0.00    0.59    0.00    0.00    0.00    0.00    0.00    0.00   99.41
16:25:29     all    0.00    0.00    0.63    0.00    0.00    0.00    0.00    0.00    0.00   99.37
16:25:30     all    0.06    0.00    0.63    0.00    0.00    0.00    0.00    0.00    0.00   99.31
16:25:31     all    0.00    0.00    0.59    0.00    0.00    0.00    0.00    0.00    0.00   99.41
16:25:32     all    0.00    0.00    0.56    0.00    0.00    0.03    0.00    0.00    0.00   99.41
16:25:33     all    0.00    0.00    0.63    0.00    0.00    0.00    0.00    0.00    0.00   99.37
16:25:34     all    0.00    0.00    0.66    0.00    0.00    0.00    0.00    0.00    0.00   99.34
16:25:35     all    0.00    0.00    0.63    0.00    0.00    0.00    0.00    0.00    0.00   99.37
16:25:36     all    0.00    0.00    0.53    0.00    0.00    0.00    0.00    0.00    0.00   99.47
16:25:37     all    0.00    0.00    0.56    0.00    0.00    0.00    0.00    0.00    0.00   99.44
16:25:38     all    0.00    0.00    0.59    0.00    0.00    0.03    0.00    0.00    0.00   99.37
16:25:39     all    0.00    0.00    0.50    0.00    0.00    0.00    0.00    0.00    0.00   99.50
16:25:40     all    0.09    0.00    0.59    0.00    0.00    0.00    0.00    0.00    0.00   99.31
16:25:41     all    0.00    0.00    0.41    0.00    0.00    0.00    0.00    0.00    0.00   99.59
16:25:42     all    0.00    0.00    0.50    0.00    0.00    0.00    0.00    0.00    0.00   99.50
16:25:43     all    0.03    0.00    0.59    0.00    0.00    0.03    0.00    0.00    0.00   99.34
16:25:44     all    0.00    0.00    0.41    0.00    0.00    0.00    0.00    0.00    0.00   99.59
16:25:45     all    0.00    0.00    0.56    0.00    0.00    0.00    0.00    0.00    0.00   99.44
16:25:46     all    0.00    0.00    0.66    0.00    0.00    0.00    0.00    0.00    0.00   99.34
16:25:47     all    0.03    0.00    0.53    0.00    0.00    0.00    0.00    0.00    0.00   99.44
16:25:48     all    0.00    0.00    0.63    0.00    0.00    0.00    0.00    0.00    0.00   99.37
16:25:49     all    0.00    0.00    0.66    0.00    0.00    0.00    0.00    0.00    0.00   99.34
16:25:50     all    0.09    0.00    0.60    0.00    0.00    0.03    0.00    0.00    0.00   99.28
16:25:51     all    0.00    0.00    0.47    0.00    0.00    0.00    0.00    0.00    0.00   99.53
16:25:52     all    0.00    0.00    0.53    0.00    0.00    0.00    0.00    0.00    0.00   99.47
16:25:53     all    0.03    0.00    0.53    0.00    0.00    0.00    0.00    0.00    0.00   99.44
16:25:54     all    0.00    0.00    0.69    0.00    0.00    0.03    0.00    0.00    0.00   99.28
16:25:55     all    0.00    0.00    0.59    0.00    0.00    0.00    0.00    0.00    0.00   99.41
16:25:56     all    0.00    0.00    0.63    0.00    0.00    0.00    0.00    0.00    0.00   99.37
16:25:57     all    0.00    0.00    0.53    0.00    0.00    0.00    0.00    0.00    0.00   99.47
16:25:58     all    0.00    0.00    0.56    0.00    0.00    0.00    0.00    0.00    0.00   99.44
16:25:59     all    0.03    0.00    0.56    0.00    0.00    0.00    0.00    0.00    0.00   99.41
16:26:00     all    0.37    0.00    0.78    0.00    0.00    0.22    0.00    0.00    0.00   98.63
16:26:01     all    0.00    0.00    0.59    0.00    0.00    0.03    0.00    0.00    0.00   99.37
16:26:02     all    0.00    0.00    0.56    0.00    0.00    0.00    0.00    0.00    0.00   99.44
16:26:03     all    0.03    0.00    0.56    0.00    0.00    0.00    0.00    0.00    0.00   99.41
16:26:04     all    0.00    0.00    0.63    0.00    0.00    0.00    0.00    0.00    0.00   99.37
16:26:05     all    0.00    0.00    0.63    0.00    0.00    0.03    0.00    0.00    0.00   99.34
16:26:06     all    0.00    0.00    0.63    0.00    0.00    0.00    0.00    0.00    0.00   99.37
16:26:07     all    0.00    0.00    0.63    0.00    0.00    0.00    0.00    0.00    0.00   99.37
16:26:08     all    0.00    0.00    0.53    0.00    0.00    0.00    0.00    0.00    0.00   99.47
16:26:09     all    0.00    0.00    0.53    0.00    0.00    0.00    0.00    0.00    0.00   99.47
16:26:10     all    0.09    0.00    0.69    0.00    0.00    0.00    0.00    0.00    0.00   99.22
16:26:11     all    0.03    0.00    0.53    0.00    0.00    0.00    0.00    0.00    0.00   99.44
16:26:12     all    0.00    0.00    0.69    0.00    0.00    0.00    0.00    0.00    0.00   99.31
16:26:13     all    0.00    0.00    0.66    0.00    0.00    0.03    0.00    0.00    0.00   99.31
16:26:14     all    0.00    0.00    0.72    0.00    0.00    0.00    0.00    0.00    0.00   99.28
16:26:15     all    0.00    0.00    0.59    0.00    0.00    0.00    0.00    0.00    0.00   99.41
16:26:16     all    0.00    0.00    0.72    0.00    0.00    0.00    0.00    0.00    0.00   99.28
16:26:17     all    0.00    0.00    0.75    0.00    0.00    0.00    0.00    0.00    0.00   99.25
16:26:18     all    0.00    0.00    0.66    0.00    0.00    0.00    0.00    0.00    0.00   99.34
16:26:19     all    0.00    0.00    0.56    0.00    0.00    0.00    0.00    0.00    0.00   99.44
16:26:20     all    0.06    0.00    0.69    0.00    0.00    0.00    0.00    0.00    0.00   99.25
16:26:21     all    0.00    0.00    0.63    0.00    0.00    0.00    0.00    0.00    0.00   99.37
16:26:22     all    0.00    0.00    0.47    0.00    0.00    0.00    0.00    0.00    0.00   99.53
16:26:23     all    0.00    0.00    0.63    0.00    0.00    0.00    0.00    0.00    0.00   99.37
16:26:24     all    0.00    0.00    0.59    0.00    0.00    0.00    0.00    0.00    0.00   99.41
16:26:25     all    0.00    0.00    0.59    0.00    0.00    0.00    0.00    0.00    0.00   99.41
16:26:26     all    0.00    0.00    0.66    0.00    0.00    0.03    0.00    0.00    0.00   99.31
16:26:27     all    0.00    0.00    0.63    0.00    0.00    0.00    0.00    0.00    0.00   99.37
16:26:28     all    0.00    0.00    0.59    0.00    0.00    0.00    0.00    0.00    0.00   99.41
16:26:29     all    0.00    0.00    0.56    0.00    0.00    0.00    0.00    0.00    0.00   99.44
16:26:30     all    0.09    0.00    0.72    0.00    0.00    0.03    0.00    0.00    0.00   99.16
16:26:31     all    0.00    0.00    0.72    0.00    0.00    0.00    0.00    0.00    0.00   99.28
16:26:32     all    0.00    0.00    0.56    0.00    0.00    0.00    0.00    0.00    0.00   99.44
16:26:33     all    0.00    0.00    0.47    0.00    0.00    0.00    0.00    0.00    0.00   99.53
16:26:34     all    0.00    0.00    0.56    0.00    0.00    0.00    0.00    0.00    0.00   99.44
16:26:35     all    0.00    0.00    0.53    0.00    0.00    0.00    0.00    0.00    0.00   99.47
16:26:36     all    0.00    0.00    0.56    0.00    0.00    0.03    0.00    0.00    0.00   99.41
16:26:37     all    0.00    0.00    0.72    0.00    0.00    0.00    0.00    0.00    0.00   99.28
16:26:38     all    0.03    0.00    0.56    0.00    0.00    0.00    0.00    0.00    0.00   99.41
16:26:39     all    0.00    0.00    0.56    0.00    0.00    0.00    0.00    0.00    0.00   99.44
16:26:40     all    0.03    0.00    0.63    0.00    0.00    0.03    0.00    0.00    0.00   99.31
16:26:41     all    0.00    0.00    0.53    0.00    0.00    0.00    0.00    0.00    0.00   99.47
16:26:42     all    0.00    0.00    0.44    0.00    0.00    0.00    0.00    0.00    0.00   99.56
16:26:43     all    0.03    0.00    0.41    0.00    0.00    0.00    0.00    0.00    0.00   99.56
16:26:44     all    0.00    0.00    0.50    0.00    0.00    0.00    0.00    0.00    0.00   99.50
16:26:45     all    0.00    0.00    0.56    0.00    0.00    0.00    0.00    0.00    0.00   99.44
16:26:46     all    0.00    0.00    0.66    0.00    0.00    0.00    0.00    0.00    0.00   99.34
16:26:47     all    0.00    0.00    0.59    0.00    0.00    0.00    0.00    0.00    0.00   99.41
16:26:48     all    0.00    0.00    0.72    0.00    0.00    0.00    0.00    0.00    0.00   99.28
16:26:49     all    0.00    0.00    0.53    0.00    0.00    0.00    0.00    0.00    0.00   99.47
16:26:50     all    0.06    0.00    0.72    0.00    0.00    0.03    0.00    0.00    0.00   99.19
16:26:51     all    0.00    0.00    0.72    0.00    0.00    0.03    0.00    0.00    0.00   99.25
16:26:52     all    0.00    0.00    0.47    0.00    0.00    0.00    0.00    0.00    0.00   99.53
16:26:53     all    0.03    0.00    0.63    0.00    0.00    0.00    0.00    0.00    0.00   99.34
16:26:54     all    0.00    0.00    0.66    0.00    0.00    0.00    0.00    0.00    0.00   99.34
16:26:55     all    0.00    0.00    0.53    0.00    0.00    0.00    0.00    0.00    0.00   99.47
16:26:56     all    0.00    0.00    0.59    0.00    0.00    0.00    0.00    0.00    0.00   99.41
16:26:57     all    0.00    0.00    0.59    0.00    0.00    0.00    0.00    0.00    0.00   99.41
16:26:58     all    0.00    0.00    0.59    0.00    0.00    0.03    0.00    0.00    0.00   99.37
16:26:59     all    0.38    0.00    0.44    0.00    0.00    0.00    0.00    0.00    0.00   99.19
16:27:00     all    0.34    0.00    0.81    0.00    0.00    0.03    0.00    0.00    0.00   98.81
16:27:01     all    0.00    0.00    0.47    0.00    0.00    0.00    0.00    0.00    0.00   99.53
16:27:02     all    0.00    0.00    0.56    0.00    0.00    0.00    0.00    0.00    0.00   99.44
16:27:03     all    0.03    0.00    0.78    0.00    0.00    0.00    0.00    0.00    0.00   99.19
16:27:04     all    0.00    0.00    0.63    0.00    0.00    0.00    0.00    0.00    0.00   99.37
16:27:05     all    0.00    0.00    0.53    0.00    0.00    0.00    0.00    0.00    0.00   99.47
16:27:06     all    0.00    0.00    0.69    0.00    0.00    0.00    0.00    0.00    0.00   99.31
16:27:07     all    0.00    0.00    0.63    0.00    0.00    0.03    0.00    0.00    0.00   99.34
16:27:08     all    0.00    0.00    0.72    0.00    0.00    0.00    0.00    0.00    0.00   99.28
16:27:09     all    0.00    0.00    0.69    0.00    0.00    0.00    0.00    0.00    0.00   99.31
16:27:10     all    0.06    0.00    0.66    0.00    0.00    0.00    0.00    0.00    0.00   99.28
16:27:11     all    0.00    0.03    0.75    0.00    0.00    0.00    0.00    0.00    0.00   99.22
16:27:12     all    0.00    0.00    0.63    0.00    0.00    0.00    0.00    0.00    0.00   99.37
16:27:13     all    0.00    0.00    0.59    0.00    0.00    0.00    0.00    0.00    0.00   99.41
16:27:14     all    0.00    0.00    0.66    0.00    0.00    0.00    0.00    0.00    0.00   99.34
16:27:15     all    0.00    0.00    0.63    0.00    0.00    0.03    0.00    0.00    0.00   99.34
16:27:16     all    0.00    0.00    0.66    0.00    0.00    0.00    0.00    0.00    0.00   99.34
16:27:17     all    0.19    0.00    0.44    0.00    0.00    0.00    0.00    0.00    0.00   99.37
16:27:18     all    0.00    0.00    0.56    0.00    0.00    0.00    0.00    0.00    0.00   99.44
16:27:19     all    0.00    0.00    0.50    0.00    0.00    0.00    0.00    0.00    0.00   99.50
16:27:20     all    0.06    0.00    0.53    0.00    0.00    0.00    0.00    0.00    0.00   99.40
16:27:21     all    0.00    0.00    0.41    0.00    0.00    0.00    0.00    0.00    0.00   99.59
16:27:22     all    0.00    0.00    0.53    0.00    0.00    0.00    0.00    0.00    0.00   99.47
16:27:23     all    0.03    0.00    0.56    0.00    0.00    0.00    0.00    0.00    0.00   99.41
16:27:24     all    0.00    0.00    0.47    0.00    0.00    0.00    0.00    0.00    0.00   99.53
16:27:25     all    0.00    0.00    0.53    0.00    0.00    0.00    0.00    0.00    0.00   99.47
16:27:26     all    0.00    0.00    0.56    0.00    0.00    0.00    0.00    0.00    0.00   99.44
16:27:27     all    0.00    0.00    0.34    0.00    0.00    0.03    0.00    0.00    0.00   99.62
16:27:28     all    0.00    0.00    0.03    0.00    0.00    0.00    0.00    0.00    0.00   99.97
16:27:29     all    0.00    0.00    0.03    0.00    0.00    0.00    0.00    0.00    0.00   99.97
16:27:30     all    0.09    0.00    0.06    0.00    0.00    0.00    0.00    0.00    0.00   99.84
16:27:31     all    0.00    0.00    0.53    0.00    0.00    0.34    0.00    0.00    0.00   99.12
16:27:32     all    0.00    0.00    5.40    0.00    0.00    3.30    0.00    0.00    0.00   91.30
16:27:33     all    0.00    0.10    1.87    0.00    0.00    1.02    0.00    0.00    0.00   97.01
16:27:34     all    0.00    0.00    2.83    0.00    0.00    1.75    0.00    0.00    0.00   95.42
16:27:35     all    0.00    0.29    2.61    0.00    0.00    1.50    0.00    0.00    0.00   95.61
16:27:36     all    0.00    2.73    1.19    0.00    0.00    0.41    0.00    0.00    0.00   95.67
16:27:37     all    0.00    0.00    3.32    0.00    0.00    1.95    0.00    0.00    0.00   94.74
16:27:38     all    0.00    0.03    3.47    0.00    0.00    1.88    0.00    0.00    0.00   94.62
16:27:39     all    0.00    0.00    2.96    0.00    0.00    1.62    0.00    0.00    0.00   95.42
16:27:40     all    0.10    0.00    3.06    0.00    0.00    1.63    0.00    0.00    0.00   95.21
16:27:41     all    0.00    0.00    3.59    0.00    0.00    2.00    0.00    0.00    0.00   94.40
16:27:42     all    0.00    0.00    3.35    0.00    0.00    1.79    0.00    0.00    0.00   94.86
16:27:43     all    0.03    0.00    3.06    0.00    0.00    1.59    0.00    0.00    0.00   95.31
16:27:44     all    0.00    0.00    3.38    0.00    0.00    1.94    0.00    0.00    0.00   94.68
16:27:45     all    0.00    1.92    1.92    0.00    0.00    0.85    0.00    0.00    0.00   95.30
16:27:46     all    0.00    0.16    2.80    0.00    0.00    1.72    0.00    0.00    0.00   95.32
16:27:47     all    0.00    0.00    3.13    0.00    0.00    1.79    0.00    0.00    0.00   95.09
16:27:48     all    0.00    0.00    2.57    0.00    0.00    1.33    0.00    0.00    0.00   96.10
16:27:49     all    0.00    0.00    3.38    0.00    0.00    1.91    0.00    0.00    0.00   94.71
16:27:50     all    0.13    0.00    3.18    0.00    0.00    1.81    0.00    0.00    0.00   94.88
16:27:51     all    0.00    0.00    3.32    0.00    0.00    1.75    0.00    0.00    0.00   94.93
16:27:52     all    0.03    1.68    1.84    0.00    0.00    1.04    0.00    0.00    0.00   95.41
16:27:53     all    0.03    1.87    1.77    0.00    0.00    0.54    0.00    0.00    0.00   95.79
16:27:54     all    0.00    0.00    3.44    0.00    0.00    2.01    0.00    0.00    0.00   94.55
16:27:55     all    0.00    0.00    2.93    0.00    0.00    1.69    0.00    0.00    0.00   95.38
16:27:56     all    0.00    0.00    3.19    0.00    0.00    1.37    0.00    0.00    0.00   95.44
16:27:57     all    0.00    0.00    3.13    0.00    0.00    1.53    0.00    0.00    0.00   95.33
16:27:58     all    0.00    0.00    2.99    0.00    0.00    1.40    0.00    0.00    0.00   95.61
16:27:59     all    0.00    0.00    3.03    0.00    0.00    1.37    0.00    0.00    0.00   95.59
16:28:00     all    0.32    0.00    2.34    0.00    0.00    0.82    0.00    0.00    0.00   96.52
16:28:01     all    0.00    0.00    0.00    0.00    0.00    0.00    0.00    0.00    0.00  100.00
16:28:02     all    0.00    0.00    0.03    0.00    0.00    0.00    0.00    0.00    0.00   99.97
16:28:03     all    0.03    0.00    0.00    0.00    0.00    0.00    0.00    0.00    0.00   99.97
16:28:04     all    0.00    0.00    0.06    0.00    0.00    0.00    0.00    0.00    0.00   99.94
16:28:05     all    0.00    0.00    0.00    0.00    0.00    0.00    0.00    0.00    0.00  100.00
16:28:06     all    0.00    0.00    0.03    0.00    0.00    0.00    0.00    0.00    0.00   99.97
16:28:07     all    0.00    0.00    0.00    0.00    0.00    0.00    0.00    0.00    0.00  100.00
16:28:08     all    0.00    0.00    0.00    0.00    0.00    0.00    0.00    0.00    0.00  100.00
16:28:09     all    0.00    0.00    0.00    0.00    0.00    0.00    0.00    0.00    0.00  100.00
16:28:10     all    0.06    0.00    0.09    0.00    0.00    0.00    0.00    0.00    0.00   99.84
16:28:11     all    0.03    0.00    0.00    0.00    0.00    0.00    0.00    0.00    0.00   99.97
16:28:12     all    0.00    0.00    0.03    0.00    0.00    0.00    0.00    0.00    0.00   99.97
16:28:13     all    0.00    0.00    0.03    0.00    0.00    0.00    0.00    0.00    0.00   99.97
16:28:14     all    0.00    0.00    0.00    0.00    0.00    0.00    0.00    0.00    0.00  100.00
16:28:15     all    0.00    0.00    0.00    0.00    0.00    0.00    0.00    0.00    0.00  100.00
16:28:16     all    0.00    0.00    0.03    0.00    0.00    0.00    0.00    0.00    0.00   99.97
16:28:17     all    0.00    0.00    0.00    0.00    0.00    0.00    0.00    0.00    0.00  100.00
16:28:18     all    0.00    0.00    0.03    0.00    0.00    0.00    0.00    0.00    0.00   99.97
16:28:19     all    0.00    0.00    0.00    0.00    0.00    0.00    0.00    0.00    0.00  100.00
16:28:20     all    0.06    0.00    0.06    0.00    0.00    0.00    0.00    0.00    0.00   99.87
16:28:21     all    0.00    0.00    0.00    0.00    0.00    0.00    0.00    0.00    0.00  100.00
16:28:22     all    0.00    0.00    0.03    0.00    0.00    0.00    0.00    0.00    0.00   99.97
16:28:23     all    0.03    0.00    0.03    0.00    0.00    0.00    0.00    0.00    0.00   99.94
16:28:24     all    0.00    0.00    0.00    0.00    0.00    0.00    0.00    0.00    0.00  100.00
16:28:25     all    0.00    0.00    0.00    0.00    0.00    0.00    0.00    0.00    0.00  100.00
16:28:26     all    0.00    0.00    0.00    0.00    0.00    0.00    0.00    0.00    0.00  100.00
16:28:27     all    0.00    0.00    0.00    0.00    0.00    0.00    0.00    0.00    0.00  100.00
16:28:28     all    0.00    0.00    0.03    0.00    0.00    0.00    0.00    0.00    0.00   99.97
16:28:29     all    0.00    0.00    0.00    0.00    0.00    0.00    0.00    0.00    0.00  100.00
16:28:30     all    0.09    0.00    0.06    0.00    0.00    0.00    0.00    0.00    0.00   99.84
16:28:31     all    0.00    0.00    0.00    0.00    0.00    0.00    0.00    0.00    0.00  100.00
16:28:32     all    0.00    0.00    0.03    0.00    0.00    0.00    0.00    0.00    0.00   99.97
16:28:33     all    0.00    0.00    0.00    0.00    0.00    0.00    0.00    0.00    0.00  100.00
16:28:34     all    0.00    0.00    0.00    0.00    0.00    0.00    0.00    0.00    0.00  100.00
16:28:35     all    0.03    0.00    0.03    0.00    0.00    0.00    0.00    0.00    0.00   99.94
16:28:36     all    0.00    0.00    0.00    0.00    0.00    0.00    0.00    0.00    0.00  100.00
16:28:37     all    0.00    0.00    0.00    0.00    0.00    0.00    0.00    0.00    0.00  100.00
16:28:38     all    0.00    0.00    0.03    0.00    0.00    0.00    0.00    0.00    0.00   99.97
16:28:39     all    0.00    0.00    0.00    0.00    0.00    0.00    0.00    0.00    0.00  100.00
16:28:40     all    0.09    0.00    0.09    0.00    0.00    0.00    0.00    0.00    0.00   99.81
16:28:41     all    0.00    0.00    0.03    0.00    0.00    0.00    0.00    0.00    0.00   99.97
16:28:42     all    0.00    0.00    0.00    0.00    0.00    0.00    0.00    0.00    0.00  100.00
16:28:43     all    0.03    0.00    0.06    0.00    0.00    0.00    0.00    0.00    0.00   99.91
16:28:44     all    0.00    0.00    0.00    0.00    0.00    0.00    0.00    0.00    0.00  100.00
16:28:45     all    0.00    0.00    0.00    0.00    0.00    0.00    0.00    0.00    0.00  100.00
16:28:46     all    0.00    0.00    0.03    0.00    0.00    0.00    0.00    0.00    0.00   99.97
16:28:47     all    0.00    0.00    0.03    0.00    0.00    0.00    0.00    0.00    0.00   99.97
16:28:48     all    0.00    0.00    0.00    0.00    0.00    0.00    0.00    0.00    0.00  100.00
16:28:49     all    0.00    0.00    0.03    0.00    0.00    0.00    0.00    0.00    0.00   99.97
16:28:50     all    0.03    0.00    0.09    0.00    0.00    0.00    0.00    0.00    0.00   99.87
16:28:51     all    0.00    0.00    0.00    0.00    0.00    0.00    0.00    0.00    0.00  100.00
16:28:52     all    0.00    0.00    0.00    0.00    0.00    0.00    0.00    0.00    0.00  100.00
16:28:53     all    0.03    0.00    0.00    0.00    0.00    0.00    0.00    0.00    0.00   99.97
16:28:54     all    0.00    0.00    0.03    0.00    0.00    0.00    0.00    0.00    0.00   99.97
16:28:55     all    0.00    0.00    0.00    0.00    0.00    0.00    0.00    0.00    0.00  100.00
16:28:56     all    0.00    0.00    0.00    0.00    0.00    0.00    0.00    0.00    0.00  100.00
16:28:57     all    0.00    0.00    0.00    0.00    0.00    0.00    0.00    0.00    0.00  100.00
16:28:58     all    0.00    0.00    0.00    0.00    0.00    0.00    0.00    0.00    0.00  100.00
16:28:59     all    0.41    0.00    0.00    0.00    0.00    0.00    0.00    0.00    0.00   99.59
16:29:00     all    0.28    0.00    0.19    0.00    0.00    0.00    0.00    0.00    0.00   99.53
16:29:01     all    0.00    0.00    0.00    0.00    0.00    0.00    0.00    0.00    0.00  100.00
16:29:02     all    0.00    0.00    0.00    0.00    0.00    0.00    0.00    0.00    0.00  100.00
16:29:03     all    0.03    0.00    0.03    0.00    0.00    0.00    0.00    0.00    0.00   99.94
16:29:04     all    0.00    0.00    0.00    0.00    0.00    0.00    0.00    0.00    0.00  100.00
16:29:05     all    0.00    0.00    0.00    0.00    0.00    0.00    0.00    0.00    0.00  100.00
16:29:06     all    0.00    0.00    0.00    0.00    0.00    0.00    0.00    0.00    0.00  100.00
16:29:07     all    0.00    0.00    0.00    0.00    0.00    0.00    0.00    0.00    0.00  100.00
16:29:08     all    0.00    0.00    0.00    0.00    0.00    0.00    0.00    0.00    0.00  100.00
16:29:09     all    0.00    0.00    0.00    0.00    0.00    0.00    0.00    0.00    0.00  100.00
16:29:10     all    0.06    0.00    0.06    0.00    0.00    0.00    0.00    0.00    0.00   99.87
16:29:11     all    0.00    0.00    0.00    0.00    0.00    0.00    0.00    0.00    0.00  100.00
16:29:12     all    0.00    0.00    0.03    0.00    0.00    0.00    0.00    0.00    0.00   99.97
16:29:13     all    0.00    0.00    0.03    0.00    0.00    0.00    0.00    0.00    0.00   99.97
16:29:14     all    0.00    0.00    0.00    0.00    0.00    0.00    0.00    0.00    0.00  100.00
16:29:15     all    0.00    0.00    0.00    0.00    0.00    0.00    0.00    0.00    0.00  100.00
16:29:16     all    0.03    0.00    0.00    0.00    0.00    0.00    0.00    0.00    0.00   99.97
16:29:17     all    0.19    0.00    0.00    0.00    0.00    0.00    0.00    0.00    0.00   99.81
16:29:18     all    0.00    0.00    0.00    0.00    0.00    0.00    0.00    0.00    0.00  100.00
16:29:19     all    0.00    0.00    0.00    0.00    0.00    0.00    0.00    0.00    0.00  100.00
16:29:20     all    0.06    0.00    0.06    0.00    0.00    0.00    0.00    0.00    0.00   99.87
16:29:21     all    0.00    0.00    0.00    0.00    0.00    0.00    0.00    0.00    0.00  100.00
16:29:22     all    0.00    0.00    0.00    0.00    0.00    0.00    0.00    0.00    0.00  100.00
16:29:23     all    0.03    0.00    0.06    0.00    0.00    0.00    0.00    0.00    0.00   99.91
16:29:24     all    0.00    0.00    0.00    0.00    0.00    0.00    0.00    0.00    0.00  100.00
16:29:25     all    0.00    0.00    0.03    0.00    0.00    0.00    0.00    0.00    0.00   99.97
16:29:26     all    0.00    0.00    0.00    0.00    0.00    0.00    0.00    0.00    0.00  100.00
16:29:27     all    0.00    0.00    0.03    0.00    0.00    0.00    0.00    0.00    0.00   99.97
16:29:28     all    0.00    0.00    0.00    0.00    0.00    0.00    0.00    0.00    0.00  100.00
16:29:29     all    0.00    0.00    0.00    0.00    0.00    0.00    0.00    0.00    0.00  100.00
16:29:30     all    0.06    0.00    0.12    0.00    0.00    0.00    0.00    0.00    0.00   99.81
16:29:31     all    0.00    0.00    0.00    0.00    0.00    0.00    0.00    0.00    0.00  100.00
16:29:32     all    0.00    0.00    0.03    0.00    0.00    0.00    0.00    0.00    0.00   99.97
16:29:33     all    0.00    0.00    0.03    0.00    0.00    0.00    0.00    0.00    0.00   99.97
16:29:34     all    0.00    0.00    0.00    0.00    0.00    0.00    0.00    0.00    0.00  100.00
16:29:35     all    0.00    0.00    0.00    0.00    0.00    0.00    0.00    0.00    0.00  100.00
16:29:36     all    0.00    0.00    0.00    0.00    0.00    0.00    0.00    0.00    0.00  100.00
16:29:37     all    0.00    0.00    0.00    0.00    0.00    0.00    0.00    0.00    0.00  100.00
16:29:38     all    0.00    0.00    0.00    0.00    0.00    0.00    0.00    0.00    0.00  100.00
16:29:39     all    0.00    0.00    0.00    0.00    0.00    0.00    0.00    0.00    0.00  100.00
16:29:40     all    0.06    0.00    0.09    0.00    0.00    0.00    0.00    0.00    0.00   99.84
16:29:41     all    0.00    0.00    0.00    0.00    0.00    0.00    0.00    0.00    0.00  100.00
16:29:42     all    0.00    0.00    0.00    0.00    0.00    0.00    0.00    0.00    0.00  100.00
16:29:43     all    0.00    0.00    0.03    0.00    0.00    0.00    0.00    0.00    0.00   99.97
16:29:44     all    0.00    0.00    0.00    0.00    0.00    0.00    0.00    0.00    0.00  100.00
16:29:45     all    0.00    0.00    0.00    0.00    0.00    0.00    0.00    0.00    0.00  100.00
16:29:46     all    0.00    0.00    0.00    0.00    0.00    0.00    0.00    0.00    0.00  100.00
16:29:47     all    0.00    0.00    0.00    0.00    0.00    0.00    0.00    0.00    0.00  100.00
16:29:48     all    0.00    2.71    1.29    0.00    0.00    0.35    0.00    0.00    0.00   95.65
16:29:49     all    0.03    4.35    2.08    0.00    0.00    0.76    0.00    0.00    0.00   92.79
16:29:50     all    0.03    7.17    3.02    0.00    0.00    1.04    0.00    0.00    0.00   88.75
16:29:51     all    0.00    4.96    1.99    0.00    0.00    0.88    0.00    0.00    0.00   92.17
16:29:52     all    0.03    8.86    5.04    0.00    0.00    2.21    0.00    0.00    0.00   83.86
16:29:53     all    0.03    2.68    2.27    0.00    0.00    0.98    0.00    0.00    0.00   94.04
16:29:54     all    0.00   12.96    3.10    0.00    0.00    1.14    0.00    0.00    0.00   82.81
16:29:55     all    0.00   33.53    5.26    0.00    0.00    1.99    0.00    0.00    0.00   59.23
16:29:56     all    0.00   34.14    5.82    0.00    0.00    2.02    0.00    0.00    0.00   58.02
16:29:57     all    0.00   31.33    5.41    0.00    0.00    2.36    0.00    0.00    0.00   60.90
16:29:58     all    0.00   39.47    5.81    0.00    0.00    2.17    0.00    0.00    0.00   52.55
16:29:59     all    0.00   42.45    5.22    0.00    0.00    2.22    0.00    0.00    0.00   50.11
16:30:00     all    0.41   30.74    6.19    0.00    0.00    1.95    0.00    0.00    0.00   60.71
16:30:01     all    0.00   25.63    6.23    0.00    0.00    2.83    0.00    0.00    0.00   65.31
16:30:02     all    0.00    4.57    8.17    0.00    0.00    5.28    0.00    0.00    0.00   81.99
16:30:03     all    0.03    3.38    4.68    0.00    0.00    2.81    0.00    0.00    0.00   89.09
16:30:04     all    0.00    1.99    4.31    0.00    0.00    2.75    0.00    0.00    0.00   90.94
16:30:05     all    0.00   13.46    4.83    0.00    0.00    2.11    0.00    0.00    0.00   79.60
16:30:06     all    0.00   18.49    9.95    0.00    0.00    5.22    0.00    0.00    0.00   66.34
16:30:07     all    0.00   32.63    7.43    0.00    0.00    3.38    0.00    0.00    0.00   56.57
16:30:08     all    0.00   41.19    5.85    0.00    0.00    2.30    0.00    0.00    0.00   50.66
16:30:09     all    0.00   19.45    6.80    0.00    0.00    3.06    0.00    0.00    0.00   70.69
16:30:10     all    0.06   11.16   10.10    0.00    0.00    4.84    0.00    0.00    0.00   73.84
16:30:11     all    0.00    2.94    6.76    0.00    0.00    3.62    0.00    0.00    0.00   86.67
16:30:12     all    0.00    0.82    2.47    0.00    0.00    1.36    0.00    0.00    0.00   95.34
16:30:13     all    0.00   25.78    5.25    0.00    0.00    1.56    0.00    0.00    0.00   67.41
16:30:14     all    0.00   35.85    6.02    0.00    0.00    2.20    0.00    0.00    0.00   55.93
16:30:15     all    0.00   43.25    5.69    0.00    0.00    2.46    0.00    0.00    0.00   48.59
16:30:16     all    0.00   41.99    5.59    0.00    0.00    2.12    0.00    0.00    0.00   50.30
16:30:17     all    0.00   44.74    5.52    0.00    0.00    2.25    0.00    0.00    0.00   47.50
16:30:18     all    0.00   39.13    5.85    0.00    0.00    2.21    0.00    0.00    0.00   52.81
16:30:19     all    0.00   42.89    5.93    0.00    0.00    2.46    0.00    0.00    0.00   48.72
16:30:20     all    0.10   30.49    6.78    0.00    0.00    3.26    0.00    0.00    0.00   59.38
16:30:21     all    0.00    4.28   10.18    0.00    0.00    5.12    0.00    0.00    0.00   80.42
16:30:22     all    0.00    0.64    4.81    0.00    0.00    2.92    0.00    0.00    0.00   91.63
16:30:23     all    0.03   20.59    4.34    0.00    0.00    1.63    0.00    0.00    0.00   73.41
16:30:24     all    0.00   33.12    5.25    0.00    0.00    2.46    0.00    0.00    0.00   59.17
16:30:25     all    0.00   42.77    5.67    0.00    0.00    1.90    0.00    0.00    0.00   49.66
16:30:26     all    0.00   42.40    5.83    0.00    0.00    2.02    0.00    0.00    0.00   49.76
16:30:27     all    0.00   42.87    6.06    0.00    0.00    2.36    0.00    0.00    0.00   48.71
16:30:28     all    0.00   43.28    5.67    0.00    0.00    1.96    0.00    0.00    0.00   49.09
16:30:29     all    0.00   43.04    5.60    0.00    0.00    2.37    0.00    0.00    0.00   48.99
16:30:30     all    0.10   34.63    8.18    0.00    0.00    3.40    0.00    0.00    0.00   53.70
16:30:31     all    0.00   13.90    8.30    0.00    0.00    4.37    0.00    0.00    0.00   73.43
16:30:32     all    0.00    3.08    8.52    0.00    0.00    4.40    0.00    0.00    0.00   84.00
16:30:33     all    0.03    4.03    5.65    0.00    0.00    3.05    0.00    0.00    0.00   87.25
16:30:34     all    0.00    4.87    2.03    0.00    0.00    0.51    0.00    0.00    0.00   92.59
16:30:35     all    0.00   28.81    5.79    0.00    0.00    2.35    0.00    0.00    0.00   63.05
16:30:36     all    0.00   35.48    5.29    0.00    0.00    2.00    0.00    0.00    0.00   57.23
16:30:37     all    0.00   34.98    5.45    0.00    0.00    2.44    0.00    0.00    0.00   57.13
16:30:38     all    0.00   34.02    6.20    0.00    0.00    2.12    0.00    0.00    0.00   57.67
16:30:39     all    0.00   31.28    4.80    0.00    0.00    2.22    0.00    0.00    0.00   61.70
16:30:40     all    0.06    7.12    2.47    0.00    0.00    0.85    0.00    0.00    0.00   89.49
16:30:41     all    0.00   45.63    6.17    0.00    0.00    2.01    0.00    0.00    0.00   46.18
16:30:42     all    0.00   40.07    5.68    0.00    0.00    2.18    0.00    0.00    0.00   52.07
16:30:43     all    0.03   40.75    6.52    0.00    0.00    2.19    0.00    0.00    0.00   50.51
16:30:44     all    0.00   39.26    5.46    0.00    0.00    2.12    0.00    0.00    0.00   53.16
16:30:45     all    0.00   37.22    6.21    0.00    0.00    2.07    0.00    0.00    0.00   54.49
16:30:46     all    0.00   40.04    6.49    0.00    0.00    2.15    0.00    0.00    0.00   51.31
16:30:47     all    0.00   35.30    5.59    0.00    0.00    2.17    0.00    0.00    0.00   56.93
16:30:48     all    0.00   19.49    5.61    0.00    0.00    2.83    0.00    0.00    0.00   72.07
16:30:49     all    0.00    0.00    0.03    0.00    0.00    0.00    0.00    0.00    0.00   99.97
16:30:50     all    0.03    0.03    0.82    0.00    0.00    0.50    0.00    0.00    0.00   98.62
16:30:51     all    0.00    0.00    0.00    0.00    0.00    0.00    0.00    0.00    0.00  100.00
16:30:52     all    0.00    0.00    0.00    0.00    0.00    0.00    0.00    0.00    0.00  100.00
16:30:53     all    0.03    1.31    0.63    0.00    0.00    0.19    0.00    0.00    0.00   97.84
16:30:54     all    0.00    2.46    0.85    0.00    0.00    0.19    0.00    0.00    0.00   96.50
16:30:55     all    0.00    2.61    1.04    0.00    0.00    0.35    0.00    0.00    0.00   96.01
16:30:56     all    0.00    2.58    0.91    0.00    0.00    0.28    0.00    0.00    0.00   96.23
16:30:57     all    0.03    2.64    1.04    0.00    0.00    0.38    0.00    0.00    0.00   95.91
16:30:58     all    0.00    2.67    1.19    0.00    0.00    0.19    0.00    0.00    0.00   95.94
16:30:59     all    0.00    2.74    0.88    0.00    0.00    0.25    0.00    0.00    0.00   96.12
16:31:00     all    0.38    2.55    1.07    0.00    0.00    0.31    0.00    0.00    0.00   95.69
16:31:01     all    0.00    2.87    0.82    0.00    0.00    0.38    0.00    0.00    0.00   95.93
16:31:02     all    0.00    2.46    0.91    0.00    0.00    0.13    0.00    0.00    0.00   96.51
16:31:03     all    0.00    2.55    0.91    0.00    0.00    0.25    0.00    0.00    0.00   96.28
16:31:04     all    0.00    2.74    1.01    0.00    0.00    0.25    0.00    0.00    0.00   96.01
16:31:05     all    0.00    3.43    1.13    0.00    0.00    0.44    0.00    0.00    0.00   94.99
16:31:06     all    0.00    9.44    3.02    0.00    0.00    1.51    0.00    0.00    0.00   86.03
16:31:07     all    0.00    9.06    2.41    0.00    0.00    1.23    0.00    0.00    0.00   87.30
16:31:08     all    0.00    2.65    0.98    0.00    0.00    0.25    0.00    0.00    0.00   96.13

Average:     all    0.02    3.34    1.23    0.00    0.00    0.42    0.00    0.00    0.00   94.99
