Linux 4.20.0+ (eternitystorage) 	01/14/24 	_x86_64_	(32 CPU)

19:08:10     CPU    %usr   %nice    %sys %iowait    %irq   %soft  %steal  %guest  %gnice   %idle
19:08:12     all    0.00    0.00    0.00    0.00    0.00    0.00    0.00    0.00    0.00  100.00
19:08:13     all    0.00    0.00    0.00    0.00    0.00    0.00    0.00    0.00    0.00  100.00
19:08:14     all    0.00    0.00    0.00    0.00    0.00    0.00    0.00    0.00    0.00  100.00
19:08:15     all    0.00    0.00    0.00    0.00    0.00    0.00    0.00    0.00    0.00  100.00
19:08:16     all    0.00    0.00    0.00    0.00    0.00    0.00    0.00    0.00    0.00  100.00
19:08:17     all    0.00    0.00    0.00    0.00    0.00    0.00    0.00    0.00    0.00  100.00
19:08:18     all    0.00    0.00    0.00    0.00    0.00    0.00    0.00    0.00    0.00  100.00
19:08:19     all    0.00    0.00    0.00    0.00    0.00    0.00    0.00    0.00    0.00  100.00
19:08:20     all    0.06    0.00    0.00    0.00    0.00    0.00    0.00    0.00    0.00   99.94
19:08:21     all    0.03    0.00    0.13    0.00    0.00    0.00    0.00    0.00    0.00   99.84
19:08:22     all    0.00    0.00    0.00    0.00    0.00    0.00    0.00    0.00    0.00  100.00
19:08:23     all    0.00    0.00    0.00    0.00    0.00    0.00    0.00    0.00    0.00  100.00
19:08:24     all    0.00    0.00    0.00    0.00    0.00    0.00    0.00    0.00    0.00  100.00
19:08:25     all    0.00    0.00    0.09    0.00    0.00    0.00    0.00    0.00    0.00   99.91
19:08:26     all    0.00    0.00    0.85    0.00    0.00    0.06    0.00    0.00    0.00   99.09
19:08:27     all    0.00    0.00    1.19    0.00    0.00    0.00    0.00    0.00    0.00   98.81
19:08:28     all    0.00    0.00    1.44    0.00    0.00    0.03    0.00    0.00    0.00   98.53
19:08:29     all    0.00    0.00    1.35    0.00    0.00    0.00    0.00    0.00    0.00   98.65
19:08:30     all    0.03    0.00    1.25    0.00    0.00    0.03    0.00    0.00    0.00   98.68
19:08:31     all    0.06    0.00    1.35    0.00    0.00    0.03    0.00    0.00    0.00   98.56
19:08:32     all    0.19    0.00    1.16    0.00    0.00    0.06    0.00    0.00    0.00   98.59
19:08:33     all    0.00    0.00    1.16    0.00    0.00    0.06    0.00    0.00    0.00   98.78
19:08:34     all    0.00    0.00    1.13    0.00    0.00    0.09    0.00    0.00    0.00   98.78
19:08:35     all    0.00    0.00    1.32    0.00    0.00    0.03    0.00    0.00    0.00   98.65
19:08:36     all    0.03    0.00    1.31    0.00    0.00    0.03    0.00    0.00    0.00   98.62
19:08:37     all    0.00    0.00    1.47    0.00    0.00    0.06    0.00    0.00    0.00   98.47
19:08:38     all    0.00    0.00    1.10    0.00    0.00    0.00    0.00    0.00    0.00   98.90
19:08:39     all    0.00    0.00    1.31    0.00    0.00    0.06    0.00    0.00    0.00   98.62
19:08:40     all    0.03    0.00    1.29    0.00    0.00    0.03    0.00    0.00    0.00   98.65
19:08:41     all    0.06    0.00    1.35    0.00    0.00    0.03    0.00    0.00    0.00   98.56
19:08:42     all    0.00    0.00    1.35    0.00    0.00    0.03    0.00    0.00    0.00   98.62
19:08:43     all    0.00    0.00    1.53    0.00    0.00    0.03    0.00    0.00    0.00   98.44
19:08:44     all    0.00    0.00    1.38    0.00    0.00    0.06    0.00    0.00    0.00   98.56
19:08:45     all    0.00    0.00    1.28    0.00    0.00    0.06    0.00    0.00    0.00   98.65
19:08:46     all    0.00    0.00    1.19    0.00    0.00    0.00    0.00    0.00    0.00   98.81
19:08:47     all    0.00    0.00    1.28    0.00    0.00    0.06    0.00    0.00    0.00   98.65
19:08:48     all    0.00    0.00    1.32    0.00    0.00    0.00    0.00    0.00    0.00   98.68
19:08:49     all    0.00    0.00    1.22    0.00    0.00    0.00    0.00    0.00    0.00   98.78
19:08:50     all    0.06    0.00    1.31    0.00    0.00    0.06    0.00    0.00    0.00   98.56
19:08:51     all    0.09    0.00    1.16    0.00    0.00    0.03    0.00    0.00    0.00   98.71
19:08:52     all    0.00    0.00    1.00    0.00    0.00    0.03    0.00    0.00    0.00   98.96
19:08:53     all    0.03    0.00    1.28    0.00    0.00    0.03    0.00    0.00    0.00   98.65
19:08:54     all    0.00    0.00    1.19    0.00    0.00    0.00    0.00    0.00    0.00   98.81
19:08:55     all    0.00    0.00    1.32    0.00    0.00    0.03    0.00    0.00    0.00   98.65
19:08:56     all    0.00    0.00    1.32    0.00    0.00    0.03    0.00    0.00    0.00   98.65
19:08:57     all    0.00    0.00    1.29    0.00    0.00    0.00    0.00    0.00    0.00   98.71
19:08:58     all    0.00    0.00    1.47    0.00    0.00    0.03    0.00    0.00    0.00   98.50
19:08:59     all    0.00    0.00    1.13    0.00    0.00    0.00    0.00    0.00    0.00   98.87
19:09:00     all    0.03    0.00    1.16    0.00    0.00    0.03    0.00    0.00    0.00   98.78
19:09:01     all    0.47    0.00    1.22    0.00    0.00    0.03    0.00    0.00    0.00   98.27
19:09:02     all    0.03    0.00    1.41    0.00    0.00    0.06    0.00    0.00    0.00   98.50
19:09:03     all    0.00    0.00    1.13    0.00    0.00    0.00    0.00    0.00    0.00   98.87
19:09:04     all    0.00    0.00    1.00    0.00    0.00    0.06    0.00    0.00    0.00   98.93
19:09:05     all    0.00    0.00    1.38    0.00    0.00    0.03    0.00    0.00    0.00   98.59
19:09:06     all    0.00    0.00    1.25    0.00    0.00    0.03    0.00    0.00    0.00   98.71
19:09:07     all    0.00    0.00    1.03    0.00    0.00    0.03    0.00    0.00    0.00   98.93
19:09:08     all    0.00    0.00    1.38    0.00    0.00    0.03    0.00    0.00    0.00   98.59
19:09:09     all    0.00    0.00    1.32    0.00    0.00    0.06    0.00    0.00    0.00   98.62
19:09:10     all    0.03    0.00    1.41    0.00    0.00    0.06    0.00    0.00    0.00   98.50
19:09:11     all    0.06    0.00    1.22    0.00    0.00    0.00    0.00    0.00    0.00   98.71
19:09:12     all    0.00    0.00    1.28    0.00    0.00    0.06    0.00    0.00    0.00   98.65
19:09:13     all    0.00    0.00    1.32    0.00    0.00    0.03    0.00    0.00    0.00   98.65
19:09:14     all    0.00    0.00    1.07    0.00    0.00    0.06    0.00    0.00    0.00   98.87
19:09:15     all    0.00    0.00    1.16    0.00    0.00    0.03    0.00    0.00    0.00   98.81
19:09:16     all    0.00    0.00    1.25    0.00    0.00    0.03    0.00    0.00    0.00   98.71
19:09:17     all    0.00    0.00    1.16    0.00    0.00    0.03    0.00    0.00    0.00   98.81
19:09:18     all    0.00    0.00    1.38    0.00    0.00    0.03    0.00    0.00    0.00   98.59
19:09:19     all    0.00    0.00    1.28    0.00    0.00    0.03    0.00    0.00    0.00   98.68
19:09:20     all    0.06    0.00    1.32    0.00    0.00    0.00    0.00    0.00    0.00   98.62
19:09:21     all    0.06    0.00    1.25    0.00    0.00    0.03    0.00    0.00    0.00   98.65
19:09:22     all    0.00    0.00    1.44    0.00    0.00    0.03    0.00    0.00    0.00   98.53
19:09:23     all    0.00    0.00    1.35    0.00    0.00    0.06    0.00    0.00    0.00   98.59
19:09:24     all    0.00    0.00    1.22    0.00    0.00    0.03    0.00    0.00    0.00   98.75
19:09:25     all    0.00    0.00    1.22    0.00    0.00    0.03    0.00    0.00    0.00   98.75
19:09:26     all    0.00    0.00    1.25    0.00    0.00    0.00    0.00    0.00    0.00   98.75
19:09:27     all    0.00    0.00    1.28    0.00    0.00    0.03    0.00    0.00    0.00   98.68
19:09:28     all    0.00    0.00    1.35    0.00    0.00    0.06    0.00    0.00    0.00   98.59
19:09:29     all    0.00    0.00    1.35    0.00    0.00    0.00    0.00    0.00    0.00   98.65
19:09:30     all    0.06    0.00    1.38    0.00    0.00    0.03    0.00    0.00    0.00   98.53
19:09:31     all    0.03    0.00    1.22    0.00    0.00    0.03    0.00    0.00    0.00   98.71
19:09:32     all    0.31    0.00    1.32    0.00    0.00    0.00    0.00    0.00    0.00   98.37
19:09:33     all    0.03    0.00    1.25    0.00    0.00    0.03    0.00    0.00    0.00   98.68
19:09:34     all    0.00    0.00    1.28    0.00    0.00    0.03    0.00    0.00    0.00   98.68
19:09:35     all    0.00    0.00    1.32    0.00    0.00    0.03    0.00    0.00    0.00   98.65
19:09:36     all    0.00    0.00    1.32    0.00    0.00    0.06    0.00    0.00    0.00   98.62
19:09:37     all    0.00    0.00    1.31    0.00    0.00    0.09    0.00    0.00    0.00   98.59
19:09:38     all    0.00    0.00    1.35    0.00    0.00    0.00    0.00    0.00    0.00   98.65
19:09:39     all    0.00    0.00    1.22    0.00    0.00    0.06    0.00    0.00    0.00   98.72
19:09:40     all    0.06    0.00    1.22    0.00    0.00    0.06    0.00    0.00    0.00   98.65
19:09:41     all    0.03    0.00    1.38    0.00    0.00    0.03    0.00    0.00    0.00   98.56
19:09:42     all    0.00    0.00    1.13    0.00    0.00    0.03    0.00    0.00    0.00   98.84
19:09:43     all    0.00    0.00    1.35    0.00    0.00    0.03    0.00    0.00    0.00   98.62
19:09:44     all    0.00    0.00    1.53    0.00    0.00    0.03    0.00    0.00    0.00   98.44
19:09:45     all    0.00    0.00    1.44    0.00    0.00    0.03    0.00    0.00    0.00   98.53
19:09:46     all    0.00    0.00    1.35    0.00    0.00    0.03    0.00    0.00    0.00   98.62
19:09:47     all    0.00    0.00    1.38    0.00    0.00    0.03    0.00    0.00    0.00   98.59
19:09:48     all    0.03    0.00    1.22    0.00    0.00    0.00    0.00    0.00    0.00   98.75
19:09:49     all    0.00    0.00    1.29    0.00    0.00    0.00    0.00    0.00    0.00   98.71
19:09:50     all    0.06    0.00    1.50    0.00    0.00    0.06    0.00    0.00    0.00   98.37
19:09:51     all    0.06    0.00    1.16    0.00    0.00    0.00    0.00    0.00    0.00   98.77
19:09:52     all    0.00    0.00    1.04    0.00    0.00    0.03    0.00    0.00    0.00   98.93
19:09:53     all    0.00    0.00    1.38    0.00    0.00    0.00    0.00    0.00    0.00   98.62
19:09:54     all    0.00    0.00    1.41    0.00    0.00    0.03    0.00    0.00    0.00   98.56
19:09:55     all    0.00    0.00    1.32    0.00    0.00    0.00    0.00    0.00    0.00   98.68
19:09:56     all    0.00    0.00    1.16    0.00    0.00    0.03    0.00    0.00    0.00   98.81
19:09:57     all    0.00    0.00    1.41    0.00    0.00    0.03    0.00    0.00    0.00   98.56
19:09:58     all    0.00    0.00    1.25    0.00    0.00    0.06    0.00    0.00    0.00   98.68
19:09:59     all    0.00    0.00    1.38    0.00    0.00    0.03    0.00    0.00    0.00   98.59
19:10:00     all    0.00    0.00    1.35    0.00    0.00    0.03    0.00    0.00    0.00   98.62
19:10:01     all    0.38    0.00    1.41    0.00    0.00    0.03    0.00    0.00    0.00   98.18
19:10:02     all    0.00    0.00    1.32    0.00    0.00    0.03    0.00    0.00    0.00   98.65
19:10:03     all    0.00    0.00    1.38    0.00    0.00    0.03    0.00    0.00    0.00   98.59
19:10:04     all    0.00    0.00    1.44    0.00    0.00    0.00    0.00    0.00    0.00   98.56
19:10:05     all    0.00    0.00    1.22    0.00    0.00    0.03    0.00    0.00    0.00   98.75
19:10:06     all    0.00    0.00    1.44    0.00    0.00    0.06    0.00    0.00    0.00   98.50
19:10:07     all    0.00    0.00    1.22    0.00    0.00    0.03    0.00    0.00    0.00   98.75
19:10:08     all    0.00    0.00    1.16    0.00    0.00    0.06    0.00    0.00    0.00   98.78
19:10:09     all    0.00    0.00    1.38    0.00    0.00    0.00    0.00    0.00    0.00   98.62
19:10:10     all    0.03    0.00    1.47    0.00    0.00    0.00    0.00    0.00    0.00   98.50
19:10:11     all    0.03    0.00    1.25    0.00    0.00    0.09    0.00    0.00    0.00   98.62
19:10:12     all    0.00    0.00    1.41    0.00    0.00    0.03    0.00    0.00    0.00   98.56
19:10:13     all    0.00    0.00    0.85    0.00    0.00    0.00    0.00    0.00    0.00   99.15
19:10:14     all    0.00    0.00    1.32    0.00    0.00    0.03    0.00    0.00    0.00   98.65
19:10:15     all    0.00    0.00    1.41    0.00    0.00    0.00    0.00    0.00    0.00   98.59
19:10:16     all    0.00    0.00    1.19    0.00    0.00    0.00    0.00    0.00    0.00   98.81
19:10:17     all    0.00    0.00    1.28    0.00    0.00    0.06    0.00    0.00    0.00   98.65
19:10:18     all    0.00    0.00    1.35    0.00    0.00    0.00    0.00    0.00    0.00   98.65
19:10:19     all    0.00    0.00    1.32    0.00    0.00    0.00    0.00    0.00    0.00   98.68
19:10:20     all    0.03    0.00    1.19    0.00    0.00    0.03    0.00    0.00    0.00   98.75
19:10:21     all    0.03    0.00    1.41    0.00    0.00    0.03    0.00    0.00    0.00   98.53
19:10:22     all    0.00    0.00    1.31    0.00    0.00    0.09    0.00    0.00    0.00   98.59
19:10:23     all    0.00    0.00    1.44    0.00    0.00    0.00    0.00    0.00    0.00   98.56
19:10:24     all    0.00    0.00    1.28    0.00    0.00    0.03    0.00    0.00    0.00   98.68
19:10:25     all    0.00    0.00    1.38    0.00    0.00    0.00    0.00    0.00    0.00   98.62
19:10:26     all    0.00    0.00    1.10    0.00    0.00    0.03    0.00    0.00    0.00   98.87
19:10:27     all    0.00    0.00    1.38    0.00    0.00    0.00    0.00    0.00    0.00   98.62
19:10:28     all    0.00    0.00    1.25    0.00    0.00    0.03    0.00    0.00    0.00   98.71
19:10:29     all    0.00    0.00    1.04    0.00    0.00    0.03    0.00    0.00    0.00   98.93
19:10:30     all    0.06    0.00    1.66    0.00    0.00    0.03    0.00    0.00    0.00   98.25
19:10:31     all    0.06    0.00    1.35    0.00    0.00    0.06    0.00    0.00    0.00   98.53
19:10:32     all    0.00    0.00    1.10    0.00    0.00    0.00    0.00    0.00    0.00   98.90
19:10:33     all    0.00    0.00    1.25    0.00    0.00    0.00    0.00    0.00    0.00   98.75
19:10:34     all    0.00    0.00    1.19    0.00    0.00    0.03    0.00    0.00    0.00   98.78
19:10:35     all    0.00    0.00    1.25    0.00    0.00    0.03    0.00    0.00    0.00   98.71
19:10:36     all    0.00    0.00    1.32    0.00    0.00    0.06    0.00    0.00    0.00   98.62
19:10:37     all    0.00    0.00    1.13    0.00    0.00    0.03    0.00    0.00    0.00   98.84
19:10:38     all    0.00    0.00    1.16    0.00    0.00    0.06    0.00    0.00    0.00   98.78
19:10:39     all    0.00    0.00    1.13    0.00    0.00    0.03    0.00    0.00    0.00   98.84
19:10:40     all    0.06    0.00    1.16    0.00    0.00    0.00    0.00    0.00    0.00   98.78
19:10:41     all    0.06    0.00    1.25    0.00    0.00    0.06    0.00    0.00    0.00   98.62
19:10:42     all    0.00    0.00    1.32    0.00    0.00    0.03    0.00    0.00    0.00   98.65
19:10:43     all    0.00    0.00    1.13    0.00    0.00    0.03    0.00    0.00    0.00   98.84
19:10:44     all    0.00    0.00    1.22    0.00    0.00    0.00    0.00    0.00    0.00   98.78
19:10:45     all    0.00    0.00    1.28    0.00    0.00    0.06    0.00    0.00    0.00   98.65
19:10:46     all    0.00    0.00    1.32    0.00    0.00    0.03    0.00    0.00    0.00   98.65
19:10:47     all    0.00    0.00    1.35    0.00    0.00    0.03    0.00    0.00    0.00   98.62
19:10:48     all    0.00    0.00    1.16    0.00    0.00    0.03    0.00    0.00    0.00   98.81
19:10:49     all    0.00    0.00    1.16    0.00    0.00    0.03    0.00    0.00    0.00   98.81
19:10:50     all    0.06    0.00    1.32    0.00    0.00    0.00    0.00    0.00    0.00   98.62
19:10:51     all    0.03    0.00    1.35    0.00    0.00    0.00    0.00    0.00    0.00   98.62
19:10:52     all    0.00    0.00    1.19    0.00    0.00    0.06    0.00    0.00    0.00   98.75
19:10:53     all    0.00    0.00    1.35    0.00    0.00    0.00    0.00    0.00    0.00   98.65
19:10:54     all    0.00    0.00    1.16    0.00    0.00    0.03    0.00    0.00    0.00   98.81
19:10:55     all    0.00    0.00    1.47    0.00    0.00    0.03    0.00    0.00    0.00   98.50
19:10:56     all    0.00    0.00    1.41    0.00    0.00    0.00    0.00    0.00    0.00   98.59
19:10:57     all    0.00    0.00    1.35    0.00    0.00    0.06    0.00    0.00    0.00   98.59
19:10:58     all    0.00    0.00    1.22    0.00    0.00    0.00    0.00    0.00    0.00   98.78
19:10:59     all    0.00    0.00    1.25    0.00    0.00    0.00    0.00    0.00    0.00   98.75
19:11:00     all    0.06    0.00    1.32    0.00    0.00    0.03    0.00    0.00    0.00   98.59
19:11:01     all    0.35    0.00    1.26    0.00    0.00    0.03    0.00    0.00    0.00   98.37
19:11:02     all    0.00    0.00    1.19    0.00    0.00    0.00    0.00    0.00    0.00   98.81
19:11:03     all    0.00    0.00    1.25    0.00    0.00    0.06    0.00    0.00    0.00   98.68
19:11:04     all    0.00    0.00    1.32    0.00    0.00    0.06    0.00    0.00    0.00   98.62
19:11:05     all    0.00    0.00    1.10    0.00    0.00    0.00    0.00    0.00    0.00   98.90
19:11:06     all    0.00    0.00    1.28    0.00    0.00    0.03    0.00    0.00    0.00   98.68
19:11:07     all    0.00    0.00    1.32    0.00    0.00    0.03    0.00    0.00    0.00   98.65
19:11:08     all    0.00    0.00    1.19    0.00    0.00    0.06    0.00    0.00    0.00   98.75
19:11:09     all    0.00    0.00    1.38    0.00    0.00    0.00    0.00    0.00    0.00   98.62
19:11:10     all    0.06    0.00    1.22    0.00    0.00    0.06    0.00    0.00    0.00   98.65
19:11:11     all    0.03    0.00    1.22    0.00    0.00    0.00    0.00    0.00    0.00   98.74
19:11:12     all    0.00    0.00    1.32    0.00    0.00    0.03    0.00    0.00    0.00   98.65
19:11:13     all    0.00    0.00    1.32    0.00    0.00    0.03    0.00    0.00    0.00   98.65
19:11:14     all    0.00    0.00    1.38    0.00    0.00    0.03    0.00    0.00    0.00   98.59
19:11:15     all    0.00    0.00    1.38    0.00    0.00    0.03    0.00    0.00    0.00   98.59
19:11:16     all    0.00    0.00    1.28    0.00    0.00    0.00    0.00    0.00    0.00   98.72
19:11:17     all    0.00    0.00    1.25    0.00    0.00    0.03    0.00    0.00    0.00   98.71
19:11:18     all    0.00    0.00    1.25    0.00    0.00    0.03    0.00    0.00    0.00   98.72
19:11:19     all    0.03    0.00    1.10    0.19    0.00    0.03    0.00    0.00    0.00   98.65
19:11:20     all    0.03    0.00    1.29    0.00    0.00    0.03    0.00    0.00    0.00   98.68
19:11:21     all    0.03    0.00    1.16    0.00    0.00    0.03    0.00    0.00    0.00   98.78
19:11:22     all    0.00    0.00    1.19    0.00    0.00    0.00    0.00    0.00    0.00   98.81
19:11:23     all    0.00    0.00    1.29    0.00    0.00    0.00    0.00    0.00    0.00   98.71
19:11:24     all    0.00    0.00    1.25    0.00    0.00    0.06    0.00    0.00    0.00   98.68
19:11:25     all    0.00    0.00    1.29    0.00    0.00    0.00    0.00    0.00    0.00   98.71
19:11:26     all    0.00    0.00    1.16    0.00    0.00    0.06    0.00    0.00    0.00   98.78
19:11:27     all    0.00    0.00    1.19    0.00    0.00    0.03    0.00    0.00    0.00   98.78
19:11:28     all    0.00    0.00    1.10    0.00    0.00    0.03    0.00    0.00    0.00   98.87
19:11:29     all    0.03    0.00    1.16    0.00    0.00    0.03    0.00    0.00    0.00   98.78
19:11:30     all    0.09    0.00    1.41    0.00    0.00    0.09    0.00    0.00    0.00   98.40
19:11:31     all    0.06    0.00    1.38    0.00    0.00    0.06    0.00    0.00    0.00   98.50
19:11:32     all    0.00    0.00    1.44    0.00    0.00    0.03    0.00    0.00    0.00   98.53
19:11:33     all    0.00    0.00    1.32    0.00    0.00    0.06    0.00    0.00    0.00   98.62
19:11:34     all    0.00    0.00    1.04    0.00    0.00    0.00    0.00    0.00    0.00   98.96
19:11:35     all    0.00    0.00    1.32    0.00    0.00    0.03    0.00    0.00    0.00   98.65
19:11:36     all    0.00    0.00    1.16    0.00    0.00    0.03    0.00    0.00    0.00   98.81
19:11:37     all    0.00    0.00    1.41    0.00    0.00    0.03    0.00    0.00    0.00   98.56
19:11:38     all    0.03    0.00    1.47    0.00    0.00    0.03    0.00    0.00    0.00   98.47
19:11:39     all    0.00    0.00    1.41    0.00    0.00    0.03    0.00    0.00    0.00   98.56
19:11:40     all    0.06    0.00    1.59    0.00    0.00    0.03    0.00    0.00    0.00   98.31
19:11:41     all    0.03    0.00    1.53    0.00    0.00    0.00    0.00    0.00    0.00   98.44
19:11:42     all    0.22    0.00    1.16    0.00    0.00    0.00    0.00    0.00    0.00   98.62
19:11:43     all    0.00    0.00    0.66    0.00    0.00    0.00    0.00    0.00    0.00   99.34
19:11:44     all    0.00    0.00    0.53    0.00    0.00    0.03    0.00    0.00    0.00   99.44
19:11:45     all    0.00    0.00    3.71    0.00    0.00    2.16    0.00    0.00    0.00   94.13
19:11:46     all    0.00    0.10    5.67    0.00    0.00    2.89    0.00    0.00    0.00   91.34
19:11:47     all    0.00    1.34   12.66    0.00    0.00    6.79    0.00    0.00    0.00   79.21
19:11:48     all    0.00    2.39   12.93    0.00    0.00    6.50    0.00    0.00    0.00   78.18
19:11:49     all    0.00    0.03   12.30    0.00    0.00    6.30    0.00    0.00    0.00   81.38
19:11:50     all    0.07    0.03   13.24    0.00    0.00    6.93    0.00    0.00    0.00   79.73
19:11:51     all    0.03    0.06   13.19    0.00    0.00    6.37    0.00    0.00    0.00   80.34
19:11:52     all    0.03    0.10   13.22    0.00    0.00    6.11    0.00    0.00    0.00   80.54
19:11:53     all    0.00    1.04   12.97    0.00    0.00    6.47    0.00    0.00    0.00   79.52
19:11:54     all    0.00    0.92   12.59    0.00    0.00    5.79    0.00    0.00    0.00   80.70
19:11:55     all    0.00    0.03   12.57    0.00    0.00    6.07    0.00    0.00    0.00   81.33
19:11:56     all    0.00    0.07   12.13    0.00    0.00    6.98    0.00    0.00    0.00   80.83
19:11:57     all    0.00    0.03   10.95    0.00    0.00    6.24    0.00    0.00    0.00   82.78
19:11:58     all    0.00    0.03   12.82    0.00    0.00    6.77    0.00    0.00    0.00   80.37
19:11:59     all    0.00    0.03   12.63    0.00    0.00    6.30    0.00    0.00    0.00   81.04
19:12:00     all    0.07    2.72   11.29    0.00    0.00    6.00    0.00    0.00    0.00   79.92
19:12:01     all    0.26    0.07   12.66    0.00    0.00    5.53    0.00    0.00    0.00   81.48
19:12:02     all    0.00    0.03   11.07    0.00    0.00    6.51    0.00    0.00    0.00   82.39
19:12:03     all    0.00    0.10   11.70    0.00    0.00    5.83    0.00    0.00    0.00   82.37
19:12:04     all    0.00    0.03   12.18    0.00    0.00    6.57    0.00    0.00    0.00   81.22
19:12:05     all    0.00    0.65   12.10    0.00    0.00    6.78    0.00    0.00    0.00   80.47
19:12:06     all    0.00    0.03   11.85    0.00    0.00    5.63    0.00    0.00    0.00   82.48
19:12:07     all    0.00    0.07   11.95    0.00    0.00    6.43    0.00    0.00    0.00   81.55
19:12:08     all    0.00    0.07   12.98    0.00    0.00    6.11    0.00    0.00    0.00   80.85
19:12:09     all    0.00    0.46   12.45    0.00    0.00    5.92    0.00    0.00    0.00   81.18
19:12:10     all    0.10    0.00   12.69    0.00    0.00    5.92    0.00    0.00    0.00   81.29
19:12:11     all    0.07    2.05   11.16    0.00    0.00    5.86    0.00    0.00    0.00   80.86
19:12:12     all    0.00    0.07   12.32    0.00    0.00    6.10    0.00    0.00    0.00   81.51
19:12:13     all    0.00    0.03   16.14    0.00    0.00    9.14    0.00    0.00    0.00   74.68
19:12:14     all    0.00    0.20   13.87    0.00    0.00    6.79    0.00    0.00    0.00   79.14
19:12:15     all    0.00    0.03   14.46    0.00    0.00    7.41    0.00    0.00    0.00   78.10
19:12:16     all    0.00    9.35   13.67    0.00    0.00    7.53    0.00    0.00    0.00   69.45
19:12:17     all    0.00    3.72   13.39    0.00    0.00    7.12    0.00    0.00    0.00   75.76
19:12:18     all    0.00   18.88   10.38    0.00    0.00    5.37    0.00    0.00    0.00   65.36
19:12:19     all    0.00    9.11   13.06    0.00    0.00    6.37    0.00    0.00    0.00   71.47
19:12:20     all    0.07    4.12   13.48    0.00    0.00    6.81    0.00    0.00    0.00   75.52
19:12:21     all    0.00    0.10   13.50    0.00    0.00    7.05    0.00    0.00    0.00   79.36
19:12:22     all    0.00    0.07   14.70    0.00    0.00    7.60    0.00    0.00    0.00   77.63
19:12:23     all    0.00    0.03   14.35    0.00    0.00    7.29    0.00    0.00    0.00   78.34
19:12:24     all    0.00    0.03   14.76    0.00    0.00    6.89    0.00    0.00    0.00   78.31
19:12:25     all    0.00    0.07   14.44    0.00    0.00    6.96    0.00    0.00    0.00   78.54
19:12:26     all    0.00    0.07   13.10    0.00    0.00    7.93    0.00    0.00    0.00   78.91
19:12:27     all    0.03    0.92   14.13    0.00    0.00    6.82    0.00    0.00    0.00   78.10
19:12:28     all    0.00    0.07   14.04    0.00    0.00    6.89    0.00    0.00    0.00   79.00
19:12:29     all    0.03    0.07   14.47    0.00    0.00    7.48    0.00    0.00    0.00   77.95
19:12:30     all    0.07    0.07   13.61    0.00    0.00    7.52    0.00    0.00    0.00   78.74
19:12:31     all    0.03    0.03   14.54    0.00    0.00    7.35    0.00    0.00    0.00   78.04
19:12:32     all    0.00    0.10   14.35    0.00    0.00    7.19    0.00    0.00    0.00   78.37
19:12:33     all    0.00    0.00   13.70    0.00    0.00    8.03    0.00    0.00    0.00   78.28
19:12:34     all    0.00    0.10   14.64    0.00    0.00    7.52    0.00    0.00    0.00   77.75
19:12:35     all    0.00    0.10   14.29    0.00    0.00    6.90    0.00    0.00    0.00   78.72
19:12:36     all    0.00    2.54   13.08    0.00    0.00    7.05    0.00    0.00    0.00   77.33
19:12:37     all    0.00    1.81   11.02    0.00    0.00    5.80    0.00    0.00    0.00   81.37
19:12:38     all    0.00    0.07   12.04    0.00    0.00    6.53    0.00    0.00    0.00   81.36
19:12:39     all    0.00    0.06    5.35    0.00    0.00    3.01    0.00    0.00    0.00   91.58
19:12:40     all    0.10    0.00    3.31    0.00    0.00    1.54    0.00    0.00    0.00   95.05
19:12:41     all    0.00    0.03    3.40    0.00    0.00    1.76    0.00    0.00    0.00   94.81
19:12:42     all    0.00    0.00    3.55    0.00    0.00    1.63    0.00    0.00    0.00   94.82
19:12:43     all    0.00    0.00    3.61    0.00    0.00    1.60    0.00    0.00    0.00   94.79
19:12:44     all    0.00    0.00    3.61    0.00    0.00    1.70    0.00    0.00    0.00   94.69
19:12:45     all    0.00    0.00    3.49    0.00    0.00    1.44    0.00    0.00    0.00   95.07
19:12:46     all    0.00    0.03    3.37    0.00    0.00    1.41    0.00    0.00    0.00   95.18
19:12:47     all    0.00    0.03    3.38    0.00    0.00    1.60    0.00    0.00    0.00   94.99
19:12:48     all    0.00    0.03    3.75    0.00    0.00    1.73    0.00    0.00    0.00   94.49
19:12:49     all    0.00    0.00    3.50    0.00    0.00    1.60    0.00    0.00    0.00   94.90
19:12:50     all    0.10    0.03    3.52    0.00    0.00    1.54    0.00    0.00    0.00   94.82
19:12:51     all    0.03    0.03    3.69    0.00    0.00    1.32    0.00    0.00    0.00   94.93
19:12:52     all    0.00    0.06    3.55    0.00    0.00    1.79    0.00    0.00    0.00   94.60
19:12:53     all    0.00    0.03    3.52    0.00    0.00    1.28    0.00    0.00    0.00   95.17
19:12:54     all    0.00    0.00    3.52    0.00    0.00    1.73    0.00    0.00    0.00   94.75
19:12:55     all    0.03    0.00    3.59    0.00    0.00    1.63    0.00    0.00    0.00   94.75
19:12:56     all    0.00    0.00    3.34    0.00    0.00    1.54    0.00    0.00    0.00   95.11
19:12:57     all    0.00    0.00    3.74    0.00    0.00    1.50    0.00    0.00    0.00   94.75
19:12:58     all    0.00    0.00    3.23    0.00    0.00    1.50    0.00    0.00    0.00   95.26
19:12:59     all    0.00    0.03    3.56    0.00    0.00    1.51    0.00    0.00    0.00   94.90
19:13:00     all    0.06    0.03    3.80    0.00    0.00    1.63    0.00    0.00    0.00   94.47
19:13:01     all    0.29    0.00    3.22    0.00    0.00    1.54    0.00    0.00    0.00   94.95
19:13:02     all    0.00    0.06    2.94    0.00    0.00    1.21    0.00    0.00    0.00   95.78
19:13:03     all    0.00    0.00    3.25    0.00    0.00    1.42    0.00    0.00    0.00   95.33
19:13:04     all    0.00    0.03    3.37    0.00    0.00    1.60    0.00    0.00    0.00   94.99
19:13:05     all    0.00    0.00    3.43    0.00    0.00    1.70    0.00    0.00    0.00   94.88
19:13:06     all    0.00    0.00    3.64    0.00    0.00    1.69    0.00    0.00    0.00   94.66
19:13:07     all    0.00    0.03    3.35    0.00    0.00    1.51    0.00    0.00    0.00   95.11
19:13:08     all    0.00    0.00    3.28    0.00    0.00    1.45    0.00    0.00    0.00   95.27
19:13:09     all    0.00    0.00    3.71    0.00    0.00    1.50    0.00    0.00    0.00   94.78
19:13:10     all    0.06    0.00    3.28    0.00    0.00    1.29    0.00    0.00    0.00   95.37
19:13:11     all    0.00    0.00    3.58    0.00    0.00    1.44    0.00    0.00    0.00   94.99
19:13:12     all    0.00    0.03    3.71    0.00    0.00    1.60    0.00    0.00    0.00   94.65
19:13:13     all    0.00    0.00    3.33    0.00    0.00    1.89    0.00    0.00    0.00   94.79
19:13:14     all    0.00    0.00    3.39    0.00    0.00    1.38    0.00    0.00    0.00   95.24
19:13:15     all    0.00    0.00    3.39    0.00    0.00    1.70    0.00    0.00    0.00   94.91
19:13:16     all    0.00    0.03    3.59    0.00    0.00    1.67    0.00    0.00    0.00   94.72
19:13:17     all    0.00    0.00    3.37    0.00    0.00    1.48    0.00    0.00    0.00   95.15
19:13:18     all    0.00    0.00    3.46    0.00    0.00    1.67    0.00    0.00    0.00   94.87
19:13:19     all    0.00    1.27    1.97    0.00    0.00    0.95    0.00    0.00    0.00   95.81
19:13:20     all    0.13    0.06    3.70    0.00    0.00    1.40    0.00    0.00    0.00   94.71
19:13:21     all    0.03    0.00    3.62    0.00    0.00    1.57    0.00    0.00    0.00   94.78
19:13:22     all    0.00    0.00    3.64    0.00    0.00    1.69    0.00    0.00    0.00   94.67
19:13:23     all    0.00    0.00    3.43    0.00    0.00    1.70    0.00    0.00    0.00   94.87
19:13:24     all    0.00    0.03    3.39    0.00    0.00    1.54    0.00    0.00    0.00   95.04
19:13:25     all    0.00    0.03    3.39    0.00    0.00    1.54    0.00    0.00    0.00   95.04
19:13:26     all    0.00    0.00    3.15    0.00    0.00    1.64    0.00    0.00    0.00   95.21
19:13:27     all    0.00    0.00    3.27    0.00    0.00    1.57    0.00    0.00    0.00   95.16
19:13:28     all    0.00    0.03    3.40    0.00    0.00    1.54    0.00    0.00    0.00   95.03
19:13:29     all    0.00    0.00    3.64    0.00    0.00    1.50    0.00    0.00    0.00   94.86
19:13:30     all    0.10    0.00    3.58    0.00    0.00    1.44    0.00    0.00    0.00   94.88
19:13:31     all    0.00    0.00    3.30    0.00    0.00    1.41    0.00    0.00    0.00   95.29
19:13:32     all    0.00    0.03    3.11    0.00    0.00    1.19    0.00    0.00    0.00   95.67
19:13:33     all    0.00    0.00    3.52    0.00    0.00    1.70    0.00    0.00    0.00   94.78
19:13:34     all    0.00    0.00    3.65    0.00    0.00    1.50    0.00    0.00    0.00   94.85
19:13:35     all    0.00    0.03    3.38    0.00    0.00    1.50    0.00    0.00    0.00   95.08
19:13:36     all    0.00    0.03    3.33    0.00    0.00    1.38    0.00    0.00    0.00   95.26
19:13:37     all    0.00    0.00    3.40    0.00    0.00    1.63    0.00    0.00    0.00   94.97
19:13:38     all    0.03    0.00    3.44    0.00    0.00    1.41    0.00    0.00    0.00   95.12
19:13:39     all    0.00    0.03    3.44    0.00    0.00    1.48    0.00    0.00    0.00   95.05
19:13:40     all    0.10    0.03    3.59    0.00    0.00    1.57    0.00    0.00    0.00   94.72
19:13:41     all    0.03    0.03    3.62    0.00    0.00    1.41    0.00    0.00    0.00   94.91
19:13:42     all    0.00    0.00    3.05    0.00    0.00    1.73    0.00    0.00    0.00   95.22
19:13:43     all    0.00    0.00    3.65    0.00    0.00    1.50    0.00    0.00    0.00   94.84
19:13:44     all    0.00    0.03    3.19    0.00    0.00    1.54    0.00    0.00    0.00   95.24
19:13:45     all    0.00    0.00    3.47    0.00    0.00    1.48    0.00    0.00    0.00   95.05
19:13:46     all    0.00    0.03    3.42    0.00    0.00    1.53    0.00    0.00    0.00   95.02
19:13:47     all    0.00    0.00    3.08    0.00    0.00    0.93    0.00    0.00    0.00   95.99
19:13:48     all    0.00    0.03    3.14    0.00    0.00    1.15    0.00    0.00    0.00   95.68
19:13:49     all    0.00    0.00    2.98    0.00    0.00    1.28    0.00    0.00    0.00   95.75
19:13:50     all    0.06    0.00    3.28    0.00    0.00    0.97    0.00    0.00    0.00   95.69
19:13:51     all    0.03    0.00    3.19    0.00    0.00    1.18    0.00    0.00    0.00   95.60
19:13:52     all    0.19    0.03    2.83    0.00    0.00    1.00    0.00    0.00    0.00   95.96
19:13:53     all    0.00    0.00    3.36    0.00    0.00    1.34    0.00    0.00    0.00   95.29
19:13:54     all    0.00    0.00    3.06    0.00    0.00    1.28    0.00    0.00    0.00   95.66
19:13:55     all    0.00    0.00    3.32    0.00    0.00    0.99    0.00    0.00    0.00   95.69
19:13:56     all    0.00    0.06    2.69    0.00    0.00    1.25    0.00    0.00    0.00   95.99
19:13:57     all    0.03    0.00    3.24    0.00    0.00    1.06    0.00    0.00    0.00   95.67
19:13:58     all    0.00    0.00    2.82    0.00    0.00    1.09    0.00    0.00    0.00   96.09
19:13:59     all    0.00    0.03    2.84    0.00    0.00    1.02    0.00    0.00    0.00   96.10
19:14:00     all    0.06    0.00    3.21    0.00    0.00    0.99    0.00    0.00    0.00   95.74
19:14:01     all    0.26    0.00    2.73    0.00    0.00    1.12    0.00    0.00    0.00   95.90
19:14:02     all    0.00    0.64    3.06    0.00    0.00    1.51    0.00    0.00    0.00   94.78
19:14:03     all    0.00    3.04    3.33    0.00    0.00    1.25    0.00    0.00    0.00   92.38
19:14:04     all    0.00    3.64   10.73    0.00    0.00    4.90    0.00    0.00    0.00   80.73
19:14:05     all    0.00    2.75    3.38    0.00    0.00    1.64    0.00    0.00    0.00   92.23
19:14:06     all    0.00   32.62    7.96    0.00    0.00    3.72    0.00    0.00    0.00   55.70
19:14:07     all    0.00    8.89    9.66    0.00    0.00    5.38    0.00    0.00    0.00   76.06
19:14:08     all    0.00    4.18    3.65    0.00    0.00    1.77    0.00    0.00    0.00   90.40
19:14:09     all    0.03    8.93    9.03    0.00    0.00    4.95    0.00    0.00    0.00   77.06
19:14:10     all    0.06    1.33    7.18    0.00    0.00    4.36    0.00    0.00    0.00   87.07
19:14:11     all    0.00   20.70    4.81    0.00    0.00    1.78    0.00    0.00    0.00   72.71
19:14:12     all    0.00   26.87    7.20    0.00    0.00    3.04    0.00    0.00    0.00   62.89
19:14:13     all    0.00    6.26   10.99    0.00    0.00    5.93    0.00    0.00    0.00   76.82
19:14:14     all    0.00    3.02    7.75    0.00    0.00    3.99    0.00    0.00    0.00   85.24
19:14:15     all    0.00    5.19   11.61    0.00    0.00    6.00    0.00    0.00    0.00   77.20
19:14:16     all    0.00    3.95   10.46    0.00    0.00    4.93    0.00    0.00    0.00   80.66
19:14:17     all    0.03    4.87   10.52    0.00    0.00    5.49    0.00    0.00    0.00   79.08
19:14:18     all    0.00   20.67    6.60    0.00    0.00    2.92    0.00    0.00    0.00   69.82
19:14:19     all    0.00   16.13    8.23    0.00    0.00    4.24    0.00    0.00    0.00   71.40
19:14:20     all    0.10    3.14   11.76    0.00    0.00    5.58    0.00    0.00    0.00   79.43
19:14:21     all    0.00    7.18   10.78    0.00    0.00    5.78    0.00    0.00    0.00   76.26
19:14:22     all    0.00    4.08   10.32    0.00    0.00    5.36    0.00    0.00    0.00   80.24
19:14:23     all    0.03   21.59    7.35    0.00    0.00    3.79    0.00    0.00    0.00   67.25
19:14:24     all    0.00   11.24    9.01    0.00    0.00    4.83    0.00    0.00    0.00   74.93
19:14:25     all    0.00    7.79   10.51    0.00    0.00    5.37    0.00    0.00    0.00   76.33
19:14:26     all    0.00    4.48   11.22    0.00    0.00    5.61    0.00    0.00    0.00   78.68
19:14:27     all    0.00   16.32    8.40    0.00    0.00    4.78    0.00    0.00    0.00   70.50
19:14:28     all    0.00   15.76    8.38    0.00    0.00    4.34    0.00    0.00    0.00   71.53
19:14:29     all    0.00    6.47   11.61    0.00    0.00    6.21    0.00    0.00    0.00   75.72
19:14:30     all    0.10    8.60   12.79    0.00    0.00    5.89    0.00    0.00    0.00   72.62
19:14:31     all    0.03    9.86   11.75    0.00    0.00    5.58    0.00    0.00    0.00   72.77
19:14:32     all    0.00   37.12   10.60    0.00    0.00    4.32    0.00    0.00    0.00   47.95
19:14:33     all    0.00   10.37   12.89    0.00    0.00    6.81    0.00    0.00    0.00   69.93
19:14:34     all    0.00   12.76   15.23    0.00    0.00    6.82    0.00    0.00    0.00   65.18
19:14:35     all    0.00   16.98   14.16    0.00    0.00    6.92    0.00    0.00    0.00   61.93
19:14:36     all    0.00   13.59   11.26    0.00    0.00    5.93    0.00    0.00    0.00   69.21
19:14:37     all    0.00   41.18    8.73    0.00    0.00    3.48    0.00    0.00    0.00   46.62
19:14:38     all    0.00   39.17   15.28    0.00    0.00    6.57    0.00    0.00    0.00   38.98
19:14:39     all    0.00   15.24   19.20    0.00    0.00    8.85    0.00    0.00    0.00   56.71
19:14:40     all    0.03   13.12   18.84    0.00    0.00    7.93    0.00    0.00    0.00   60.07
19:14:41     all    0.03    7.55   11.59    0.00    0.00    5.78    0.00    0.00    0.00   75.06
19:14:42     all    0.00   25.05   18.56    0.00    0.00    8.94    0.00    0.00    0.00   47.46
19:14:43     all    0.00   30.65   14.84    0.00    0.00    7.11    0.00    0.00    0.00   47.41
19:14:44     all    0.00    6.05   15.22    0.00    0.00    7.29    0.00    0.00    0.00   71.44
19:14:45     all    0.00   11.28   13.01    0.00    0.00    5.87    0.00    0.00    0.00   69.85
19:14:46     all    0.00   32.89   15.15    0.00    0.00    6.69    0.00    0.00    0.00   45.28
19:14:47     all    0.00   27.58   16.57    0.00    0.00    7.41    0.00    0.00    0.00   48.44
19:14:48     all    0.00    9.90   21.67    0.00    0.00    8.09    0.00    0.00    0.00   60.34
19:14:49     all    0.00   11.67   16.12    0.00    0.00    7.88    0.00    0.00    0.00   64.32
19:14:50     all    0.06   29.91   10.93    0.00    0.00    4.86    0.00    0.00    0.00   54.23
19:14:51     all    0.00   16.79   22.11    0.00    0.00    9.68    0.00    0.00    0.00   51.42
19:14:52     all    0.00   12.55   19.33    0.00    0.00    8.83    0.00    0.00    0.00   59.29
19:14:53     all    0.00    4.76   19.26    0.00    0.00    8.66    0.00    0.00    0.00   67.31
19:14:54     all    0.00    5.77   12.21    0.00    0.00    6.15    0.00    0.00    0.00   75.87
19:14:55     all    0.03   41.94   11.64    0.00    0.00    4.94    0.00    0.00    0.00   41.45
19:14:56     all    0.00   53.09    9.08    0.00    0.00    3.52    0.00    0.00    0.00   34.31
19:14:57     all    0.00   40.96   14.43    0.00    0.00    6.83    0.00    0.00    0.00   37.79
19:14:58     all    0.00   13.23   20.90    0.00    0.00    9.14    0.00    0.00    0.00   56.73
19:14:59     all    0.00    6.97   16.38    0.00    0.00    8.42    0.00    0.00    0.00   68.23
19:15:00     all    0.07    8.51   15.70    0.00    0.00    7.26    0.00    0.00    0.00   68.47
19:15:01     all    0.29   10.42   23.67    0.00    0.00    9.42    0.00    0.00    0.00   56.21
19:15:02     all    0.00   10.44   21.95    0.00    0.00    9.50    0.00    0.00    0.00   58.11
19:15:03     all    0.00   18.86   17.59    0.00    0.00    8.31    0.00    0.00    0.00   55.24
19:15:04     all    0.00   26.75    8.52    0.00    0.00    3.83    0.00    0.00    0.00   60.90
19:15:05     all    0.03   12.82   14.05    0.00    0.00    7.22    0.00    0.00    0.00   65.88
19:15:06     all    0.00   26.30   16.41    0.00    0.00    8.21    0.00    0.00    0.00   49.08
19:15:07     all    0.00   16.52   19.31    0.00    0.00    8.19    0.00    0.00    0.00   55.98
19:15:08     all    0.00    6.09   22.06    0.00    0.00    9.26    0.00    0.00    0.00   62.59
19:15:09     all    0.00    1.43   21.66    0.00    0.00    9.38    0.00    0.00    0.00   67.53
19:15:10     all    0.10    1.77   12.55    0.00    0.00    6.71    0.00    0.00    0.00   78.87
19:15:11     all    0.00    7.13   23.04    0.00    0.00    9.85    0.00    0.00    0.00   59.98
19:15:12     all    0.00    5.55   19.49    0.00    0.00    8.81    0.00    0.00    0.00   66.14
19:15:13     all    0.00    4.34   22.59    0.00    0.00    8.82    0.00    0.00    0.00   64.25
19:15:14     all    0.00    3.61   14.70    0.00    0.00    7.16    0.00    0.00    0.00   74.53
19:15:15     all    0.00    1.72   12.61    0.00    0.00    6.37    0.00    0.00    0.00   79.30
19:15:16     all    0.00   28.35   15.35    0.00    0.00    7.10    0.00    0.00    0.00   49.20
19:15:17     all    0.00   28.78   15.21    0.00    0.00    7.21    0.00    0.00    0.00   48.80
19:15:18     all    0.00    8.78   21.69    0.00    0.00    8.29    0.00    0.00    0.00   61.24
19:15:19     all    0.00    5.09   20.52    0.00    0.00    9.07    0.00    0.00    0.00   65.33
19:15:20     all    0.06    1.49   12.61    0.00    0.00    6.17    0.00    0.00    0.00   79.66
19:15:21     all    0.00    8.59   10.27    0.00    0.00    4.70    0.00    0.00    0.00   76.44
19:15:22     all    0.00    8.42   12.56    0.00    0.00    7.46    0.00    0.00    0.00   71.56
19:15:23     all    0.03    6.01   12.38    0.00    0.00    6.79    0.00    0.00    0.00   74.79
19:15:24     all    0.00    2.12    9.04    0.00    0.00    5.12    0.00    0.00    0.00   83.72
19:15:25     all    0.00    6.47    5.20    0.00    0.00    2.20    0.00    0.00    0.00   86.13
19:15:26     all    0.00   27.14    6.88    0.00    0.00    3.42    0.00    0.00    0.00   62.55
19:15:27     all    0.00   29.29    8.11    0.00    0.00    3.68    0.00    0.00    0.00   58.92
19:15:28     all    0.00    9.16   13.66    0.00    0.00    6.38    0.00    0.00    0.00   70.80
19:15:29     all    0.00    3.55   12.71    0.00    0.00    7.17    0.00    0.00    0.00   76.56
19:15:30     all    0.06   12.94   10.48    0.00    0.00    5.38    0.00    0.00    0.00   71.13
19:15:31     all    0.00    3.73    4.24    0.00    0.00    2.64    0.00    0.00    0.00   89.39
19:15:32     all    0.00    2.89    1.29    0.00    0.00    0.50    0.00    0.00    0.00   95.32
19:15:33     all    0.00    4.70    2.17    0.00    0.00    0.85    0.00    0.00    0.00   92.28
19:15:34     all    0.00    2.49    3.96    0.00    0.00    2.08    0.00    0.00    0.00   91.46
19:15:35     all    0.00    2.37    3.85    0.00    0.00    1.99    0.00    0.00    0.00   91.78
19:15:36     all    0.00    2.20    4.12    0.00    0.00    2.01    0.00    0.00    0.00   91.66
19:15:37     all    0.00    2.38    3.76    0.00    0.00    1.77    0.00    0.00    0.00   92.10
19:15:38     all    0.00    2.52    4.22    0.00    0.00    2.17    0.00    0.00    0.00   91.09
19:15:39     all    0.00    2.41    3.60    0.00    0.00    1.67    0.00    0.00    0.00   92.31
19:15:40     all    0.10    2.37    3.98    0.00    0.00    1.86    0.00    0.00    0.00   91.70
19:15:41     all    0.00    2.33    3.93    0.00    0.00    2.14    0.00    0.00    0.00   91.59
19:15:42     all    0.03    2.27    3.93    0.00    0.00    2.14    0.00    0.00    0.00   91.63
19:15:43     all    0.00    0.93    4.48    0.00    0.00    2.48    0.00    0.00    0.00   92.11
19:15:44     all    0.00    0.03    5.68    0.00    0.00    3.15    0.00    0.00    0.00   91.14
19:15:45     all    0.00    0.03    5.09    0.00    0.00    2.86    0.00    0.00    0.00   92.02
19:15:46     all    0.00    1.31    4.82    0.00    0.00    2.62    0.00    0.00    0.00   91.26
19:15:47     all    0.00    0.06    5.49    0.00    0.00    3.02    0.00    0.00    0.00   91.43
19:15:48     all    0.00    0.03    5.50    0.00    0.00    2.80    0.00    0.00    0.00   91.67
19:15:49     all    0.00    0.38    5.36    0.00    0.00    2.97    0.00    0.00    0.00   91.29
19:15:50     all    0.06    0.03    5.20    0.00    0.00    3.37    0.00    0.00    0.00   91.34
19:15:51     all    0.03    0.48    5.41    0.00    0.00    2.59    0.00    0.00    0.00   91.49
19:15:52     all    0.19    0.29    5.14    0.00    0.00    3.44    0.00    0.00    0.00   90.94
19:15:53     all    0.00    0.06    5.63    0.00    0.00    3.39    0.00    0.00    0.00   90.92
19:15:54     all    0.00    0.00    6.04    0.00    0.00    3.11    0.00    0.00    0.00   90.85
19:15:55     all    0.00    0.06    5.35    0.00    0.00    3.29    0.00    0.00    0.00   91.30
19:15:56     all    0.00    0.00    5.14    0.00    0.00    3.23    0.00    0.00    0.00   91.63
19:15:57     all    0.00    0.96    4.79    0.00    0.00    2.83    0.00    0.00    0.00   91.41
19:15:58     all    0.00    0.00    5.53    0.00    0.00    3.60    0.00    0.00    0.00   90.87
19:15:59     all    0.03    0.10    5.73    0.00    0.00    3.07    0.00    0.00    0.00   91.07
19:16:00     all    0.10    0.03    5.39    0.00    0.00    3.17    0.00    0.00    0.00   91.31
19:16:01     all    0.29    0.03    5.40    0.00    0.00    2.99    0.00    0.00    0.00   91.28
19:16:02     all    0.00    0.03    5.50    0.00    0.00    3.44    0.00    0.00    0.00   91.03
19:16:03     all    0.00    0.10    5.47    0.00    0.00    3.01    0.00    0.00    0.00   91.42
19:16:04     all    0.03    0.03    5.13    0.00    0.00    3.24    0.00    0.00    0.00   91.56
19:16:05     all    0.00    1.00    4.76    0.00    0.00    2.67    0.00    0.00    0.00   91.58
19:16:06     all    0.00    0.03    5.60    0.00    0.00    3.41    0.00    0.00    0.00   90.96
19:16:07     all    0.00    0.03    5.42    0.00    0.00    3.22    0.00    0.00    0.00   91.33
19:16:08     all    0.00    0.03    5.68    0.00    0.00    3.00    0.00    0.00    0.00   91.29
19:16:09     all    0.00    0.03    5.39    0.00    0.00    3.38    0.00    0.00    0.00   91.20
19:16:10     all    0.10    0.03    3.68    0.00    0.00    1.98    0.00    0.00    0.00   94.21
19:16:11     all    0.00    0.06    3.25    0.00    0.00    1.81    0.00    0.00    0.00   94.88
19:16:12     all    0.00    0.03    3.13    0.00    0.00    1.89    0.00    0.00    0.00   94.95
19:16:13     all    0.00    0.00    3.41    0.00    0.00    2.14    0.00    0.00    0.00   94.45
19:16:14     all    0.00    0.98    2.34    0.00    0.00    1.49    0.00    0.00    0.00   95.19
19:16:15     all    0.00    0.03    3.43    0.00    0.00    1.60    0.00    0.00    0.00   94.93
19:16:16     all    0.00    0.03    3.37    0.00    0.00    1.75    0.00    0.00    0.00   94.85
19:16:17     all    0.00    0.03    3.55    0.00    0.00    1.76    0.00    0.00    0.00   94.66
19:16:18     all    0.00    0.03    3.53    0.00    0.00    2.04    0.00    0.00    0.00   94.40
19:16:19     all    0.00    0.06    3.42    0.00    0.00    1.92    0.00    0.00    0.00   94.60
19:16:20     all    0.06    0.00    3.06    0.00    0.00    1.75    0.00    0.00    0.00   95.12
19:16:21     all    0.03    0.03    3.36    0.00    0.00    2.11    0.00    0.00    0.00   94.47
19:16:22     all    0.00    0.03    3.88    0.00    0.00    2.20    0.00    0.00    0.00   93.89
19:16:23     all    0.00    0.48    2.98    0.00    0.00    1.68    0.00    0.00    0.00   94.86
19:16:24     all    0.00    0.03    3.19    0.00    0.00    1.47    0.00    0.00    0.00   95.30
19:16:25     all    0.00    0.00    3.32    0.00    0.00    1.95    0.00    0.00    0.00   94.73
19:16:26     all    0.00    0.03    3.50    0.00    0.00    1.97    0.00    0.00    0.00   94.49
19:16:27     all    0.00    0.06    3.78    0.00    0.00    2.16    0.00    0.00    0.00   93.99
19:16:28     all    0.00    0.16    3.42    0.00    0.00    1.74    0.00    0.00    0.00   94.68
19:16:29     all    0.00    0.64    2.78    0.00    0.00    1.54    0.00    0.00    0.00   95.04
19:16:30     all    0.10    0.00    2.88    0.00    0.00    1.95    0.00    0.00    0.00   95.07
19:16:31     all    0.00    0.06    3.69    0.00    0.00    1.80    0.00    0.00    0.00   94.45
19:16:32     all    0.00    0.00    3.35    0.00    0.00    2.20    0.00    0.00    0.00   94.45
19:16:33     all    0.00    0.03    2.65    0.00    0.00    1.69    0.00    0.00    0.00   95.63
19:16:34     all    0.00    0.03    3.67    0.00    0.00    2.04    0.00    0.00    0.00   94.26
19:16:35     all    0.00    0.03    2.41    0.00    0.00    1.40    0.00    0.00    0.00   96.16
19:16:36     all    0.00    0.00    0.00    0.00    0.00    0.00    0.00    0.00    0.00  100.00
19:16:37     all    0.00    0.03    0.25    0.00    0.00    0.03    0.00    0.00    0.00   99.69
19:16:38     all    0.00    0.00    0.00    0.00    0.00    0.00    0.00    0.00    0.00  100.00
19:16:39     all    0.00    0.00    0.03    0.00    0.00    0.00    0.00    0.00    0.00   99.97
19:16:40     all    0.09    0.00    0.06    0.00    0.00    0.00    0.00    0.00    0.00   99.84
19:16:41     all    0.03    0.00    0.06    0.00    0.00    0.03    0.00    0.00    0.00   99.88
19:16:42     all    0.00    0.00    0.03    0.00    0.00    0.00    0.00    0.00    0.00   99.97
19:16:43     all    0.00    0.03    0.00    0.00    0.00    0.00    0.00    0.00    0.00   99.97
19:16:44     all    0.00    0.00    0.03    0.00    0.00    0.00    0.00    0.00    0.00   99.97
19:16:45     all    0.00    0.00    0.03    0.00    0.00    0.00    0.00    0.00    0.00   99.97
19:16:46     all    0.00    0.00    0.03    0.00    0.00    0.00    0.00    0.00    0.00   99.97
19:16:47     all    0.00    0.03    0.03    0.00    0.00    0.00    0.00    0.00    0.00   99.94
19:16:48     all    0.00    0.00    0.03    0.00    0.00    0.00    0.00    0.00    0.00   99.97
19:16:49     all    0.00    0.00    0.03    0.00    0.00    0.00    0.00    0.00    0.00   99.97
19:16:50     all    0.09    0.00    0.06    0.00    0.00    0.00    0.00    0.00    0.00   99.84
19:16:51     all    0.00    0.00    0.06    0.00    0.00    0.00    0.00    0.00    0.00   99.94
19:16:52     all    0.00    0.00    0.03    0.00    0.00    0.00    0.00    0.00    0.00   99.97
19:16:53     all    0.03    0.00    0.00    0.00    0.00    0.00    0.00    0.00    0.00   99.97
19:16:54     all    0.00    0.00    0.00    0.00    0.00    0.00    0.00    0.00    0.00  100.00
19:16:55     all    0.00    0.00    0.03    0.00    0.00    0.00    0.00    0.00    0.00   99.97
19:16:56     all    0.00    0.00    0.03    0.00    0.00    0.00    0.00    0.00    0.00   99.97
19:16:57     all    0.00    0.00    0.00    0.00    0.00    0.00    0.00    0.00    0.00  100.00
19:16:58     all    0.00    0.00    0.00    0.00    0.00    0.00    0.00    0.00    0.00  100.00
19:16:59     all    0.00    0.00    0.03    0.00    0.00    0.00    0.00    0.00    0.00   99.97
19:17:00     all    0.06    0.00    0.09    0.00    0.00    0.00    0.00    0.00    0.00   99.84
19:17:01     all    0.31    0.00    0.09    0.00    0.00    0.31    0.00    0.00    0.00   99.28
19:17:02     all    0.00    0.00    0.00    0.00    0.00    0.00    0.00    0.00    0.00  100.00
19:17:03     all    0.00    0.03    0.03    0.00    0.00    0.00    0.00    0.00    0.00   99.94
19:17:04     all    0.00    0.00    0.03    0.00    0.00    0.00    0.00    0.00    0.00   99.97
19:17:05     all    0.00    0.00    0.00    0.00    0.00    0.00    0.00    0.00    0.00  100.00
19:17:06     all    0.00    0.00    0.00    0.00    0.00    0.00    0.00    0.00    0.00  100.00
19:17:07     all    0.00    0.00    0.03    0.00    0.00    0.00    0.00    0.00    0.00   99.97
19:17:08     all    0.00    0.00    0.03    0.00    0.00    0.00    0.00    0.00    0.00   99.97
19:17:09     all    0.00    0.00    0.00    0.00    0.00    0.00    0.00    0.00    0.00  100.00
19:17:10     all    0.09    0.00    0.06    0.00    0.00    0.03    0.00    0.00    0.00   99.81
19:17:11     all    0.00    0.00    0.09    0.00    0.00    0.03    0.00    0.00    0.00   99.88
19:17:12     all    0.00    0.00    0.00    0.00    0.00    0.00    0.00    0.00    0.00  100.00
19:17:13     all    0.00    0.00    0.00    0.00    0.00    0.00    0.00    0.00    0.00  100.00
19:17:14     all    0.00    0.00    0.03    0.00    0.00    0.00    0.00    0.00    0.00   99.97
19:17:15     all    0.00    0.00    0.00    0.00    0.00    0.00    0.00    0.00    0.00  100.00
19:17:16     all    0.00    0.00    0.00    0.00    0.00    0.00    0.00    0.00    0.00  100.00
19:17:17     all    0.03    0.00    0.03    0.00    0.00    0.00    0.00    0.00    0.00   99.94
19:17:18     all    0.00    0.03    0.00    0.00    0.00    0.00    0.00    0.00    0.00   99.97
19:17:19     all    0.00    0.03    0.00    0.00    0.00    0.00    0.00    0.00    0.00   99.97
19:17:20     all    0.03    0.00    0.09    0.00    0.00    0.00    0.00    0.00    0.00   99.87
19:17:21     all    0.00    0.00    0.06    0.00    0.00    0.00    0.00    0.00    0.00   99.94
19:17:22     all    0.00    0.03    0.00    0.00    0.00    0.00    0.00    0.00    0.00   99.97
19:17:23     all    0.00    0.00    0.00    0.00    0.00    0.00    0.00    0.00    0.00  100.00
19:17:24     all    0.00    0.00    0.00    0.00    0.00    0.00    0.00    0.00    0.00  100.00
19:17:25     all    0.00    0.03    0.03    0.00    0.00    0.00    0.00    0.00    0.00   99.94
19:17:26     all    0.03    0.00    0.00    0.00    0.00    0.00    0.00    0.00    0.00   99.97
19:17:27     all    0.00    0.03    0.00    0.00    0.00    0.00    0.00    0.00    0.00   99.97
19:17:28     all    0.00    0.00    0.03    0.00    0.00    0.00    0.00    0.00    0.00   99.97
19:17:29     all    0.00    0.00    0.00    0.00    0.00    0.00    0.00    0.00    0.00  100.00
19:17:30     all    0.09    0.03    0.06    0.00    0.00    0.00    0.00    0.00    0.00   99.81
19:17:31     all    0.00    0.03    0.06    0.00    0.00    0.00    0.00    0.00    0.00   99.91
19:17:32     all    0.00    0.00    0.00    0.00    0.00    0.00    0.00    0.00    0.00  100.00
19:17:33     all    0.00    0.00    0.03    0.00    0.00    0.00    0.00    0.00    0.00   99.97
19:17:34     all    0.00    0.00    0.03    0.00    0.00    0.00    0.00    0.00    0.00   99.97
19:17:35     all    0.00    0.06    0.00    0.00    0.00    0.00    0.00    0.00    0.00   99.94
19:17:36     all    0.00    0.00    0.00    0.00    0.00    0.00    0.00    0.00    0.00  100.00
19:17:37     all    0.00    0.00    0.03    0.00    0.00    0.00    0.00    0.00    0.00   99.97
19:17:38     all    0.00    0.03    0.03    0.00    0.00    0.00    0.00    0.00    0.00   99.94
19:17:39     all    0.00    0.03    0.00    0.00    0.00    0.00    0.00    0.00    0.00   99.97
19:17:40     all    0.06    0.00    0.12    0.00    0.00    0.00    0.00    0.00    0.00   99.81
19:17:41     all    0.00    0.00    0.03    0.00    0.00    0.00    0.00    0.00    0.00   99.97
19:17:42     all    0.00    0.03    0.00    0.00    0.00    0.00    0.00    0.00    0.00   99.97
19:17:43     all    0.00    0.03    0.00    0.00    0.00    0.00    0.00    0.00    0.00   99.97
19:17:44     all    0.00    0.00    0.00    0.00    0.00    0.00    0.00    0.00    0.00  100.00
19:17:45     all    0.00    0.03    0.03    0.00    0.00    0.00    0.00    0.00    0.00   99.94
19:17:46     all    0.00    0.00    0.00    0.00    0.00    0.00    0.00    0.00    0.00  100.00
19:17:47     all    0.00    0.03    0.03    0.00    0.00    0.00    0.00    0.00    0.00   99.94
19:17:48     all    0.00    0.00    0.00    0.00    0.00    0.00    0.00    0.00    0.00  100.00
19:17:49     all    0.00    0.00    0.00    0.00    0.00    0.00    0.00    0.00    0.00  100.00
19:17:50     all    0.09    0.03    0.09    0.00    0.00    0.00    0.00    0.00    0.00   99.78
19:17:51     all    0.00    0.03    0.03    0.00    0.00    0.00    0.00    0.00    0.00   99.94
19:17:52     all    0.00    0.00    0.03    0.00    0.00    0.00    0.00    0.00    0.00   99.97
19:17:53     all    0.00    0.03    0.00    0.00    0.00    0.00    0.00    0.00    0.00   99.97
19:17:54     all    0.00    0.00    0.00    0.00    0.00    0.00    0.00    0.00    0.00  100.00
19:17:55     all    0.00    0.03    0.00    0.00    0.00    0.00    0.00    0.00    0.00   99.97
19:17:56     all    0.00    0.00    0.00    0.00    0.00    0.00    0.00    0.00    0.00  100.00
19:17:57     all    0.00    0.00    0.03    0.00    0.00    0.00    0.00    0.00    0.00   99.97
19:17:58     all    0.00    0.03    0.00    0.00    0.00    0.00    0.00    0.00    0.00   99.97
19:17:59     all    0.00    0.03    0.00    0.00    0.00    0.00    0.00    0.00    0.00   99.97
19:18:00     all    0.09    0.00    0.06    0.00    0.00    0.00    0.00    0.00    0.00   99.84
19:18:01     all    0.31    0.03    0.16    0.00    0.00    0.00    0.00    0.00    0.00   99.50
19:18:02     all    0.31    0.00    0.00    0.00    0.00    0.00    0.00    0.00    0.00   99.69
19:18:03     all    0.00    0.03    0.03    0.00    0.00    0.00    0.00    0.00    0.00   99.94
19:18:04     all    0.00    0.00    0.00    0.00    0.00    0.00    0.00    0.00    0.00  100.00
19:18:05     all    0.00    0.00    0.03    0.00    0.00    0.00    0.00    0.00    0.00   99.97
19:18:06     all    0.00    0.03    0.00    0.00    0.00    0.00    0.00    0.00    0.00   99.97
19:18:07     all    0.00    0.03    0.00    0.00    0.00    0.00    0.00    0.00    0.00   99.97
19:18:08     all    0.00    0.00    0.00    0.00    0.00    0.00    0.00    0.00    0.00  100.00
19:18:09     all    0.00    0.03    0.00    0.00    0.00    0.00    0.00    0.00    0.00   99.97
19:18:10     all    0.06    0.03    0.12    0.00    0.00    0.00    0.00    0.00    0.00   99.78
19:18:11     all    0.00    0.00    0.06    0.00    0.00    0.00    0.00    0.00    0.00   99.94
19:18:12     all    0.03    0.03    0.00    0.00    0.00    0.00    0.00    0.00    0.00   99.94
19:18:13     all    0.00    0.00    0.03    0.00    0.00    0.00    0.00    0.00    0.00   99.97
19:18:14     all    0.00    0.03    0.03    0.00    0.00    0.00    0.00    0.00    0.00   99.94
19:18:15     all    0.00    0.03    0.03    0.00    0.00    0.00    0.00    0.00    0.00   99.94
19:18:16     all    0.00    0.00    0.00    0.00    0.00    0.00    0.00    0.00    0.00  100.00
19:18:17     all    0.00    0.03    0.03    0.00    0.00    0.00    0.00    0.00    0.00   99.94
19:18:18     all    0.00    0.00    0.00    0.00    0.00    0.00    0.00    0.00    0.00  100.00
19:18:19     all    0.06    0.03    0.06    0.00    0.00    0.00    0.00    0.00    0.00   99.84
19:18:20     all    0.06    0.03    0.09    0.00    0.00    0.00    0.00    0.00    0.00   99.81
19:18:21     all    0.00    0.00    0.03    0.00    0.00    0.00    0.00    0.00    0.00   99.97
19:18:22     all    0.00    0.00    0.03    0.00    0.00    0.00    0.00    0.00    0.00   99.97
19:18:23     all    0.00    0.06    0.03    0.00    0.00    0.00    0.00    0.00    0.00   99.91
19:18:24     all    0.00    0.00    0.03    0.00    0.00    0.00    0.00    0.00    0.00   99.97
19:18:25     all    0.00    0.00    0.00    0.00    0.00    0.00    0.00    0.00    0.00  100.00
19:18:26     all    0.03    0.03    0.03    0.00    0.00    0.00    0.00    0.00    0.00   99.91
19:18:27     all    0.00    0.00    0.00    0.00    0.00    0.00    0.00    0.00    0.00  100.00
19:18:28     all    0.00    0.03    0.03    0.00    0.00    0.00    0.00    0.00    0.00   99.94
19:18:29     all    0.00    0.00    0.00    0.00    0.00    0.00    0.00    0.00    0.00  100.00
19:18:30     all    0.09    0.00    0.09    0.00    0.00    0.00    0.00    0.00    0.00   99.81
19:18:31     all    0.00    0.06    0.03    0.00    0.00    0.00    0.00    0.00    0.00   99.91
19:18:32     all    0.00    0.00    0.03    0.00    0.00    0.00    0.00    0.00    0.00   99.97
19:18:33     all    0.00    0.00    0.00    0.00    0.00    0.00    0.00    0.00    0.00  100.00
19:18:34     all    0.00    0.03    0.03    0.00    0.00    0.00    0.00    0.00    0.00   99.94
19:18:35     all    0.00    0.00    0.03    0.00    0.00    0.00    0.00    0.00    0.00   99.97
19:18:36     all    0.00    0.03    0.00    0.00    0.00    0.00    0.00    0.00    0.00   99.97
19:18:37     all    0.00    0.00    0.00    0.00    0.00    0.00    0.00    0.00    0.00  100.00
19:18:38     all    0.00    0.00    0.03    0.00    0.00    0.00    0.00    0.00    0.00   99.97
19:18:39     all    0.00    0.03    0.00    0.00    0.00    0.00    0.00    0.00    0.00   99.97
19:18:40     all    0.09    0.03    0.09    0.00    0.00    0.03    0.00    0.00    0.00   99.75
19:18:41     all    0.00    0.00    0.03    0.00    0.00    0.00    0.00    0.00    0.00   99.97
19:18:42     all    0.00    0.00    0.03    0.00    0.00    0.00    0.00    0.00    0.00   99.97
19:18:43     all    0.00    0.03    0.00    0.00    0.00    0.00    0.00    0.00    0.00   99.97
19:18:44     all    0.00    0.03    0.00    0.00    0.00    0.00    0.00    0.00    0.00   99.97
19:18:45     all    0.00    0.00    0.03    0.00    0.00    0.00    0.00    0.00    0.00   99.97
19:18:46     all    0.00    0.00    0.03    0.00    0.00    0.00    0.00    0.00    0.00   99.97
19:18:47     all    0.00    0.03    0.00    0.00    0.00    0.00    0.00    0.00    0.00   99.97
19:18:48     all    0.00    0.03    0.00    0.00    0.00    0.00    0.00    0.00    0.00   99.97
19:18:49     all    0.00    0.00    0.00    0.00    0.00    0.00    0.00    0.00    0.00  100.00
19:18:50     all    0.09    0.00    0.12    0.00    0.00    0.03    0.00    0.00    0.00   99.75
19:18:51     all    0.00    0.03    0.06    0.00    0.00    0.00    0.00    0.00    0.00   99.91
19:18:52     all    0.00    0.03    0.00    0.00    0.00    0.00    0.00    0.00    0.00   99.97
19:18:53     all    0.00    0.00    0.00    0.00    0.00    0.00    0.00    0.00    0.00  100.00
19:18:54     all    0.00    0.00    0.00    0.00    0.00    0.00    0.00    0.00    0.00  100.00
19:18:55     all    0.00    0.03    0.06    0.00    0.00    0.00    0.00    0.00    0.00   99.91
19:18:56     all    0.00    0.03    0.00    0.00    0.00    0.00    0.00    0.00    0.00   99.97
19:18:57     all    0.00    0.00    0.00    0.00    0.00    0.00    0.00    0.00    0.00  100.00
19:18:58     all    0.03    0.03    0.00    0.00    0.00    0.00    0.00    0.00    0.00   99.94
19:18:59     all    0.00    0.00    0.03    0.00    0.00    0.00    0.00    0.00    0.00   99.97
19:19:00     all    0.12    0.03    0.06    0.00    0.00    0.00    0.00    0.00    0.00   99.78
19:19:01     all    0.34    0.00    0.12    0.00    0.00    0.00    0.00    0.00    0.00   99.53
19:19:02     all    0.00    0.00    0.00    0.00    0.00    0.00    0.00    0.00    0.00  100.00
19:19:03     all    0.00    0.03    0.03    0.00    0.00    0.00    0.00    0.00    0.00   99.94
19:19:04     all    0.00    0.00    0.03    0.00    0.00    0.00    0.00    0.00    0.00   99.97
19:19:05     all    0.00    0.03    0.00    0.00    0.00    0.00    0.00    0.00    0.00   99.97
19:19:06     all    0.00    0.00    0.03    0.00    0.00    0.00    0.00    0.00    0.00   99.97
19:19:07     all    0.00    0.00    0.03    0.00    0.00    0.00    0.00    0.00    0.00   99.97
19:19:08     all    0.00    0.03    0.03    0.00    0.00    0.00    0.00    0.00    0.00   99.94
19:19:09     all    0.00    0.00    0.00    0.00    0.00    0.00    0.00    0.00    0.00  100.00
19:19:10     all    0.09    0.03    0.06    0.00    0.00    0.00    0.00    0.00    0.00   99.81
19:19:11     all    0.00    0.00    0.06    0.00    0.00    0.00    0.00    0.00    0.00   99.94
19:19:12     all    0.00    0.03    0.00    0.00    0.00    0.00    0.00    0.00    0.00   99.97
19:19:13     all    0.00    0.00    0.00    0.00    0.00    0.00    0.00    0.00    0.00  100.00
19:19:14     all    0.00    0.03    0.00    0.00    0.00    0.00    0.00    0.00    0.00   99.97
19:19:15     all    0.00    0.00    0.06    0.00    0.00    0.00    0.00    0.00    0.00   99.94
19:19:16     all    0.00    0.00    0.00    0.00    0.00    0.00    0.00    0.00    0.00  100.00
19:19:17     all    0.00    0.03    0.00    0.00    0.00    0.00    0.00    0.00    0.00   99.97
19:19:18     all    0.00    0.00    0.00    0.00    0.00    0.00    0.00    0.00    0.00  100.00
19:19:19     all    0.00    0.03    0.00    0.00    0.00    0.00    0.00    0.00    0.00   99.97
19:19:20     all    0.06    0.03    0.12    0.00    0.00    0.00    0.00    0.00    0.00   99.78
19:19:21     all    0.00    0.00    0.00    0.00    0.00    0.00    0.00    0.00    0.00  100.00
19:19:22     all    0.00    0.03    0.00    0.00    0.00    0.00    0.00    0.00    0.00   99.97
19:19:23     all    0.00    0.00    0.00    0.00    0.00    0.00    0.00    0.00    0.00  100.00
19:19:24     all    0.00    0.00    0.03    0.00    0.00    0.00    0.00    0.00    0.00   99.97
19:19:25     all    0.00    0.03    0.00    0.00    0.00    0.00    0.00    0.00    0.00   99.97
19:19:26     all    0.00    0.00    0.03    0.00    0.00    0.00    0.00    0.00    0.00   99.97
19:19:27     all    0.00    0.03    0.00    0.00    0.00    0.00    0.00    0.00    0.00   99.97
19:19:28     all    0.00    0.03    0.00    0.00    0.00    0.00    0.00    0.00    0.00   99.97
19:19:29     all    0.00    0.00    0.00    0.00    0.00    0.00    0.00    0.00    0.00  100.00
19:19:30     all    0.09    0.03    0.06    0.00    0.00    0.00    0.00    0.00    0.00   99.81
19:19:31     all    0.03    0.00    0.03    0.00    0.00    0.00    0.00    0.00    0.00   99.94
19:19:32     all    0.00    0.00    0.00    0.00    0.00    0.00    0.00    0.00    0.00  100.00
19:19:33     all    0.00    0.03    0.00    0.00    0.00    0.00    0.00    0.00    0.00   99.97
19:19:34     all    0.00    0.00    0.03    0.00    0.00    0.00    0.00    0.00    0.00   99.97
19:19:35     all    0.00    0.03    0.00    0.00    0.00    0.00    0.00    0.00    0.00   99.97
19:19:36     all    0.00    0.00    0.06    0.00    0.00    0.00    0.00    0.00    0.00   99.94
19:19:37     all    0.00    0.00    0.00    0.00    0.00    0.00    0.00    0.00    0.00  100.00
19:19:38     all    0.00    0.00    0.00    0.00    0.00    0.00    0.00    0.00    0.00  100.00
19:19:39     all    0.00    0.03    0.06    0.00    0.00    0.00    0.00    0.00    0.00   99.91
19:19:40     all    0.03    0.03    0.09    0.00    0.00    0.00    0.00    0.00    0.00   99.84
19:19:41     all    0.00    0.00    0.03    0.00    0.00    0.00    0.00    0.00    0.00   99.97
19:19:42     all    0.00    0.03    0.00    0.00    0.00    0.00    0.00    0.00    0.00   99.97
19:19:43     all    0.00    0.03    0.00    0.00    0.00    0.00    0.00    0.00    0.00   99.97
19:19:44     all    0.00    0.00    0.00    0.00    0.00    0.00    0.00    0.00    0.00  100.00
19:19:45     all    0.00    0.00    0.03    0.00    0.00    0.03    0.00    0.00    0.00   99.94
19:19:46     all    0.03    0.00    0.00    0.00    0.00    0.00    0.00    0.00    0.00   99.97
19:19:47     all    0.00    0.00    0.00    0.00    0.00    0.00    0.00    0.00    0.00  100.00
19:19:48     all    0.00    0.00    0.03    0.00    0.00    0.00    0.00    0.00    0.00   99.97
19:19:49     all    0.00    0.03    0.00    0.00    0.00    0.00    0.00    0.00    0.00   99.97
19:19:50     all    0.09    0.00    0.09    0.00    0.00    0.00    0.00    0.00    0.00   99.81
19:19:51     all    0.03    0.03    0.03    0.00    0.00    0.00    0.00    0.00    0.00   99.91
19:19:52     all    0.00    0.03    0.00    0.00    0.00    0.00    0.00    0.00    0.00   99.97
19:19:53     all    0.00    0.00    0.03    0.00    0.00    0.00    0.00    0.00    0.00   99.97
19:19:54     all    0.00    0.03    0.00    0.00    0.00    0.00    0.00    0.00    0.00   99.97
19:19:55     all    0.00    0.00    0.03    0.00    0.00    0.00    0.00    0.00    0.00   99.97
19:19:56     all    0.00    0.03    0.03    0.00    0.00    0.00    0.00    0.00    0.00   99.94
19:19:57     all    0.00    0.00    0.00    0.00    0.00    0.00    0.00    0.00    0.00  100.00
19:19:58     all    0.00    0.03    0.03    0.00    0.00    0.00    0.00    0.00    0.00   99.94
19:19:59     all    0.00    0.00    0.00    0.00    0.00    0.00    0.00    0.00    0.00  100.00
19:20:00     all    0.03    0.03    0.13    0.00    0.00    0.00    0.00    0.00    0.00   99.81
19:20:01     all    0.37    0.03    0.06    0.00    0.00    0.00    0.00    0.00    0.00   99.53
19:20:02     all    0.00    0.00    0.00    0.00    0.00    0.00    0.00    0.00    0.00  100.00
19:20:03     all    0.00    0.03    0.00    0.00    0.00    0.00    0.00    0.00    0.00   99.97
19:20:04     all    0.00    0.00    0.00    0.00    0.00    0.00    0.00    0.00    0.00  100.00
19:20:05     all    0.00    0.03    0.00    0.00    0.00    0.00    0.00    0.00    0.00   99.97
19:20:06     all    0.00    0.00    0.00    0.00    0.00    0.00    0.00    0.00    0.00  100.00
19:20:07     all    0.00    0.03    0.00    0.00    0.00    0.00    0.00    0.00    0.00   99.97
19:20:08     all    0.00    0.03    0.00    0.00    0.00    0.00    0.00    0.00    0.00   99.97
19:20:09     all    0.00    0.00    0.00    0.00    0.00    0.00    0.00    0.00    0.00  100.00
19:20:10     all    0.09    0.00    0.09    0.00    0.00    0.00    0.00    0.00    0.00   99.81
19:20:11     all    0.00    0.03    0.03    0.00    0.00    0.00    0.00    0.00    0.00   99.94
19:20:12     all    0.38    0.00    0.00    0.00    0.00    0.00    0.00    0.00    0.00   99.62
19:20:13     all    0.00    0.03    0.00    0.00    0.00    0.00    0.00    0.00    0.00   99.97
19:20:14     all    0.00    0.00    0.00    0.00    0.00    0.00    0.00    0.00    0.00  100.00
19:20:15     all    0.00    0.03    0.00    0.00    0.00    0.00    0.00    0.00    0.00   99.97
19:20:16     all    0.00    0.03    0.00    0.00    0.00    0.00    0.00    0.00    0.00   99.97
19:20:17     all    0.03    0.00    0.00    0.00    0.00    0.00    0.00    0.00    0.00   99.97
19:20:18     all    0.00    0.00    0.00    0.00    0.00    0.00    0.00    0.00    0.00  100.00
19:20:19     all    0.00    0.06    0.00    0.00    0.00    0.00    0.00    0.00    0.00   99.94
19:20:20     all    0.06    0.00    0.06    0.00    0.00    0.03    0.00    0.00    0.00   99.84
19:20:21     all    0.00    0.03    0.00    0.00    0.00    0.00    0.00    0.00    0.00   99.97
19:20:22     all    0.00    0.00    0.00    0.00    0.00    0.00    0.00    0.00    0.00  100.00
19:20:23     all    0.00    0.03    0.00    0.00    0.00    0.00    0.00    0.00    0.00   99.97
19:20:24     all    0.00    0.03    0.00    0.00    0.00    0.00    0.00    0.00    0.00   99.97
19:20:25     all    0.00    0.00    0.00    0.00    0.00    0.00    0.00    0.00    0.00  100.00
19:20:26     all    0.00    0.03    0.03    0.00    0.00    0.00    0.00    0.00    0.00   99.94
19:20:27     all    0.00    0.00    0.00    0.00    0.00    0.00    0.00    0.00    0.00  100.00
19:20:28     all    0.00    0.03    0.00    0.00    0.00    0.00    0.00    0.00    0.00   99.97
19:20:29     all    0.03    0.00    0.00    0.00    0.00    0.00    0.00    0.00    0.00   99.97
19:20:30     all    0.09    0.03    0.12    0.00    0.00    0.00    0.00    0.00    0.00   99.75
19:20:31     all    0.00    0.00    0.00    0.00    0.00    0.00    0.00    0.00    0.00  100.00
19:20:32     all    0.00    0.03    0.03    0.00    0.00    0.00    0.00    0.00    0.00   99.94
19:20:33     all    0.00    0.03    0.00    0.00    0.00    0.00    0.00    0.00    0.00   99.97
19:20:34     all    0.03    0.00    0.00    0.00    0.00    0.00    0.00    0.00    0.00   99.97
19:20:35     all    0.00    0.00    0.00    0.00    0.00    0.00    0.00    0.00    0.00  100.00
19:20:36     all    0.00    0.03    0.03    0.00    0.00    0.00    0.00    0.00    0.00   99.94
19:20:37     all    0.00    0.00    0.03    0.00    0.00    0.00    0.00    0.00    0.00   99.97
19:20:38     all    0.00    0.03    0.00    0.00    0.00    0.00    0.00    0.00    0.00   99.97
19:20:39     all    0.00    0.03    0.00    0.00    0.00    0.00    0.00    0.00    0.00   99.97
19:20:40     all    0.06    0.03    0.12    0.00    0.00    0.00    0.00    0.00    0.00   99.78
19:20:41     all    0.03    0.00    0.06    0.00    0.00    0.03    0.00    0.00    0.00   99.88
19:20:42     all    0.06    0.00    0.00    0.00    0.00    0.00    0.00    0.00    0.00   99.94
19:20:43     all    0.00    0.03    0.00    0.00    0.00    0.00    0.00    0.00    0.00   99.97
19:20:44     all    0.00    0.03    0.03    0.00    0.00    0.00    0.00    0.00    0.00   99.94
19:20:45     all    0.00    0.00    0.00    0.00    0.00    0.00    0.00    0.00    0.00  100.00
19:20:46     all    0.00    0.00    0.00    0.00    0.00    0.00    0.00    0.00    0.00  100.00
19:20:47     all    0.00    0.03    0.03    0.00    0.00    0.00    0.00    0.00    0.00   99.94
19:20:48     all    0.00    0.03    0.00    0.00    0.00    0.00    0.00    0.00    0.00   99.97
19:20:49     all    0.00    0.00    0.00    0.00    0.00    0.00    0.00    0.00    0.00  100.00
19:20:50     all    0.06    0.03    0.09    0.00    0.00    0.00    0.00    0.00    0.00   99.81
19:20:51     all    0.00    0.00    0.03    0.00    0.00    0.00    0.00    0.00    0.00   99.97
19:20:52     all    0.00    0.03    0.00    0.00    0.00    0.00    0.00    0.00    0.00   99.97
19:20:53     all    0.00    0.00    0.00    0.00    0.00    0.00    0.00    0.00    0.00  100.00
19:20:54     all    0.00    0.00    0.00    0.00    0.00    0.00    0.00    0.00    0.00  100.00
19:20:55     all    0.00    0.03    0.00    0.00    0.00    0.00    0.00    0.00    0.00   99.97
19:20:56     all    0.00    0.03    0.00    0.00    0.00    0.00    0.00    0.00    0.00   99.97
19:20:57     all    0.00    0.00    0.00    0.00    0.00    0.00    0.00    0.00    0.00  100.00
19:20:58     all    0.00    0.03    0.00    0.00    0.00    0.00    0.00    0.00    0.00   99.97
19:20:59     all    0.00    0.03    0.00    0.00    0.00    0.00    0.00    0.00    0.00   99.97
19:21:00     all    0.13    0.00    0.06    0.00    0.00    0.00    0.00    0.00    0.00   99.81
19:21:01     all    0.31    0.03    0.06    0.00    0.00    0.00    0.00    0.00    0.00   99.59
19:21:02     all    0.03    0.00    0.00    0.00    0.00    0.00    0.00    0.00    0.00   99.97
19:21:03     all    0.00    0.03    0.00    0.00    0.00    0.03    0.00    0.00    0.00   99.94
19:21:04     all    0.00    0.03    0.00    0.00    0.00    0.00    0.00    0.00    0.00   99.97
19:21:05     all    0.00    0.00    0.00    0.00    0.00    0.00    0.00    0.00    0.00  100.00
19:21:06     all    0.00    0.03    0.03    0.00    0.00    0.00    0.00    0.00    0.00   99.94
19:21:07     all    0.00    0.00    0.00    0.00    0.00    0.00    0.00    0.00    0.00  100.00
19:21:08     all    0.00    0.00    0.00    0.00    0.00    0.00    0.00    0.00    0.00  100.00
19:21:09     all    0.00    0.03    0.00    0.00    0.00    0.00    0.00    0.00    0.00   99.97
19:21:10     all    0.06    0.00    0.13    0.00    0.00    0.00    0.00    0.00    0.00   99.81
19:21:11     all    0.00    0.03    0.00    0.00    0.00    0.00    0.00    0.00    0.00   99.97
19:21:12     all    0.00    0.03    0.00    0.00    0.00    0.00    0.00    0.00    0.00   99.97
19:21:13     all    0.00    0.00    0.00    0.00    0.00    0.00    0.00    0.00    0.00  100.00
19:21:14     all    0.00    0.03    0.00    0.00    0.00    0.00    0.00    0.00    0.00   99.97
19:21:15     all    0.00    0.00    0.00    0.00    0.00    0.00    0.00    0.00    0.00  100.00
19:21:16     all    0.00    0.00    0.03    0.00    0.00    0.00    0.00    0.00    0.00   99.97
19:21:17     all    0.00    0.03    0.00    0.00    0.00    0.00    0.00    0.00    0.00   99.97
19:21:18     all    0.00    0.00    0.00    0.00    0.00    0.00    0.00    0.00    0.00  100.00
19:21:19     all    0.03    0.03    0.00    0.00    0.00    0.00    0.00    0.00    0.00   99.94
19:21:20     all    0.06    0.03    0.12    0.00    0.00    0.00    0.00    0.00    0.00   99.78
19:21:21     all    0.00    0.03    0.03    0.00    0.00    0.00    0.00    0.00    0.00   99.94
19:21:22     all    0.00    0.00    0.03    0.00    0.00    0.00    0.00    0.00    0.00   99.97
19:21:23     all    0.00    0.00    0.03    0.00    0.00    0.00    0.00    0.00    0.00   99.97
19:21:24     all    0.00    0.00    0.03    0.00    0.00    0.00    0.00    0.00    0.00   99.97
19:21:25     all    0.00    0.03    0.00    0.00    0.00    0.00    0.00    0.00    0.00   99.97
19:21:26     all    0.00    0.00    0.03    0.00    0.00    0.00    0.00    0.00    0.00   99.97
19:21:27     all    0.00    0.03    0.03    0.00    0.00    0.00    0.00    0.00    0.00   99.94
19:21:28     all    0.00    0.00    0.03    0.00    0.00    0.00    0.00    0.00    0.00   99.97
19:21:29     all    0.00    0.00    0.03    0.00    0.00    0.00    0.00    0.00    0.00   99.97
19:21:30     all    0.12    0.00    0.09    0.00    0.00    0.00    0.00    0.00    0.00   99.78
19:21:31     all    0.00    0.00    0.00    0.00    0.00    0.00    0.00    0.00    0.00  100.00
19:21:32     all    0.00    0.00    0.00    0.00    0.00    0.00    0.00    0.00    0.00  100.00
19:21:33     all    0.00    0.00    0.00    0.00    0.00    0.03    0.00    0.00    0.00   99.97
19:21:34     all    0.00    0.00    0.00    0.00    0.00    0.00    0.00    0.00    0.00  100.00
19:21:35     all    0.00    0.03    0.03    0.00    0.00    0.00    0.00    0.00    0.00   99.94
19:21:36     all    0.00    0.00    0.00    0.00    0.00    0.00    0.00    0.00    0.00  100.00
19:21:37     all    0.00    0.03    0.00    0.00    0.00    0.00    0.00    0.00    0.00   99.97
19:21:38     all    0.00    0.00    0.00    0.00    0.00    0.00    0.00    0.00    0.00  100.00
19:21:39     all    0.00    0.00    0.00    0.00    0.00    0.00    0.00    0.00    0.00  100.00
19:21:40     all    0.09    0.00    0.12    0.00    0.00    0.00    0.00    0.00    0.00   99.78
19:21:41     all    0.00    0.03    0.00    0.00    0.00    0.00    0.00    0.00    0.00   99.97
19:21:42     all    0.00    0.00    0.00    0.00    0.00    0.00    0.00    0.00    0.00  100.00
19:21:43     all    0.00    0.03    0.00    0.00    0.00    0.00    0.00    0.00    0.00   99.97
19:21:44     all    0.00    0.00    0.03    0.00    0.00    0.00    0.00    0.00    0.00   99.97
19:21:45     all    0.00    0.00    0.00    0.00    0.00    0.00    0.00    0.00    0.00  100.00
19:21:46     all    0.00    0.00    0.00    0.00    0.00    0.00    0.00    0.00    0.00  100.00
19:21:47     all    0.00    0.00    0.03    0.00    0.00    0.00    0.00    0.00    0.00   99.97
19:21:48     all    0.00    0.00    0.00    0.00    0.00    0.00    0.00    0.00    0.00  100.00
19:21:49     all    0.00    0.03    0.00    0.00    0.00    0.00    0.00    0.00    0.00   99.97
19:21:50     all    0.09    0.00    0.13    0.00    0.00    0.00    0.00    0.00    0.00   99.78
19:21:51     all    0.00    0.00    0.03    0.00    0.00    0.00    0.00    0.00    0.00   99.97
19:21:52     all    0.00    0.03    0.00    0.00    0.00    0.00    0.00    0.00    0.00   99.97
19:21:53     all    0.03    0.00    0.03    0.00    0.00    0.00    0.00    0.00    0.00   99.94
19:21:54     all    0.00    0.00    0.00    0.00    0.00    0.00    0.00    0.00    0.00  100.00
19:21:55     all    0.00    0.00    0.00    0.00    0.00    0.00    0.00    0.00    0.00  100.00
19:21:56     all    0.00    0.00    0.00    0.00    0.00    0.00    0.00    0.00    0.00  100.00
19:21:57     all    0.00    0.00    0.03    0.00    0.00    0.00    0.00    0.00    0.00   99.97
19:21:58     all    0.00    0.00    0.00    0.00    0.00    0.00    0.00    0.00    0.00  100.00
19:21:59     all    0.00    0.03    0.03    0.00    0.00    0.00    0.00    0.00    0.00   99.94
19:22:00     all    0.03    0.00    0.16    0.00    0.00    0.00    0.00    0.00    0.00   99.81
19:22:01     all    0.28    0.00    0.06    0.00    0.00    0.06    0.00    0.00    0.00   99.59
19:22:02     all    0.00    0.00    0.00    0.00    0.00    0.00    0.00    0.00    0.00  100.00
19:22:03     all    0.00    0.00    0.03    0.00    0.00    0.00    0.00    0.00    0.00   99.97
19:22:04     all    0.00    0.03    0.00    0.00    0.00    0.00    0.00    0.00    0.00   99.97
19:22:05     all    0.00    0.00    0.03    0.00    0.00    0.00    0.00    0.00    0.00   99.97
19:22:06     all    0.00    0.00    0.00    0.00    0.00    0.00    0.00    0.00    0.00  100.00
19:22:07     all    0.03    0.00    0.00    0.00    0.00    0.00    0.00    0.00    0.00   99.97
19:22:08     all    0.00    0.00    0.03    0.00    0.00    0.00    0.00    0.00    0.00   99.97
19:22:09     all    0.00    0.00    0.03    0.00    0.00    0.00    0.00    0.00    0.00   99.97
19:22:10     all    0.09    0.00    0.09    0.00    0.00    0.03    0.00    0.00    0.00   99.78
19:22:11     all    0.00    0.00    0.06    0.00    0.00    0.03    0.00    0.00    0.00   99.91
19:22:12     all    0.00    0.03    0.00    0.00    0.00    0.00    0.00    0.00    0.00   99.97
19:22:13     all    0.00    0.03    0.03    0.00    0.00    0.00    0.00    0.00    0.00   99.94
19:22:14     all    0.00    0.00    0.03    0.00    0.00    0.00    0.00    0.00    0.00   99.97
19:22:15     all    0.00    0.00    0.03    0.00    0.00    0.00    0.00    0.00    0.00   99.97
19:22:16     all    0.00    0.00    0.00    0.00    0.00    0.00    0.00    0.00    0.00  100.00
19:22:17     all    0.00    0.00    0.03    0.00    0.00    0.00    0.00    0.00    0.00   99.97
19:22:18     all    0.00    0.03    0.00    0.00    0.00    0.00    0.00    0.00    0.00   99.97
19:22:19     all    0.00    0.00    0.03    0.00    0.00    0.00    0.00    0.00    0.00   99.97
19:22:20     all    0.03    0.03    0.16    0.00    0.00    0.00    0.00    0.00    0.00   99.78
19:22:21     all    0.00    0.00    0.00    0.00    0.00    0.00    0.00    0.00    0.00  100.00
19:22:22     all    0.38    0.00    0.00    0.00    0.00    0.00    0.00    0.00    0.00   99.62
19:22:23     all    0.00    0.00    0.00    0.00    0.00    0.00    0.00    0.00    0.00  100.00
19:22:24     all    0.00    0.00    0.00    0.00    0.00    0.00    0.00    0.00    0.00  100.00
19:22:25     all    0.00    0.03    0.00    0.00    0.00    0.00    0.00    0.00    0.00   99.97
19:22:26     all    0.00    0.00    0.00    0.00    0.00    0.00    0.00    0.00    0.00  100.00
19:22:27     all    0.00    0.03    0.03    0.00    0.00    0.00    0.00    0.00    0.00   99.94
19:22:28     all    0.00    0.00    0.00    0.00    0.00    0.00    0.00    0.00    0.00  100.00
19:22:29     all    0.00    0.00    0.00    0.00    0.00    0.00    0.00    0.00    0.00  100.00
19:22:30     all    0.06    0.00    0.13    0.00    0.00    0.03    0.00    0.00    0.00   99.78
19:22:31     all    0.00    0.00    0.03    0.00    0.00    0.00    0.00    0.00    0.00   99.97
19:22:32     all    0.00    0.00    0.00    0.00    0.00    0.00    0.00    0.00    0.00  100.00
19:22:33     all    0.00    0.00    0.00    0.00    0.00    0.00    0.00    0.00    0.00  100.00
19:22:34     all    0.00    0.00    0.00    0.00    0.00    0.00    0.00    0.00    0.00  100.00
19:22:35     all    0.00    0.00    0.00    0.00    0.00    0.00    0.00    0.00    0.00  100.00
19:22:36     all    0.00    0.00    0.00    0.00    0.00    0.00    0.00    0.00    0.00  100.00
19:22:37     all    0.00    0.00    0.00    0.00    0.00    0.00    0.00    0.00    0.00  100.00
19:22:38     all    0.03    0.00    0.00    0.00    0.00    0.00    0.00    0.00    0.00   99.97
19:22:39     all    0.00    0.00    0.03    0.00    0.00    0.00    0.00    0.00    0.00   99.97
19:22:40     all    0.06    0.00    0.16    0.00    0.00    0.00    0.00    0.00    0.00   99.78
19:22:41     all    0.03    0.00    0.00    0.00    0.00    0.00    0.00    0.00    0.00   99.97
19:22:42     all    0.09    0.00    0.00    0.00    0.00    0.00    0.00    0.00    0.00   99.91
19:22:43     all    0.00    0.00    0.00    0.00    0.00    0.00    0.00    0.00    0.00  100.00
19:22:44     all    0.03    0.03    0.03    0.00    0.00    0.00    0.00    0.00    0.00   99.91
19:22:45     all    0.00    0.00    0.00    0.00    0.00    0.00    0.00    0.00    0.00  100.00
19:22:46     all    0.00    0.00    0.00    0.00    0.00    0.00    0.00    0.00    0.00  100.00
19:22:47     all    0.00    0.00    0.00    0.00    0.00    0.00    0.00    0.00    0.00  100.00
19:22:48     all    0.00    0.00    0.03    0.00    0.00    0.00    0.00    0.00    0.00   99.97
19:22:49     all    0.00    0.00    0.00    0.00    0.00    0.00    0.00    0.00    0.00  100.00
19:22:50     all    0.06    0.00    0.09    0.00    0.00    0.00    0.00    0.00    0.00   99.84

Average:     all    0.02    1.49    2.96    0.00    0.00    1.31    0.00    0.00    0.00   94.23
