Linux 4.20.0+ (eternitystorage) 	01/14/24 	_x86_64_	(32 CPU)

16:11:04     CPU    %usr   %nice    %sys %iowait    %irq   %soft  %steal  %guest  %gnice   %idle
16:11:05     all    0.00    0.00    0.03    0.00    0.00    0.00    0.00    0.00    0.00   99.97
16:11:06     all    0.03    0.00    0.00    0.00    0.00    0.00    0.00    0.00    0.00   99.97
16:11:07     all    0.00    0.00    0.00    0.00    0.00    0.00    0.00    0.00    0.00  100.00
16:11:08     all    0.00    0.00    0.03    0.00    0.00    0.00    0.00    0.00    0.00   99.97
16:11:09     all    0.00    0.00    0.00    0.00    0.00    0.00    0.00    0.00    0.00  100.00
16:11:10     all    0.09    0.00    0.06    0.00    0.00    0.00    0.00    0.00    0.00   99.84
16:11:11     all    0.00    0.00    0.00    0.00    0.00    0.00    0.00    0.00    0.00  100.00
16:11:12     all    0.00    0.00    0.00    0.00    0.00    0.00    0.00    0.00    0.00  100.00
16:11:13     all    0.03    0.00    0.06    0.00    0.00    0.00    0.00    0.00    0.00   99.91
16:11:14     all    0.00    0.00    0.00    0.00    0.00    0.00    0.00    0.00    0.00  100.00
16:11:15     all    0.00    0.00    0.00    0.00    0.00    0.00    0.00    0.00    0.00  100.00
16:11:16     all    0.00    0.00    0.00    0.00    0.00    0.00    0.00    0.00    0.00  100.00
16:11:17     all    0.00    0.00    0.03    0.00    0.00    0.00    0.00    0.00    0.00   99.97
16:11:18     all    0.00    0.00    0.00    0.00    0.00    0.00    0.00    0.00    0.00  100.00
16:11:19     all    0.00    0.00    0.13    0.00    0.00    0.00    0.00    0.00    0.00   99.87
16:11:20     all    0.03    0.00    0.63    0.00    0.00    0.00    0.00    0.00    0.00   99.34
16:11:21     all    0.00    0.00    0.59    0.00    0.00    0.00    0.00    0.00    0.00   99.41
16:11:22     all    0.00    0.00    0.59    0.00    0.00    0.03    0.00    0.00    0.00   99.37
16:11:23     all    0.00    0.00    0.72    0.00    0.00    0.00    0.00    0.00    0.00   99.28
16:11:24     all    0.03    0.00    0.56    0.00    0.00    0.00    0.00    0.00    0.00   99.41
16:11:25     all    0.00    0.00    0.47    0.00    0.00    0.00    0.00    0.00    0.00   99.53
16:11:26     all    0.00    0.00    0.47    0.00    0.00    0.03    0.00    0.00    0.00   99.50
16:11:27     all    0.00    0.00    0.63    0.00    0.00    0.00    0.00    0.00    0.00   99.37
16:11:28     all    0.00    0.00    0.38    0.00    0.00    0.00    0.00    0.00    0.00   99.62
16:11:29     all    0.00    0.00    0.69    0.00    0.00    0.00    0.00    0.00    0.00   99.31
16:11:30     all    0.06    0.00    0.56    0.00    0.00    0.00    0.00    0.00    0.00   99.37
16:11:31     all    0.00    0.00    0.59    0.00    0.00    0.00    0.00    0.00    0.00   99.41
16:11:32     all    0.00    0.00    0.47    0.00    0.00    0.00    0.00    0.00    0.00   99.53
16:11:33     all    0.03    0.00    0.53    0.00    0.00    0.00    0.00    0.00    0.00   99.44
16:11:34     all    0.00    0.00    0.63    0.00    0.00    0.00    0.00    0.00    0.00   99.37
16:11:35     all    0.00    0.00    0.56    0.00    0.00    0.00    0.00    0.00    0.00   99.44
16:11:36     all    0.00    0.00    0.53    0.00    0.00    0.00    0.00    0.00    0.00   99.47
16:11:37     all    0.00    0.00    0.66    0.00    0.00    0.00    0.00    0.00    0.00   99.34
16:11:38     all    0.00    0.00    0.56    0.00    0.00    0.03    0.00    0.00    0.00   99.41
16:11:39     all    0.00    0.00    0.53    0.00    0.00    0.00    0.00    0.00    0.00   99.47
16:11:40     all    0.03    0.00    0.56    0.00    0.00    0.03    0.00    0.00    0.00   99.37
16:11:41     all    0.03    0.00    0.47    0.00    0.00    0.00    0.00    0.00    0.00   99.50
16:11:42     all    0.00    0.00    0.50    0.00    0.00    0.00    0.00    0.00    0.00   99.50
16:11:43     all    0.00    0.00    0.59    0.00    0.00    0.03    0.00    0.00    0.00   99.37
16:11:44     all    0.00    0.00    0.66    0.00    0.00    0.00    0.00    0.00    0.00   99.34
16:11:45     all    0.00    0.00    0.66    0.00    0.00    0.00    0.00    0.00    0.00   99.34
16:11:46     all    0.00    0.00    0.53    0.00    0.00    0.00    0.00    0.00    0.00   99.47
16:11:47     all    0.00    0.00    0.59    0.00    0.00    0.00    0.00    0.00    0.00   99.41
16:11:48     all    0.00    0.00    0.56    0.00    0.00    0.00    0.00    0.00    0.00   99.44
16:11:49     all    0.00    0.00    0.50    0.00    0.00    0.00    0.00    0.00    0.00   99.50
16:11:50     all    0.09    0.00    0.63    0.00    0.00    0.00    0.00    0.00    0.00   99.28
16:11:51     all    0.00    0.00    0.63    0.00    0.00    0.00    0.00    0.00    0.00   99.37
16:11:52     all    0.00    0.00    0.63    0.00    0.00    0.03    0.00    0.00    0.00   99.34
16:11:53     all    0.00    0.00    0.56    0.00    0.00    0.00    0.00    0.00    0.00   99.44
16:11:54     all    0.03    0.00    0.63    0.00    0.00    0.00    0.00    0.00    0.00   99.34
16:11:55     all    0.00    0.00    0.53    0.00    0.00    0.00    0.00    0.00    0.00   99.47
16:11:56     all    0.00    0.00    0.56    0.00    0.00    0.00    0.00    0.00    0.00   99.44
16:11:57     all    0.00    0.00    0.66    0.00    0.00    0.03    0.00    0.00    0.00   99.31
16:11:58     all    0.00    0.00    0.56    0.00    0.00    0.00    0.00    0.00    0.00   99.44
16:11:59     all    0.22    0.00    0.50    0.00    0.00    0.00    0.00    0.00    0.00   99.28
16:12:00     all    0.38    0.00    0.78    0.00    0.00    0.00    0.00    0.00    0.00   98.84
16:12:01     all    0.00    0.00    0.66    0.00    0.00    0.00    0.00    0.00    0.00   99.34
16:12:02     all    0.00    0.00    0.69    0.00    0.00    0.00    0.00    0.00    0.00   99.31
16:12:03     all    0.00    0.00    0.53    0.00    0.00    0.00    0.00    0.00    0.00   99.47
16:12:04     all    0.00    0.00    0.66    0.00    0.00    0.00    0.00    0.00    0.00   99.34
16:12:05     all    0.00    0.00    0.56    0.00    0.00    0.00    0.00    0.00    0.00   99.44
16:12:06     all    0.00    0.00    0.47    0.00    0.00    0.03    0.00    0.00    0.00   99.50
16:12:07     all    0.00    0.00    0.53    0.00    0.00    0.00    0.00    0.00    0.00   99.47
16:12:08     all    0.00    0.00    0.56    0.00    0.00    0.00    0.00    0.00    0.00   99.44
16:12:09     all    0.00    0.00    0.47    0.00    0.00    0.00    0.00    0.00    0.00   99.53
16:12:10     all    0.06    0.00    0.53    0.00    0.00    0.00    0.00    0.00    0.00   99.40
16:12:11     all    0.00    0.00    0.53    0.00    0.00    0.00    0.00    0.00    0.00   99.47
16:12:12     all    0.00    0.00    0.41    0.00    0.00    0.00    0.00    0.00    0.00   99.59
16:12:13     all    0.00    0.00    0.47    0.00    0.00    0.00    0.00    0.00    0.00   99.53
16:12:14     all    0.00    0.00    0.53    0.00    0.00    0.00    0.00    0.00    0.00   99.47
16:12:15     all    0.00    0.00    0.44    0.00    0.00    0.03    0.00    0.00    0.00   99.53
16:12:16     all    0.00    0.00    0.56    0.00    0.00    0.00    0.00    0.00    0.00   99.44
16:12:17     all    0.00    0.00    0.56    0.00    0.00    0.00    0.00    0.00    0.00   99.44
16:12:18     all    0.00    0.00    0.59    0.00    0.00    0.00    0.00    0.00    0.00   99.41
16:12:19     all    0.00    0.00    0.63    0.00    0.00    0.00    0.00    0.00    0.00   99.37
16:12:20     all    0.06    0.00    0.72    0.00    0.00    0.03    0.00    0.00    0.00   99.19
16:12:21     all    0.00    0.00    0.50    0.00    0.00    0.00    0.00    0.00    0.00   99.50
16:12:22     all    0.00    0.00    0.56    0.00    0.00    0.03    0.00    0.00    0.00   99.41
16:12:23     all    0.03    0.00    0.69    0.00    0.00    0.03    0.00    0.00    0.00   99.25
16:12:24     all    0.00    0.00    0.56    0.00    0.00    0.00    0.00    0.00    0.00   99.44
16:12:25     all    0.00    0.00    0.50    0.00    0.00    0.00    0.00    0.00    0.00   99.50
16:12:26     all    0.00    0.00    0.56    0.00    0.00    0.00    0.00    0.00    0.00   99.44
16:12:27     all    0.00    0.00    0.63    0.00    0.00    0.03    0.00    0.00    0.00   99.34
16:12:28     all    0.00    0.00    0.50    0.00    0.00    0.00    0.00    0.00    0.00   99.50
16:12:29     all    0.00    0.00    0.53    0.00    0.00    0.00    0.00    0.00    0.00   99.47
16:12:30     all    0.09    0.00    0.63    0.00    0.00    0.00    0.00    0.00    0.00   99.28
16:12:31     all    0.00    0.00    0.66    0.00    0.00    0.00    0.00    0.00    0.00   99.34
16:12:32     all    0.00    0.00    0.47    0.00    0.00    0.00    0.00    0.00    0.00   99.53
16:12:33     all    0.00    0.00    0.81    0.00    0.00    0.00    0.00    0.00    0.00   99.19
16:12:34     all    0.00    0.00    0.66    0.00    0.00    0.03    0.00    0.00    0.00   99.31
16:12:35     all    0.00    0.00    0.56    0.00    0.00    0.00    0.00    0.00    0.00   99.44
16:12:36     all    0.03    0.00    0.50    0.00    0.00    0.00    0.00    0.00    0.00   99.47
16:12:37     all    0.00    0.00    0.44    0.00    0.00    0.00    0.00    0.00    0.00   99.56
16:12:38     all    0.00    0.00    0.47    0.00    0.00    0.00    0.00    0.00    0.00   99.53
16:12:39     all    0.00    0.00    0.50    0.00    0.00    0.00    0.00    0.00    0.00   99.50
16:12:40     all    0.06    0.00    0.63    0.00    0.00    0.03    0.00    0.00    0.00   99.28
16:12:41     all    0.00    0.00    0.59    0.00    0.00    0.00    0.00    0.00    0.00   99.41
16:12:42     all    0.00    0.00    0.53    0.00    0.00    0.03    0.00    0.00    0.00   99.44
16:12:43     all    0.03    0.00    0.47    0.00    0.00    0.00    0.00    0.00    0.00   99.50
16:12:44     all    0.00    0.00    0.56    0.00    0.00    0.00    0.00    0.00    0.00   99.44
16:12:45     all    0.00    0.00    0.41    0.00    0.00    0.00    0.00    0.00    0.00   99.59
16:12:46     all    0.00    0.00    0.63    0.00    0.00    0.00    0.00    0.00    0.00   99.37
16:12:47     all    0.00    0.00    0.59    0.00    0.00    0.00    0.00    0.00    0.00   99.41
16:12:48     all    0.00    0.00    0.53    0.00    0.00    0.00    0.00    0.00    0.00   99.47
16:12:49     all    0.00    0.00    0.53    0.00    0.00    0.00    0.00    0.00    0.00   99.47
16:12:50     all    0.09    0.00    0.60    0.00    0.00    0.00    0.00    0.00    0.00   99.31
16:12:51     all    0.00    0.00    0.47    0.00    0.00    0.03    0.00    0.00    0.00   99.50
16:12:52     all    0.00    0.00    0.63    0.00    0.00    0.00    0.00    0.00    0.00   99.37
16:12:53     all    0.03    0.00    0.53    0.00    0.00    0.00    0.00    0.00    0.00   99.44
16:12:54     all    0.00    0.00    0.59    0.00    0.00    0.00    0.00    0.00    0.00   99.41
16:12:55     all    0.00    0.00    0.56    0.00    0.00    0.00    0.00    0.00    0.00   99.44
16:12:56     all    0.00    0.00    0.56    0.00    0.00    0.03    0.00    0.00    0.00   99.41
16:12:57     all    0.00    0.00    0.66    0.00    0.00    0.00    0.00    0.00    0.00   99.34
16:12:58     all    0.00    0.00    0.53    0.00    0.00    0.00    0.00    0.00    0.00   99.47
16:12:59     all    0.00    0.00    0.44    0.00    0.00    0.00    0.00    0.00    0.00   99.56
16:13:00     all    0.31    0.00    0.69    0.00    0.00    0.00    0.00    0.00    0.00   99.00
16:13:01     all    0.03    0.00    0.63    0.00    0.00    0.00    0.00    0.00    0.00   99.34
16:13:02     all    0.00    0.00    0.56    0.00    0.00    0.00    0.00    0.00    0.00   99.44
16:13:03     all    0.03    0.00    0.66    0.00    0.00    0.00    0.00    0.00    0.00   99.31
16:13:04     all    0.00    0.00    0.66    0.00    0.00    0.00    0.00    0.00    0.00   99.34
16:13:05     all    0.00    0.00    0.56    0.00    0.00    0.00    0.00    0.00    0.00   99.44
16:13:06     all    0.00    0.00    0.63    0.00    0.00    0.00    0.00    0.00    0.00   99.37
16:13:07     all    0.00    0.00    0.47    0.00    0.00    0.03    0.00    0.00    0.00   99.50
16:13:08     all    0.00    0.00    0.53    0.00    0.00    0.00    0.00    0.00    0.00   99.47
16:13:09     all    0.00    0.00    0.50    0.00    0.00    0.03    0.00    0.00    0.00   99.47
16:13:10     all    0.06    0.00    0.69    0.00    0.00    0.00    0.00    0.00    0.00   99.25
16:13:11     all    0.00    0.00    0.59    0.00    0.00    0.00    0.00    0.00    0.00   99.41
16:13:12     all    0.00    0.00    0.63    0.00    0.00    0.00    0.00    0.00    0.00   99.37
16:13:13     all    0.00    0.00    0.60    0.00    0.00    0.00    0.00    0.00    0.00   99.40
16:13:14     all    0.00    0.00    0.63    0.00    0.00    0.00    0.00    0.00    0.00   99.37
16:13:15     all    0.00    0.00    0.41    0.00    0.00    0.00    0.00    0.00    0.00   99.59
16:13:16     all    0.00    0.00    0.72    0.00    0.00    0.00    0.00    0.00    0.00   99.28
16:13:17     all    0.00    0.00    0.63    0.00    0.00    0.03    0.00    0.00    0.00   99.34
16:13:18     all    0.00    0.00    0.53    0.00    0.00    0.00    0.00    0.00    0.00   99.47
16:13:19     all    0.00    0.00    0.66    0.00    0.00    0.00    0.00    0.00    0.00   99.34
16:13:20     all    0.09    0.00    0.60    0.00    0.00    0.00    0.00    0.00    0.00   99.31
16:13:21     all    0.03    0.00    0.53    0.00    0.00    0.00    0.00    0.00    0.00   99.44
16:13:22     all    0.00    0.00    0.53    0.00    0.00    0.00    0.00    0.00    0.00   99.47
16:13:23     all    0.03    0.00    0.69    0.00    0.00    0.00    0.00    0.00    0.00   99.28
16:13:24     all    0.00    0.00    0.53    0.00    0.00    0.00    0.00    0.00    0.00   99.47
16:13:25     all    0.00    0.00    0.63    0.00    0.00    0.00    0.00    0.00    0.00   99.37
16:13:26     all    0.00    0.00    0.56    0.00    0.00    0.00    0.00    0.00    0.00   99.44
16:13:27     all    0.00    0.00    0.63    0.00    0.00    0.00    0.00    0.00    0.00   99.37
16:13:28     all    0.00    0.00    0.63    0.00    0.00    0.03    0.00    0.00    0.00   99.34
16:13:29     all    0.00    0.00    0.59    0.00    0.00    0.00    0.00    0.00    0.00   99.41
16:13:30     all    0.09    0.00    0.59    0.00    0.00    0.00    0.00    0.00    0.00   99.31
16:13:31     all    0.00    0.00    0.63    0.00    0.00    0.00    0.00    0.00    0.00   99.37
16:13:32     all    0.00    0.00    0.53    0.00    0.00    0.00    0.00    0.00    0.00   99.47
16:13:33     all    0.00    0.00    0.63    0.00    0.00    0.03    0.00    0.00    0.00   99.34
16:13:34     all    0.00    0.00    0.59    0.00    0.00    0.00    0.00    0.00    0.00   99.41
16:13:35     all    0.00    0.00    0.75    0.00    0.00    0.00    0.00    0.00    0.00   99.25
16:13:36     all    0.00    0.00    0.56    0.00    0.00    0.00    0.00    0.00    0.00   99.44
16:13:37     all    0.00    0.00    0.50    0.00    0.00    0.00    0.00    0.00    0.00   99.50
16:13:38     all    0.03    0.00    0.69    0.00    0.00    0.03    0.00    0.00    0.00   99.25
16:13:39     all    0.00    0.00    0.63    0.00    0.00    0.00    0.00    0.00    0.00   99.37
16:13:40     all    0.06    0.00    0.66    0.00    0.00    0.00    0.00    0.00    0.00   99.28
16:13:41     all    0.00    0.00    0.59    0.00    0.00    0.03    0.00    0.00    0.00   99.37
16:13:42     all    0.00    0.00    0.69    0.00    0.00    0.03    0.00    0.00    0.00   99.28
16:13:43     all    0.00    0.00    0.63    0.00    0.00    0.00    0.00    0.00    0.00   99.37
16:13:44     all    0.00    0.00    0.59    0.00    0.00    0.00    0.00    0.00    0.00   99.41
16:13:45     all    0.00    0.00    0.56    0.00    0.00    0.00    0.00    0.00    0.00   99.44
16:13:46     all    0.00    0.00    0.50    0.00    0.00    0.00    0.00    0.00    0.00   99.50
16:13:47     all    0.00    0.00    0.50    0.00    0.00    0.00    0.00    0.00    0.00   99.50
16:13:48     all    0.00    0.00    0.56    0.00    0.00    0.00    0.00    0.00    0.00   99.44
16:13:49     all    0.00    0.00    0.50    0.00    0.00    0.00    0.00    0.00    0.00   99.50
16:13:50     all    0.09    0.00    0.60    0.00    0.00    0.00    0.00    0.00    0.00   99.31
16:13:51     all    0.00    0.00    0.41    0.00    0.00    0.00    0.00    0.00    0.00   99.59
16:13:52     all    0.00    0.00    0.72    0.00    0.00    0.00    0.00    0.00    0.00   99.28
16:13:53     all    0.03    0.00    0.63    0.00    0.00    0.00    0.00    0.00    0.00   99.34
16:13:54     all    0.00    0.00    0.56    0.00    0.00    0.00    0.00    0.00    0.00   99.44
16:13:55     all    0.00    0.00    0.63    0.00    0.00    0.00    0.00    0.00    0.00   99.37
16:13:56     all    0.00    0.00    0.50    0.00    0.00    0.00    0.00    0.00    0.00   99.50
16:13:57     all    0.03    0.00    0.63    0.00    0.00    0.03    0.00    0.00    0.00   99.31
16:13:58     all    0.00    0.00    0.59    0.00    0.00    0.00    0.00    0.00    0.00   99.41
16:13:59     all    0.19    0.00    0.63    0.00    0.00    0.00    0.00    0.00    0.00   99.19
16:14:00     all    0.28    0.00    0.81    0.00    0.00    0.03    0.00    0.00    0.00   98.87
16:14:01     all    0.00    0.00    0.53    0.00    0.00    0.00    0.00    0.00    0.00   99.47
16:14:02     all    0.00    0.00    0.63    0.00    0.00    0.00    0.00    0.00    0.00   99.37
16:14:03     all    0.00    0.00    0.59    0.00    0.00    0.00    0.00    0.00    0.00   99.41
16:14:04     all    0.00    0.00    0.47    0.00    0.00    0.00    0.00    0.00    0.00   99.53
16:14:05     all    0.00    0.00    0.50    0.00    0.00    0.00    0.00    0.00    0.00   99.50
16:14:06     all    0.00    0.00    0.72    0.00    0.00    0.00    0.00    0.00    0.00   99.28
16:14:07     all    0.00    0.00    0.59    0.00    0.00    0.00    0.00    0.00    0.00   99.41
16:14:08     all    0.00    0.00    0.47    0.00    0.00    0.00    0.00    0.00    0.00   99.53
16:14:09     all    0.00    0.00    0.63    0.00    0.00    0.03    0.00    0.00    0.00   99.34
16:14:10     all    0.09    0.00    0.59    0.00    0.00    0.00    0.00    0.00    0.00   99.31
16:14:11     all    0.00    0.00    0.75    0.00    0.00    0.00    0.00    0.00    0.00   99.25
16:14:12     all    0.00    0.00    0.56    0.00    0.00    0.00    0.00    0.00    0.00   99.44
16:14:13     all    0.03    0.00    0.59    0.00    0.00    0.03    0.00    0.00    0.00   99.34
16:14:14     all    0.00    0.00    0.69    0.00    0.00    0.00    0.00    0.00    0.00   99.31
16:14:15     all    0.00    0.00    0.66    0.00    0.00    0.00    0.00    0.00    0.00   99.34
16:14:16     all    0.00    0.00    0.50    0.00    0.00    0.03    0.00    0.00    0.00   99.47
16:14:17     all    0.00    0.00    0.66    0.00    0.00    0.03    0.00    0.00    0.00   99.31
16:14:18     all    0.00    0.00    0.63    0.00    0.00    0.00    0.00    0.00    0.00   99.37
16:14:19     all    0.00    0.00    0.47    0.00    0.00    0.00    0.00    0.00    0.00   99.53
16:14:20     all    0.03    0.00    0.63    0.00    0.00    0.00    0.00    0.00    0.00   99.34
16:14:21     all    0.00    0.00    0.59    0.00    0.00    0.00    0.00    0.00    0.00   99.41
16:14:22     all    0.00    0.00    0.66    0.00    0.00    0.00    0.00    0.00    0.00   99.34
16:14:23     all    0.03    0.00    0.69    0.00    0.00    0.00    0.00    0.00    0.00   99.28
16:14:24     all    0.00    0.00    0.56    0.00    0.00    0.00    0.00    0.00    0.00   99.44
16:14:25     all    0.03    0.00    0.50    0.00    0.00    0.00    0.00    0.00    0.00   99.47
16:14:26     all    0.00    0.00    0.47    0.00    0.00    0.03    0.00    0.00    0.00   99.50
16:14:27     all    0.00    0.00    0.66    0.00    0.00    0.03    0.00    0.00    0.00   99.31
16:14:28     all    0.00    0.00    0.50    0.00    0.00    0.00    0.00    0.00    0.00   99.50
16:14:29     all    0.00    0.00    0.59    0.00    0.00    0.00    0.00    0.00    0.00   99.41
16:14:30     all    0.06    0.00    0.72    0.00    0.00    0.00    0.00    0.00    0.00   99.22
16:14:31     all    0.00    0.00    0.56    0.00    0.00    0.00    0.00    0.00    0.00   99.44
16:14:32     all    0.00    0.00    0.56    0.00    0.00    0.00    0.00    0.00    0.00   99.44
16:14:33     all    0.03    0.00    0.56    0.00    0.00    0.00    0.00    0.00    0.00   99.40
16:14:34     all    0.00    0.00    0.72    0.00    0.00    0.00    0.00    0.00    0.00   99.28
16:14:35     all    0.00    0.00    0.56    0.00    0.00    0.00    0.00    0.00    0.00   99.44
16:14:36     all    0.00    0.00    0.59    0.00    0.00    0.00    0.00    0.00    0.00   99.41
16:14:37     all    0.00    0.00    0.53    0.00    0.00    0.00    0.00    0.00    0.00   99.47
16:14:38     all    0.03    0.00    0.53    0.00    0.00    0.03    0.00    0.00    0.00   99.41
16:14:39     all    0.00    0.00    0.47    0.00    0.00    0.00    0.00    0.00    0.00   99.53
16:14:40     all    0.03    0.00    0.72    0.00    0.00    0.00    0.00    0.00    0.00   99.25
16:14:41     all    0.00    0.00    0.66    0.00    0.00    0.00    0.00    0.00    0.00   99.34
16:14:42     all    0.00    0.00    0.66    0.00    0.00    0.00    0.00    0.00    0.00   99.34
16:14:43     all    0.00    0.00    0.66    0.00    0.00    0.03    0.00    0.00    0.00   99.31
16:14:44     all    0.00    0.00    0.69    0.00    0.00    0.00    0.00    0.00    0.00   99.31
16:14:45     all    0.00    0.00    0.53    0.00    0.00    0.00    0.00    0.00    0.00   99.47
16:14:46     all    0.00    0.00    0.63    0.00    0.00    0.00    0.00    0.00    0.00   99.37
16:14:47     all    0.00    0.00    0.63    0.00    0.00    0.00    0.00    0.00    0.00   99.37
16:14:48     all    0.00    0.00    0.50    0.00    0.00    0.00    0.00    0.00    0.00   99.50
16:14:49     all    0.00    0.00    0.56    0.00    0.00    0.00    0.00    0.00    0.00   99.44
16:14:50     all    0.09    0.00    0.53    0.00    0.00    0.00    0.00    0.00    0.00   99.37
16:14:51     all    0.00    0.00    0.63    0.00    0.00    0.00    0.00    0.00    0.00   99.37
16:14:52     all    0.00    0.00    0.63    0.00    0.00    0.00    0.00    0.00    0.00   99.37
16:14:53     all    0.00    0.00    0.72    0.00    0.00    0.03    0.00    0.00    0.00   99.25
16:14:54     all    0.03    0.00    0.56    0.00    0.00    0.00    0.00    0.00    0.00   99.41
16:14:55     all    0.00    0.00    0.66    0.00    0.00    0.03    0.00    0.00    0.00   99.31
16:14:56     all    0.00    0.00    0.66    0.00    0.00    0.00    0.00    0.00    0.00   99.34
16:14:57     all    0.00    0.00    0.59    0.00    0.00    0.00    0.00    0.00    0.00   99.41
16:14:58     all    0.00    0.00    0.59    0.00    0.00    0.00    0.00    0.00    0.00   99.41
16:14:59     all    0.00    0.00    0.59    0.00    0.00    0.00    0.00    0.00    0.00   99.41
16:15:00     all    0.28    0.00    0.81    0.00    0.00    0.03    0.00    0.00    0.00   98.87
16:15:01     all    0.03    0.00    0.66    0.00    0.00    0.03    0.00    0.00    0.00   99.28
16:15:02     all    0.00    0.00    0.50    0.00    0.00    0.00    0.00    0.00    0.00   99.50
16:15:03     all    0.06    0.00    0.47    0.00    0.00    0.00    0.00    0.00    0.00   99.47
16:15:04     all    0.00    0.00    0.66    0.00    0.00    0.00    0.00    0.00    0.00   99.34
16:15:05     all    0.00    0.00    0.66    0.00    0.00    0.00    0.00    0.00    0.00   99.34
16:15:06     all    0.00    0.00    0.59    0.00    0.00    0.00    0.00    0.00    0.00   99.41
16:15:07     all    0.00    0.00    0.59    0.00    0.00    0.00    0.00    0.00    0.00   99.41
16:15:08     all    0.03    0.00    0.53    0.00    0.00    0.00    0.00    0.00    0.00   99.44
16:15:09     all    0.00    0.00    0.53    0.00    0.00    0.00    0.00    0.00    0.00   99.47
16:15:10     all    0.09    0.00    0.59    0.00    0.00    0.00    0.00    0.00    0.00   99.31
16:15:11     all    0.00    0.00    0.53    0.00    0.00    0.00    0.00    0.00    0.00   99.47
16:15:12     all    0.00    0.00    0.53    0.00    0.00    0.00    0.00    0.00    0.00   99.47
16:15:13     all    0.00    0.00    0.53    0.00    0.00    0.00    0.00    0.00    0.00   99.47
16:15:14     all    0.00    0.00    0.47    0.00    0.00    0.00    0.00    0.00    0.00   99.53
16:15:15     all    0.00    0.00    0.03    0.00    0.00    0.00    0.00    0.00    0.00   99.97
16:15:16     all    0.00    0.00    0.03    0.00    0.00    0.00    0.00    0.00    0.00   99.97
16:15:17     all    0.00    0.00    0.00    0.00    0.00    0.00    0.00    0.00    0.00  100.00
16:15:18     all    0.00    0.00    0.00    0.00    0.00    0.00    0.00    0.00    0.00  100.00
16:15:19     all    0.00    0.00    3.85    0.00    0.00    2.73    0.00    0.00    0.00   93.42
16:15:20     all    0.10    0.10    2.64    0.00    0.00    1.50    0.00    0.00    0.00   95.67
16:15:21     all    0.00    0.00    3.24    0.00    0.00    1.69    0.00    0.00    0.00   95.07
16:15:22     all    0.00    0.00    3.47    0.00    0.00    2.00    0.00    0.00    0.00   94.53
16:15:23     all    0.00    0.00    3.19    0.00    0.00    1.82    0.00    0.00    0.00   95.00
16:15:24     all    0.00    0.00    2.91    0.00    0.00    1.69    0.00    0.00    0.00   95.40
16:15:25     all    0.00    0.00    2.87    0.00    0.00    1.46    0.00    0.00    0.00   95.67
16:15:26     all    0.03    0.03    3.32    0.00    0.00    1.76    0.00    0.00    0.00   94.86
16:15:27     all    0.00    0.00    3.24    0.00    0.00    1.91    0.00    0.00    0.00   94.85
16:15:28     all    0.00    0.00    3.23    0.00    0.00    1.85    0.00    0.00    0.00   94.92
16:15:29     all    0.00    0.00    3.57    0.00    0.00    1.59    0.00    0.00    0.00   94.83
16:15:30     all    0.10    0.00    3.37    0.00    0.00    1.85    0.00    0.00    0.00   94.68
16:15:31     all    0.00    0.00    3.07    0.00    0.00    1.82    0.00    0.00    0.00   95.10
16:15:32     all    0.00    0.03    3.02    0.00    0.00    1.85    0.00    0.00    0.00   95.10
16:15:33     all    0.03    0.00    2.49    0.00    0.00    1.31    0.00    0.00    0.00   96.18
16:15:34     all    0.00    0.00    3.25    0.00    0.00    2.01    0.00    0.00    0.00   94.74
16:15:35     all    0.00    0.00    2.98    0.00    0.00    1.95    0.00    0.00    0.00   95.07
16:15:36     all    0.00    0.00    3.09    0.00    0.00    1.66    0.00    0.00    0.00   95.25
16:15:37     all    0.00    0.03    3.10    0.00    0.00    1.82    0.00    0.00    0.00   95.04
16:15:38     all    0.00    0.00    2.91    0.00    0.00    1.73    0.00    0.00    0.00   95.36
16:15:39     all    0.00    0.03    3.45    0.00    0.00    1.53    0.00    0.00    0.00   94.99
16:15:40     all    0.10    0.00    3.03    0.00    0.00    1.31    0.00    0.00    0.00   95.57
16:15:41     all    0.00    0.00    3.48    0.00    0.00    1.63    0.00    0.00    0.00   94.90
16:15:42     all    0.00    0.03    3.06    0.00    0.00    1.69    0.00    0.00    0.00   95.22
16:15:43     all    0.00    0.00    3.12    0.00    0.00    1.72    0.00    0.00    0.00   95.17
16:15:44     all    0.00    0.00    2.94    0.00    0.00    1.44    0.00    0.00    0.00   95.63
16:15:45     all    0.00    0.00    3.40    0.00    0.00    1.91    0.00    0.00    0.00   94.69
16:15:46     all    0.00    0.00    2.52    0.00    0.00    1.56    0.00    0.00    0.00   95.92
16:15:47     all    0.00    0.00    0.00    0.00    0.00    0.00    0.00    0.00    0.00  100.00
16:15:48     all    0.00    0.00    0.03    0.00    0.00    0.00    0.00    0.00    0.00   99.97
16:15:49     all    0.00    0.00    0.00    0.00    0.00    0.00    0.00    0.00    0.00  100.00
16:15:50     all    0.06    0.00    0.06    0.00    0.00    0.00    0.00    0.00    0.00   99.87
16:15:51     all    0.03    0.00    0.03    0.00    0.00    0.00    0.00    0.00    0.00   99.94
16:15:52     all    0.00    0.00    0.00    0.00    0.00    0.00    0.00    0.00    0.00  100.00
16:15:53     all    0.03    0.00    0.03    0.00    0.00    0.00    0.00    0.00    0.00   99.94
16:15:54     all    0.00    0.00    0.00    0.00    0.00    0.00    0.00    0.00    0.00  100.00
16:15:55     all    0.00    0.00    0.00    0.00    0.00    0.00    0.00    0.00    0.00  100.00
16:15:56     all    0.00    0.00    0.03    0.00    0.00    0.00    0.00    0.00    0.00   99.97
16:15:57     all    0.00    0.00    0.00    0.00    0.00    0.00    0.00    0.00    0.00  100.00
16:15:58     all    0.00    0.00    0.03    0.00    0.00    0.00    0.00    0.00    0.00   99.97
16:15:59     all    0.00    0.00    0.00    0.00    0.00    0.00    0.00    0.00    0.00  100.00
16:16:00     all    0.31    0.00    0.16    0.00    0.00    0.00    0.00    0.00    0.00   99.53
16:16:01     all    0.00    0.00    0.03    0.00    0.00    0.00    0.00    0.00    0.00   99.97
16:16:02     all    0.00    0.00    0.00    0.00    0.00    0.00    0.00    0.00    0.00  100.00
16:16:03     all    0.03    0.00    0.03    0.00    0.00    0.00    0.00    0.00    0.00   99.94
16:16:04     all    0.00    0.00    0.03    0.00    0.00    0.00    0.00    0.00    0.00   99.97
16:16:05     all    0.00    0.00    0.00    0.00    0.00    0.00    0.00    0.00    0.00  100.00
16:16:06     all    0.00    0.00    0.00    0.00    0.00    0.00    0.00    0.00    0.00  100.00
16:16:07     all    0.00    0.00    0.00    0.00    0.00    0.00    0.00    0.00    0.00  100.00
16:16:08     all    0.03    0.00    0.00    0.00    0.00    0.00    0.00    0.00    0.00   99.97
16:16:09     all    0.31    0.00    0.00    0.00    0.00    0.00    0.00    0.00    0.00   99.69
16:16:10     all    0.13    0.00    0.03    0.00    0.00    0.00    0.00    0.00    0.00   99.84
16:16:11     all    0.00    0.00    0.00    0.00    0.00    0.00    0.00    0.00    0.00  100.00
16:16:12     all    0.00    0.00    0.00    0.00    0.00    0.00    0.00    0.00    0.00  100.00
16:16:13     all    0.03    0.00    0.00    0.00    0.00    0.00    0.00    0.00    0.00   99.97
16:16:14     all    0.00    0.00    0.00    0.00    0.00    0.00    0.00    0.00    0.00  100.00
16:16:15     all    0.00    0.00    0.03    0.00    0.00    0.00    0.00    0.00    0.00   99.97
16:16:16     all    0.00    0.00    0.00    0.00    0.00    0.00    0.00    0.00    0.00  100.00
16:16:17     all    0.00    0.00    0.00    0.00    0.00    0.00    0.00    0.00    0.00  100.00
16:16:18     all    0.00    0.00    0.00    0.00    0.00    0.00    0.00    0.00    0.00  100.00
16:16:19     all    0.00    0.00    0.00    0.00    0.00    0.00    0.00    0.00    0.00  100.00
16:16:20     all    0.09    0.00    0.06    0.00    0.00    0.00    0.00    0.00    0.00   99.84
16:16:21     all    0.00    0.00    0.00    0.00    0.00    0.00    0.00    0.00    0.00  100.00
16:16:22     all    0.00    0.00    0.00    0.00    0.00    0.00    0.00    0.00    0.00  100.00
16:16:23     all    0.03    0.00    0.00    0.00    0.00    0.00    0.00    0.00    0.00   99.97
16:16:24     all    0.00    0.00    0.00    0.00    0.00    0.00    0.00    0.00    0.00  100.00
16:16:25     all    0.00    0.00    0.00    0.00    0.00    0.00    0.00    0.00    0.00  100.00
16:16:26     all    0.00    0.00    0.00    0.00    0.00    0.00    0.00    0.00    0.00  100.00
16:16:27     all    0.00    0.00    0.00    0.00    0.00    0.00    0.00    0.00    0.00  100.00
16:16:28     all    0.00    0.00    0.00    0.00    0.00    0.00    0.00    0.00    0.00  100.00
16:16:29     all    0.00    0.00    0.00    0.00    0.00    0.00    0.00    0.00    0.00  100.00
16:16:30     all    0.09    0.00    0.03    0.00    0.00    0.03    0.00    0.00    0.00   99.84
16:16:31     all    0.00    0.00    0.00    0.00    0.00    0.00    0.00    0.00    0.00  100.00
16:16:32     all    0.00    0.00    0.00    0.00    0.00    0.00    0.00    0.00    0.00  100.00
16:16:33     all    0.03    0.00    0.03    0.00    0.00    0.00    0.00    0.00    0.00   99.94
16:16:34     all    0.00    0.00    0.00    0.00    0.00    0.00    0.00    0.00    0.00  100.00
16:16:35     all    0.00    0.00    0.00    0.00    0.00    0.00    0.00    0.00    0.00  100.00
16:16:36     all    0.03    0.00    0.00    0.00    0.00    0.00    0.00    0.00    0.00   99.97
16:16:37     all    0.00    0.00    0.03    0.00    0.00    0.00    0.00    0.00    0.00   99.97
16:16:38     all    0.00    0.00    0.00    0.00    0.00    0.00    0.00    0.00    0.00  100.00
16:16:39     all    0.00    0.00    0.03    0.00    0.00    0.00    0.00    0.00    0.00   99.97
16:16:40     all    0.06    0.00    0.09    0.00    0.00    0.00    0.00    0.00    0.00   99.84
16:16:41     all    0.00    0.00    0.00    0.00    0.00    0.00    0.00    0.00    0.00  100.00
16:16:42     all    0.00    0.00    0.03    0.00    0.00    0.00    0.00    0.00    0.00   99.97
16:16:43     all    0.03    0.00    0.00    0.00    0.00    0.00    0.00    0.00    0.00   99.97
16:16:44     all    0.00    0.00    0.03    0.00    0.00    0.00    0.00    0.00    0.00   99.97
16:16:45     all    0.00    0.00    0.00    0.00    0.00    0.00    0.00    0.00    0.00  100.00
16:16:46     all    0.00    0.00    0.03    0.00    0.00    0.00    0.00    0.00    0.00   99.97
16:16:47     all    0.00    0.00    0.00    0.00    0.00    0.00    0.00    0.00    0.00  100.00
16:16:48     all    0.03    0.00    0.00    0.00    0.00    0.00    0.00    0.00    0.00   99.97
16:16:49     all    0.00    0.00    0.00    0.00    0.00    0.00    0.00    0.00    0.00  100.00
16:16:50     all    0.09    0.00    0.06    0.00    0.00    0.00    0.00    0.00    0.00   99.84
16:16:51     all    0.00    0.00    0.00    0.00    0.00    0.00    0.00    0.00    0.00  100.00
16:16:52     all    0.00    0.00    0.00    0.00    0.00    0.00    0.00    0.00    0.00  100.00
16:16:53     all    0.03    0.00    0.00    0.00    0.00    0.00    0.00    0.00    0.00   99.97
16:16:54     all    0.00    0.00    0.00    0.00    0.00    0.00    0.00    0.00    0.00  100.00
16:16:55     all    0.00    0.00    0.00    0.00    0.00    0.00    0.00    0.00    0.00  100.00
16:16:56     all    0.00    0.00    0.00    0.00    0.00    0.00    0.00    0.00    0.00  100.00
16:16:57     all    0.00    0.00    0.00    0.00    0.00    0.00    0.00    0.00    0.00  100.00
16:16:58     all    0.00    0.00    0.00    0.00    0.00    0.00    0.00    0.00    0.00  100.00
16:16:59     all    0.00    0.00    0.00    0.00    0.00    0.00    0.00    0.00    0.00  100.00
16:17:00     all    0.34    0.00    0.13    0.00    0.00    0.00    0.00    0.00    0.00   99.53
16:17:01     all    0.03    0.00    0.03    0.00    0.00    0.03    0.00    0.00    0.00   99.91
16:17:02     all    0.00    0.00    0.00    0.00    0.00    0.00    0.00    0.00    0.00  100.00
16:17:03     all    0.03    0.00    0.03    0.00    0.00    0.00    0.00    0.00    0.00   99.94
16:17:04     all    0.00    0.00    0.00    0.00    0.00    0.00    0.00    0.00    0.00  100.00
16:17:05     all    0.00    0.00    0.00    0.00    0.00    0.00    0.00    0.00    0.00  100.00
16:17:06     all    0.00    0.00    0.00    0.00    0.00    0.00    0.00    0.00    0.00  100.00
16:17:07     all    0.00    0.00    0.00    0.00    0.00    0.00    0.00    0.00    0.00  100.00
16:17:08     all    0.00    0.00    0.00    0.00    0.00    0.00    0.00    0.00    0.00  100.00
16:17:09     all    0.00    0.00    0.00    0.00    0.00    0.00    0.00    0.00    0.00  100.00
16:17:10     all    0.06    0.00    0.06    0.00    0.00    0.00    0.00    0.00    0.00   99.87
16:17:11     all    0.00    0.00    0.00    0.00    0.00    0.00    0.00    0.00    0.00  100.00
16:17:12     all    0.00    0.00    0.00    0.00    0.00    0.00    0.00    0.00    0.00  100.00
16:17:13     all    0.03    0.00    0.03    0.00    0.00    0.00    0.00    0.00    0.00   99.94
16:17:14     all    0.00    0.00    0.00    0.00    0.00    0.00    0.00    0.00    0.00  100.00
16:17:15     all    0.00    0.00    0.00    0.00    0.00    0.00    0.00    0.00    0.00  100.00
16:17:16     all    0.00    0.00    0.00    0.00    0.00    0.00    0.00    0.00    0.00  100.00
16:17:17     all    0.03    0.00    0.00    0.00    0.00    0.00    0.00    0.00    0.00   99.97
16:17:18     all    0.00    0.00    0.00    0.00    0.00    0.00    0.00    0.00    0.00  100.00
16:17:19     all    0.00    0.00    0.00    0.00    0.00    0.00    0.00    0.00    0.00  100.00
16:17:20     all    0.06    0.00    0.06    0.00    0.00    0.00    0.00    0.00    0.00   99.87
16:17:21     all    0.00    0.00    0.03    0.00    0.00    0.00    0.00    0.00    0.00   99.97
16:17:22     all    0.00    0.00    0.00    0.00    0.00    0.00    0.00    0.00    0.00  100.00
16:17:23     all    0.00    0.00    0.06    0.00    0.00    0.00    0.00    0.00    0.00   99.94
16:17:24     all    0.00    0.00    0.00    0.00    0.00    0.00    0.00    0.00    0.00  100.00
16:17:25     all    0.00    0.00    0.03    0.00    0.00    0.00    0.00    0.00    0.00   99.97
16:17:26     all    0.00    0.00    0.00    0.00    0.00    0.00    0.00    0.00    0.00  100.00
16:17:27     all    0.00    0.00    0.00    0.00    0.00    0.00    0.00    0.00    0.00  100.00
16:17:28     all    0.00    0.00    0.03    0.00    0.00    0.00    0.00    0.00    0.00   99.97
16:17:29     all    0.00    0.00    0.03    0.00    0.00    0.00    0.00    0.00    0.00   99.97
16:17:30     all    0.09    0.00    0.09    0.00    0.00    0.00    0.00    0.00    0.00   99.81
16:17:31     all    0.00    0.00    0.03    0.00    0.00    0.00    0.00    0.00    0.00   99.97
16:17:32     all    0.00    0.00    0.00    0.00    0.00    0.00    0.00    0.00    0.00  100.00
16:17:33     all    0.00    0.00    0.00    0.00    0.00    0.00    0.00    0.00    0.00  100.00
16:17:34     all    0.00    0.00    0.03    0.00    0.00    0.00    0.00    0.00    0.00   99.97
16:17:35     all    0.00    3.18    1.42    0.00    0.00    0.57    0.00    0.00    0.00   94.84
16:17:36     all    0.00    4.60    1.84    0.00    0.00    0.54    0.00    0.00    0.00   93.02
16:17:37     all    0.00    4.06    2.55    0.00    0.00    0.82    0.00    0.00    0.00   92.57
16:17:38     all    0.00    6.59    3.58    0.00    0.00    1.96    0.00    0.00    0.00   87.87
16:17:39     all    0.00    4.18    4.92    0.00    0.00    2.77    0.00    0.00    0.00   88.13
16:17:40     all    0.06    0.32    2.91    0.00    0.00    1.62    0.00    0.00    0.00   95.09
16:17:41     all    0.00    2.59    2.28    0.00    0.00    0.89    0.00    0.00    0.00   94.24
16:17:42     all    0.00   34.59    5.66    0.00    0.00    2.12    0.00    0.00    0.00   57.63
16:17:43     all    0.03   16.70    7.80    0.00    0.00    4.08    0.00    0.00    0.00   71.39
16:17:44     all    0.00    1.81    8.00    0.00    0.00    4.60    0.00    0.00    0.00   85.58
16:17:45     all    0.00    0.74    4.67    0.00    0.00    2.05    0.00    0.00    0.00   92.54
16:17:46     all    0.00    8.05    9.26    0.00    0.00    4.98    0.00    0.00    0.00   77.71
16:17:47     all    0.00    4.53   10.01    0.00    0.00    5.70    0.00    0.00    0.00   79.76
16:17:48     all    0.00    0.71    6.19    0.00    0.00    3.77    0.00    0.00    0.00   89.32
16:17:49     all    0.00   11.31    3.54    0.00    0.00    1.42    0.00    0.00    0.00   83.72
16:17:50     all    0.10   31.31    6.15    0.00    0.00    2.36    0.00    0.00    0.00   60.08
16:17:51     all    0.00   10.96    9.25    0.00    0.00    5.03    0.00    0.00    0.00   74.76
16:17:52     all    0.00    2.12    7.86    0.00    0.00    4.46    0.00    0.00    0.00   85.57
16:17:53     all    0.00    4.81    2.44    0.00    0.00    1.36    0.00    0.00    0.00   91.39
16:17:54     all    0.00    7.03    9.48    0.00    0.00    5.06    0.00    0.00    0.00   78.42
16:17:55     all    0.00    2.43    7.58    0.00    0.00    3.99    0.00    0.00    0.00   86.00
16:17:56     all    0.00    0.89    1.17    0.00    0.00    0.32    0.00    0.00    0.00   97.63
16:17:57     all    0.00   19.22    4.49    0.00    0.00    1.40    0.00    0.00    0.00   74.90
16:17:58     all    0.03   30.43    5.85    0.00    0.00    2.51    0.00    0.00    0.00   61.18
16:17:59     all    0.00    5.60    3.82    0.00    0.00    2.29    0.00    0.00    0.00   88.30
16:18:00     all    0.29    1.90    4.76    0.00    0.00    2.41    0.00    0.00    0.00   90.64
16:18:01     all    0.00    1.98    4.98    0.00    0.00    2.81    0.00    0.00    0.00   90.24
16:18:02     all    0.00    6.94    4.65    0.00    0.00    2.55    0.00    0.00    0.00   85.87
16:18:03     all    0.03    5.42    9.03    0.00    0.00    4.77    0.00    0.00    0.00   80.74
16:18:04     all    0.00    3.56    5.77    0.00    0.00    2.98    0.00    0.00    0.00   87.68
16:18:05     all    0.00    2.20    1.57    0.00    0.00    0.47    0.00    0.00    0.00   95.75
16:18:06     all    0.03   25.72    5.85    0.00    0.00    2.12    0.00    0.00    0.00   66.28
16:18:07     all    0.00   27.16    7.17    0.00    0.00    3.20    0.00    0.00    0.00   62.48
16:18:08     all    0.00    6.75    8.24    0.00    0.00    4.57    0.00    0.00    0.00   80.44
16:18:09     all    0.00    3.63    6.51    0.00    0.00    3.40    0.00    0.00    0.00   86.47
16:18:10     all    0.06    1.61    2.24    0.00    0.00    0.98    0.00    0.00    0.00   95.11
16:18:11     all    0.00   10.20    9.09    0.00    0.00    5.03    0.00    0.00    0.00   75.67
16:18:12     all    0.00    7.28    8.04    0.00    0.00    3.65    0.00    0.00    0.00   81.03
16:18:13     all    0.03    0.38    6.10    0.00    0.00    3.21    0.00    0.00    0.00   90.28
16:18:14     all    0.00   15.10    3.94    0.00    0.00    1.65    0.00    0.00    0.00   79.31
16:18:15     all    0.00   29.21    5.46    0.00    0.00    2.34    0.00    0.00    0.00   62.99
16:18:16     all    0.00   30.74    6.35    0.00    0.00    2.98    0.00    0.00    0.00   59.94
16:18:17     all    0.00    5.93    6.80    0.00    0.00    4.22    0.00    0.00    0.00   83.04
16:18:18     all    0.00    2.09    7.03    0.00    0.00    3.30    0.00    0.00    0.00   87.58
16:18:19     all    0.32    2.82    3.29    0.00    0.00    1.42    0.00    0.00    0.00   92.15
16:18:20     all    0.10   10.16    8.71    0.00    0.00    4.24    0.00    0.00    0.00   76.78
16:18:21     all    0.00    6.78    7.58    0.00    0.00    3.87    0.00    0.00    0.00   81.76
16:18:22     all    0.00    0.48    5.52    0.00    0.00    3.47    0.00    0.00    0.00   90.53
16:18:23     all    0.00    9.50    4.38    0.00    0.00    2.00    0.00    0.00    0.00   84.12
16:18:24     all    0.00   30.63    6.15    0.00    0.00    2.23    0.00    0.00    0.00   60.98
16:18:25     all    0.00   33.81    5.94    0.00    0.00    2.30    0.00    0.00    0.00   57.95
16:18:26     all    0.00   19.07    7.22    0.00    0.00    3.40    0.00    0.00    0.00   70.30
16:18:27     all    0.00    4.00    5.44    0.00    0.00    2.82    0.00    0.00    0.00   87.75
16:18:28     all    0.00    1.87    2.19    0.00    0.00    1.08    0.00    0.00    0.00   94.86
16:18:29     all    0.00    9.40    7.07    0.00    0.00    4.24    0.00    0.00    0.00   79.29
16:18:30     all    0.10    8.29    6.37    0.00    0.00    3.59    0.00    0.00    0.00   81.65
16:18:31     all    0.00    1.69    5.21    0.00    0.00    2.65    0.00    0.00    0.00   90.45
16:18:32     all    0.00    7.33    3.12    0.00    0.00    1.15    0.00    0.00    0.00   88.40
16:18:33     all    0.00   29.17    6.13    0.00    0.00    2.35    0.00    0.00    0.00   62.35
16:18:34     all    0.00   33.48    5.84    0.00    0.00    2.46    0.00    0.00    0.00   58.22
16:18:35     all    0.00   20.54    6.69    0.00    0.00    4.07    0.00    0.00    0.00   68.70
16:18:36     all    0.00    3.55    7.75    0.00    0.00    3.71    0.00    0.00    0.00   84.98
16:18:37     all    0.00    9.64    7.60    0.00    0.00    3.74    0.00    0.00    0.00   79.02
16:18:38     all    0.00    2.00    3.85    0.00    0.00    1.84    0.00    0.00    0.00   92.30
16:18:39     all    0.00    0.19    0.16    0.00    0.00    0.00    0.00    0.00    0.00   99.66
16:18:40     all    0.06    2.73    1.38    0.00    0.00    0.47    0.00    0.00    0.00   95.36
16:18:41     all    0.00    2.77    0.88    0.00    0.00    0.19    0.00    0.00    0.00   96.16
16:18:42     all    0.00    2.42    0.85    0.00    0.00    0.41    0.00    0.00    0.00   96.32
16:18:43     all    0.00    2.67    1.25    0.00    0.00    0.35    0.00    0.00    0.00   95.73
16:18:44     all    0.00    2.55    0.91    0.00    0.00    0.31    0.00    0.00    0.00   96.23
16:18:45     all    0.03    2.60    1.29    0.00    0.00    0.53    0.00    0.00    0.00   95.55
16:18:46     all    0.00    2.55    1.01    0.00    0.00    0.47    0.00    0.00    0.00   95.97
16:18:47     all    0.00    2.65    0.79    0.00    0.00    0.28    0.00    0.00    0.00   96.28
16:18:48     all    0.03    2.42    1.13    0.00    0.00    0.35    0.00    0.00    0.00   96.07
16:18:49     all    0.00    2.48    1.22    0.00    0.00    0.60    0.00    0.00    0.00   95.70
16:18:50     all    0.10    1.02    1.75    0.00    0.00    0.92    0.00    0.00    0.00   96.22
16:18:51     all    0.00    0.00    1.87    0.00    0.00    0.44    0.00    0.00    0.00   97.69
16:18:52     all    0.00    0.03    2.69    0.00    0.00    1.33    0.00    0.00    0.00   95.95
16:18:53     all    0.00    1.26    1.54    0.00    0.00    0.47    0.00    0.00    0.00   96.72
16:18:54     all    0.00    0.03    2.12    0.00    0.00    1.30    0.00    0.00    0.00   96.56
16:18:55     all    0.00    0.00    2.02    0.00    0.00    1.20    0.00    0.00    0.00   96.77
16:18:56     all    0.00    0.00    2.67    0.00    0.00    1.27    0.00    0.00    0.00   96.06
16:18:57     all    0.00    0.00    1.62    0.00    0.00    0.51    0.00    0.00    0.00   97.88
16:18:58     all    0.00    0.00    2.95    0.00    0.00    1.68    0.00    0.00    0.00   95.37
16:18:59     all    0.00    1.04    1.39    0.00    0.00    0.54    0.00    0.00    0.00   97.03
16:19:00     all    0.38    0.28    1.68    0.00    0.00    0.73    0.00    0.00    0.00   96.93
16:19:01     all    0.00    0.03    1.68    0.00    0.00    0.73    0.00    0.00    0.00   97.56
16:19:02     all    0.00    0.00    2.84    0.00    0.00    1.36    0.00    0.00    0.00   95.80
16:19:03     all    0.00    0.03    2.53    0.00    0.00    0.85    0.00    0.00    0.00   96.59
16:19:04     all    0.00    0.00    2.53    0.00    0.00    1.04    0.00    0.00    0.00   96.42
16:19:05     all    0.00    0.03    2.03    0.00    0.00    0.95    0.00    0.00    0.00   96.98
16:19:06     all    0.00    0.25    1.86    0.00    0.00    0.85    0.00    0.00    0.00   97.03
16:19:07     all    0.00    0.00    1.61    0.00    0.00    0.76    0.00    0.00    0.00   97.64
16:19:08     all    0.00    0.95    1.90    0.00    0.00    0.66    0.00    0.00    0.00   96.49
16:19:09     all    0.00    0.03    1.90    0.00    0.00    0.86    0.00    0.00    0.00   97.21
16:19:10     all    0.10    0.00    3.17    0.00    0.00    1.65    0.00    0.00    0.00   95.08
16:19:11     all    0.00    0.00    1.58    0.00    0.00    0.63    0.00    0.00    0.00   97.79
16:19:12     all    0.00    0.03    1.33    0.00    0.00    0.51    0.00    0.00    0.00   98.13
16:19:13     all    0.03    0.03    2.47    0.00    0.00    1.52    0.00    0.00    0.00   95.95
16:19:14     all    0.00    0.00    2.41    0.00    0.00    1.14    0.00    0.00    0.00   96.46
16:19:15     all    0.00    0.00    2.09    0.00    0.00    1.14    0.00    0.00    0.00   96.76
16:19:16     all    0.00    0.03    1.90    0.00    0.00    0.89    0.00    0.00    0.00   97.18
16:19:17     all    0.00    0.89    1.40    0.00    0.00    0.48    0.00    0.00    0.00   97.24
16:19:18     all    0.00    0.03    2.12    0.00    0.00    0.92    0.00    0.00    0.00   96.93
16:19:19     all    0.00    0.00    1.83    0.00    0.00    0.79    0.00    0.00    0.00   97.38
16:19:20     all    0.06    0.03    2.24    0.00    0.00    0.85    0.00    0.00    0.00   96.81
16:19:21     all    0.00    0.03    2.70    0.00    0.00    1.34    0.00    0.00    0.00   95.93
16:19:22     all    0.00    0.00    1.14    0.00    0.00    0.51    0.00    0.00    0.00   98.35
16:19:23     all    0.03    0.00    2.22    0.00    0.00    0.98    0.00    0.00    0.00   96.76
16:19:24     all    0.00    0.00    1.71    0.00    0.00    0.73    0.00    0.00    0.00   97.56
16:19:25     all    0.00    0.47    1.23    0.00    0.00    0.51    0.00    0.00    0.00   97.79
16:19:26     all    0.00    0.00    1.43    0.00    0.00    0.51    0.00    0.00    0.00   98.07
16:19:27     all    0.00    0.03    1.45    0.00    0.00    0.44    0.00    0.00    0.00   98.08
16:19:28     all    0.00    0.00    1.67    0.00    0.00    0.66    0.00    0.00    0.00   97.67
16:19:29     all    0.00    0.44    1.36    0.00    0.00    0.57    0.00    0.00    0.00   97.63
16:19:30     all    0.06    0.63    1.68    0.00    0.00    0.60    0.00    0.00    0.00   97.03
16:19:31     all    0.00    0.03    1.77    0.00    0.00    0.86    0.00    0.00    0.00   97.34
16:19:32     all    0.00    0.00    2.30    0.00    0.00    0.76    0.00    0.00    0.00   96.94
16:19:33     all    0.03    0.03    2.38    0.00    0.00    1.14    0.00    0.00    0.00   96.42
16:19:34     all    0.00    0.00    2.40    0.00    0.00    1.30    0.00    0.00    0.00   96.30
16:19:35     all    0.00    0.00    2.96    0.00    0.00    1.40    0.00    0.00    0.00   95.64
16:19:36     all    0.00    0.00    2.06    0.00    0.00    1.04    0.00    0.00    0.00   96.90
16:19:37     all    0.00    0.00    2.78    0.00    0.00    1.31    0.00    0.00    0.00   95.91
16:19:38     all    0.00    0.03    2.63    0.00    0.00    1.36    0.00    0.00    0.00   95.97
16:19:39     all    0.00    0.82    0.82    0.00    0.00    0.35    0.00    0.00    0.00   98.01
16:19:40     all    0.10    0.00    3.31    0.00    0.00    1.46    0.00    0.00    0.00   95.13
16:19:41     all    0.00    0.03    1.13    0.00    0.00    0.38    0.00    0.00    0.00   98.46
16:19:42     all    0.00    0.00    0.00    0.00    0.00    0.00    0.00    0.00    0.00  100.00
16:19:43     all    0.03    0.00    0.25    0.00    0.00    0.00    0.00    0.00    0.00   99.72
16:19:44     all    0.00    0.00    0.00    0.00    0.00    0.00    0.00    0.00    0.00  100.00
16:19:45     all    0.00    0.00    0.00    0.00    0.00    0.00    0.00    0.00    0.00  100.00
16:19:46     all    0.00    0.00    0.00    0.00    0.00    0.00    0.00    0.00    0.00  100.00
16:19:47     all    0.03    0.00    0.00    0.00    0.00    0.00    0.00    0.00    0.00   99.97
16:19:48     all    0.03    0.00    0.00    0.00    0.00    0.00    0.00    0.00    0.00   99.97
16:19:49     all    0.00    0.00    0.00    0.00    0.00    0.00    0.00    0.00    0.00  100.00
16:19:50     all    0.06    0.00    0.09    0.00    0.00    0.00    0.00    0.00    0.00   99.84
16:19:51     all    0.00    0.00    0.00    0.00    0.00    0.00    0.00    0.00    0.00  100.00
16:19:52     all    0.00    0.00    0.03    0.00    0.00    0.00    0.00    0.00    0.00   99.97
16:19:53     all    0.00    0.00    0.03    0.00    0.00    0.00    0.00    0.00    0.00   99.97
16:19:54     all    0.00    0.00    0.03    0.00    0.00    0.00    0.00    0.00    0.00   99.97
16:19:55     all    0.00    0.00    0.00    0.00    0.00    0.00    0.00    0.00    0.00  100.00
16:19:56     all    0.03    0.00    0.03    0.00    0.00    0.00    0.00    0.00    0.00   99.94
16:19:57     all    0.00    0.00    0.00    0.00    0.00    0.00    0.00    0.00    0.00  100.00
16:19:58     all    0.00    0.00    0.00    0.00    0.00    0.00    0.00    0.00    0.00  100.00
16:19:59     all    0.00    0.00    0.00    0.00    0.00    0.00    0.00    0.00    0.00  100.00
16:20:00     all    0.34    0.00    0.22    0.00    0.00    0.03    0.00    0.00    0.00   99.41
16:20:01     all    0.00    0.00    0.00    0.00    0.00    0.00    0.00    0.00    0.00  100.00

Average:     all    0.02    1.26    1.30    0.00    0.00    0.52    0.00    0.00    0.00   96.91
