Linux 4.20.0+ (eternitystorage) 	01/15/24 	_x86_64_	(32 CPU)

20:48:15     CPU    %usr   %nice    %sys %iowait    %irq   %soft  %steal  %guest  %gnice   %idle
20:48:16     all    0.00    0.00    0.00    0.00    0.00    0.00    0.00    0.00    0.00  100.00
20:48:17     all    0.00    0.00    0.03    0.00    0.00    0.00    0.00    0.00    0.00   99.97
20:48:18     all    0.00    0.03    0.66    0.00    0.00    0.03    0.00    0.00    0.00   99.28
20:48:19     all    0.00    0.00    1.28    0.00    0.00    0.03    0.00    0.00    0.00   98.68
20:48:20     all    0.13    0.00    1.82    0.00    0.00    0.06    0.00    0.00    0.00   97.99
20:48:21     all    0.00    0.00    1.82    0.00    0.00    0.06    0.00    0.00    0.00   98.12
20:48:22     all    0.00    0.00    1.94    0.00    0.00    0.13    0.00    0.00    0.00   97.93
20:48:23     all    0.00    0.00    3.20    0.00    0.00    0.19    0.00    0.00    0.00   96.61
20:48:24     all    0.00    0.00    3.52    0.00    0.00    0.19    0.00    0.00    0.00   96.30
20:48:25     all    0.00    0.00    3.49    0.00    0.00    0.25    0.00    0.00    0.00   96.26
20:48:26     all    0.03    0.00    3.58    0.00    0.00    0.19    0.00    0.00    0.00   96.20
20:48:27     all    0.00    0.00    3.24    0.00    0.00    0.25    0.00    0.00    0.00   96.51
20:48:28     all    0.00    0.00    3.18    0.00    0.00    0.22    0.00    0.00    0.00   96.60
20:48:29     all    0.00    0.00    3.24    0.00    0.00    0.19    0.00    0.00    0.00   96.57
20:48:30     all    0.09    0.00    3.55    0.00    0.00    0.22    0.00    0.00    0.00   96.14
20:48:31     all    0.00    0.00    3.39    0.00    0.00    0.22    0.00    0.00    0.00   96.39
20:48:32     all    0.00    0.00    3.27    0.00    0.00    0.25    0.00    0.00    0.00   96.48
20:48:33     all    0.00    0.00    3.51    0.00    0.00    0.28    0.00    0.00    0.00   96.20
20:48:34     all    0.00    0.00    3.06    0.00    0.00    0.13    0.00    0.00    0.00   96.81
20:48:35     all    0.00    0.00    3.54    0.00    0.00    0.22    0.00    0.00    0.00   96.24
20:48:36     all    0.00    0.00    3.12    0.00    0.00    0.22    0.00    0.00    0.00   96.66
20:48:37     all    0.03    0.00    3.33    0.00    0.00    0.25    0.00    0.00    0.00   96.39
20:48:38     all    0.00    0.00    2.87    0.00    0.00    0.28    0.00    0.00    0.00   96.85
20:48:39     all    0.00    0.00    3.37    0.00    0.00    0.16    0.00    0.00    0.00   96.48
20:48:40     all    0.06    0.00    3.43    0.00    0.00    0.16    0.00    0.00    0.00   96.35
20:48:41     all    0.00    0.00    3.31    0.00    0.00    0.16    0.00    0.00    0.00   96.54
20:48:42     all    0.00    0.00    3.21    0.00    0.00    0.19    0.00    0.00    0.00   96.60
20:48:43     all    0.00    0.00    3.30    0.00    0.00    0.28    0.00    0.00    0.00   96.42
20:48:44     all    0.00    0.00    3.36    0.00    0.00    0.16    0.00    0.00    0.00   96.48
20:48:45     all    0.00    0.00    3.42    0.00    0.00    0.25    0.00    0.00    0.00   96.33
20:48:46     all    0.00    0.00    3.15    0.00    0.00    0.22    0.00    0.00    0.00   96.63
20:48:47     all    0.00    0.00    3.33    0.00    0.00    0.16    0.00    0.00    0.00   96.51
20:48:48     all    0.00    0.00    3.15    0.00    0.00    0.25    0.00    0.00    0.00   96.60
20:48:49     all    0.00    0.00    3.33    0.00    0.00    0.22    0.00    0.00    0.00   96.45
20:48:50     all    0.09    0.00    3.34    0.00    0.00    0.19    0.00    0.00    0.00   96.38
20:48:51     all    0.00    0.00    3.48    0.00    0.00    0.22    0.00    0.00    0.00   96.30
20:48:52     all    0.00    0.00    3.39    0.00    0.00    0.19    0.00    0.00    0.00   96.42
20:48:53     all    0.00    0.00    3.09    0.00    0.00    0.16    0.00    0.00    0.00   96.75
20:48:54     all    0.00    0.00    3.55    0.00    0.00    0.22    0.00    0.00    0.00   96.23
20:48:55     all    0.00    0.00    3.34    0.00    0.00    0.16    0.00    0.00    0.00   96.51
20:48:56     all    0.00    0.00    3.39    0.00    0.00    0.22    0.00    0.00    0.00   96.39
20:48:57     all    0.00    0.00    3.27    0.00    0.00    0.16    0.00    0.00    0.00   96.57
20:48:58     all    0.00    0.00    3.30    0.00    0.00    0.16    0.00    0.00    0.00   96.54
20:48:59     all    0.00    0.00    3.12    0.00    0.00    0.16    0.00    0.00    0.00   96.72
20:49:00     all    0.50    0.00    3.28    0.00    0.00    0.25    0.00    0.00    0.00   95.97
20:49:01     all    0.00    0.00    3.21    0.00    0.00    0.31    0.00    0.00    0.00   96.48
20:49:02     all    0.00    0.00    3.61    0.00    0.00    0.25    0.00    0.00    0.00   96.14
20:49:03     all    0.00    0.00    3.27    0.00    0.00    0.28    0.00    0.00    0.00   96.45
20:49:04     all    0.00    0.00    3.43    0.00    0.00    0.16    0.00    0.00    0.00   96.42
20:49:05     all    0.03    0.00    3.48    0.00    0.00    0.28    0.00    0.00    0.00   96.20
20:49:06     all    0.00    0.00    3.55    0.00    0.00    0.19    0.00    0.00    0.00   96.26
20:49:07     all    0.00    0.00    3.12    0.00    0.00    0.22    0.00    0.00    0.00   96.66
20:49:08     all    0.00    0.00    2.99    0.00    0.00    0.22    0.00    0.00    0.00   96.78
20:49:09     all    0.00    0.00    3.17    0.00    0.00    0.25    0.00    0.00    0.00   96.58
20:49:10     all    0.06    0.00    3.40    0.00    0.00    0.22    0.00    0.00    0.00   96.32
20:49:11     all    0.00    0.00    3.43    0.00    0.00    0.16    0.00    0.00    0.00   96.42
20:49:12     all    0.00    0.00    3.18    0.00    0.00    0.22    0.00    0.00    0.00   96.60
20:49:13     all    0.00    0.00    3.12    0.00    0.00    0.22    0.00    0.00    0.00   96.66
20:49:14     all    0.00    0.00    3.46    0.00    0.00    0.13    0.00    0.00    0.00   96.42
20:49:15     all    0.00    0.00    3.18    0.00    0.00    0.19    0.00    0.00    0.00   96.63
20:49:16     all    0.00    0.00    3.12    0.00    0.00    0.16    0.00    0.00    0.00   96.72
20:49:17     all    0.00    0.00    3.24    0.00    0.00    0.16    0.00    0.00    0.00   96.60
20:49:18     all    0.03    0.00    3.12    0.00    0.00    0.25    0.00    0.00    0.00   96.60
20:49:19     all    0.00    0.00    3.05    0.00    0.00    0.38    0.00    0.00    0.00   96.57
20:49:20     all    0.09    0.00    3.15    0.00    0.00    0.19    0.00    0.00    0.00   96.56
20:49:21     all    0.00    0.00    3.33    0.00    0.00    0.22    0.00    0.00    0.00   96.45
20:49:22     all    0.00    0.00    3.48    0.00    0.00    0.25    0.00    0.00    0.00   96.27
20:49:23     all    0.00    0.00    3.30    0.00    0.00    0.25    0.00    0.00    0.00   96.45
20:49:24     all    0.00    0.00    3.43    0.00    0.00    0.13    0.00    0.00    0.00   96.45
20:49:25     all    0.00    0.00    3.39    0.00    0.00    0.22    0.00    0.00    0.00   96.39
20:49:26     all    0.00    0.00    3.00    0.00    0.00    0.22    0.00    0.00    0.00   96.78
20:49:27     all    0.00    0.00    3.31    0.00    0.00    0.09    0.00    0.00    0.00   96.60
20:49:28     all    0.00    0.00    3.36    0.00    0.00    0.25    0.00    0.00    0.00   96.39
20:49:29     all    0.00    0.00    3.39    0.00    0.00    0.22    0.00    0.00    0.00   96.39
20:49:30     all    0.09    0.00    3.19    0.00    0.00    0.13    0.00    0.00    0.00   96.59
20:49:31     all    0.00    0.00    3.30    0.00    0.00    0.19    0.00    0.00    0.00   96.51
20:49:32     all    0.00    0.00    3.42    0.00    0.00    0.19    0.00    0.00    0.00   96.39
20:49:33     all    0.03    0.00    3.51    0.00    0.00    0.31    0.00    0.00    0.00   96.15
20:49:34     all    0.00    0.00    3.31    0.00    0.00    0.16    0.00    0.00    0.00   96.54
20:49:35     all    0.00    0.00    3.36    0.00    0.00    0.19    0.00    0.00    0.00   96.45
20:49:36     all    0.00    0.00    3.18    0.00    0.00    0.19    0.00    0.00    0.00   96.63
20:49:37     all    0.00    0.00    3.33    0.00    0.00    0.19    0.00    0.00    0.00   96.48
20:49:38     all    0.00    0.00    3.49    0.00    0.00    0.16    0.00    0.00    0.00   96.36
20:49:39     all    0.03    0.00    3.45    0.00    0.00    0.34    0.00    0.00    0.00   96.17
20:49:40     all    0.16    0.00    3.62    0.00    0.00    0.25    0.00    0.00    0.00   95.97
20:49:41     all    0.03    0.00    3.27    0.00    0.00    0.25    0.00    0.00    0.00   96.45
20:49:42     all    0.00    0.00    3.03    0.00    0.00    0.22    0.00    0.00    0.00   96.75
20:49:43     all    0.22    0.00    3.49    0.00    0.00    0.13    0.00    0.00    0.00   96.16
20:49:44     all    0.00    0.00    3.15    0.00    0.00    0.13    0.00    0.00    0.00   96.72
20:49:45     all    0.00    0.00    3.67    0.00    0.00    0.28    0.00    0.00    0.00   96.05
20:49:46     all    0.03    0.03    3.33    0.00    0.00    0.19    0.00    0.00    0.00   96.42
20:49:47     all    0.00    0.00    3.14    0.00    0.00    0.25    0.00    0.00    0.00   96.60
20:49:48     all    0.00    0.00    3.37    0.00    0.00    0.19    0.00    0.00    0.00   96.44
20:49:49     all    0.00    0.00    3.36    0.00    0.00    0.38    0.00    0.00    0.00   96.26
20:49:50     all    0.09    0.00    3.67    0.00    0.00    0.16    0.00    0.00    0.00   96.08
20:49:51     all    0.03    0.00    3.28    0.00    0.00    0.19    0.00    0.00    0.00   96.50
20:49:52     all    0.00    0.00    3.15    0.00    0.00    0.35    0.00    0.00    0.00   96.51
20:49:53     all    0.00    0.00    3.49    0.00    0.00    0.22    0.00    0.00    0.00   96.30
20:49:54     all    0.03    0.00    3.48    0.00    0.00    0.31    0.00    0.00    0.00   96.17
20:49:55     all    0.03    0.00    3.27    0.00    0.00    0.22    0.00    0.00    0.00   96.47
20:49:56     all    0.00    0.00    3.06    0.00    0.00    0.19    0.00    0.00    0.00   96.75
20:49:57     all    0.03    0.00    3.61    0.00    0.00    0.38    0.00    0.00    0.00   95.99
20:49:58     all    0.00    0.00    3.33    0.00    0.00    0.25    0.00    0.00    0.00   96.42
20:49:59     all    0.00    0.00    3.42    0.00    0.00    0.22    0.00    0.00    0.00   96.36
20:50:00     all    0.44    0.00    3.49    0.00    0.00    0.28    0.00    0.00    0.00   95.79
20:50:01     all    0.00    0.00    3.18    0.00    0.00    0.19    0.00    0.00    0.00   96.63
20:50:02     all    0.00    0.00    3.42    0.00    0.00    0.31    0.00    0.00    0.00   96.27
20:50:03     all    0.03    0.00    3.60    0.00    0.00    0.19    0.00    0.00    0.00   96.18
20:50:04     all    0.00    0.00    3.18    0.00    0.00    0.25    0.00    0.00    0.00   96.57
20:50:05     all    0.00    0.00    3.21    0.00    0.00    0.19    0.00    0.00    0.00   96.60
20:50:06     all    0.00    0.00    3.09    0.00    0.00    0.19    0.00    0.00    0.00   96.72
20:50:07     all    0.03    0.00    3.12    0.00    0.00    0.19    0.00    0.00    0.00   96.66
20:50:08     all    0.00    0.00    3.36    0.00    0.00    0.31    0.00    0.00    0.00   96.33
20:50:09     all    0.00    0.00    3.34    0.00    0.00    0.22    0.00    0.00    0.00   96.44
20:50:10     all    0.13    0.00    3.43    0.00    0.00    0.16    0.00    0.00    0.00   96.29
20:50:11     all    0.03    0.00    3.46    0.00    0.00    0.19    0.00    0.00    0.00   96.32
20:50:12     all    0.03    0.00    3.23    0.00    0.00    0.13    0.00    0.00    0.00   96.61
20:50:13     all    0.00    0.00    3.31    0.00    0.00    0.13    0.00    0.00    0.00   96.57
20:50:14     all    0.03    0.00    3.49    0.00    0.00    0.19    0.00    0.00    0.00   96.29
20:50:15     all    0.00    0.00    3.46    0.00    0.00    0.19    0.00    0.00    0.00   96.35
20:50:16     all    0.00    0.00    3.33    0.00    0.00    0.19    0.00    0.00    0.00   96.48
20:50:17     all    0.03    0.00    3.63    0.00    0.00    0.31    0.00    0.00    0.00   96.02
20:50:18     all    0.03    0.00    3.28    0.00    0.00    0.16    0.00    0.00    0.00   96.53
20:50:19     all    0.00    0.00    3.03    0.00    0.00    0.19    0.00    0.00    0.00   96.78
20:50:20     all    0.09    0.00    3.49    0.00    0.00    0.28    0.00    0.00    0.00   96.13
20:50:21     all    0.00    0.00    3.70    0.00    0.00    0.19    0.00    0.00    0.00   96.11
20:50:22     all    0.00    0.00    3.03    0.00    0.00    0.22    0.00    0.00    0.00   96.75
20:50:23     all    0.03    0.00    3.49    0.00    0.00    0.25    0.00    0.00    0.00   96.23
20:50:24     all    0.03    0.00    2.96    0.00    0.00    0.16    0.00    0.00    0.00   96.85
20:50:25     all    0.00    0.00    3.21    0.00    0.00    0.16    0.00    0.00    0.00   96.63
20:50:26     all    0.00    0.00    3.33    0.00    0.00    0.28    0.00    0.00    0.00   96.38
20:50:27     all    0.06    0.00    3.58    0.00    0.00    0.19    0.00    0.00    0.00   96.17
20:50:28     all    0.00    0.00    3.30    0.00    0.00    0.25    0.00    0.00    0.00   96.45
20:50:29     all    0.00    0.00    3.46    0.00    0.00    0.22    0.00    0.00    0.00   96.32
20:50:30     all    0.09    0.00    3.58    0.00    0.00    0.25    0.00    0.00    0.00   96.07
20:50:31     all    0.00    0.00    3.33    0.00    0.00    0.22    0.00    0.00    0.00   96.45
20:50:32     all    0.03    0.00    3.27    0.00    0.00    0.16    0.00    0.00    0.00   96.54
20:50:33     all    0.03    0.00    3.40    0.00    0.00    0.16    0.00    0.00    0.00   96.42
20:50:34     all    0.00    0.00    2.94    0.00    0.00    0.22    0.00    0.00    0.00   96.84
20:50:35     all    0.00    0.00    3.37    0.00    0.00    0.19    0.00    0.00    0.00   96.44
20:50:36     all    0.00    0.00    3.06    0.00    0.00    0.28    0.00    0.00    0.00   96.66
20:50:37     all    0.00    0.00    3.58    0.00    0.00    0.22    0.00    0.00    0.00   96.20
20:50:38     all    0.03    0.00    3.36    0.00    0.00    0.25    0.00    0.00    0.00   96.35
20:50:39     all    0.00    0.00    3.39    0.00    0.00    0.25    0.00    0.00    0.00   96.35
20:50:40     all    0.13    0.00    3.58    0.00    0.00    0.19    0.00    0.00    0.00   96.10
20:50:41     all    0.00    0.00    3.39    0.00    0.00    0.25    0.00    0.00    0.00   96.36
20:50:42     all    0.00    0.00    3.12    0.00    0.00    0.19    0.00    0.00    0.00   96.69
20:50:43     all    0.00    0.00    3.51    0.00    0.00    0.35    0.00    0.00    0.00   96.14
20:50:44     all    0.03    0.00    3.33    0.00    0.00    0.31    0.00    0.00    0.00   96.32
20:50:45     all    0.00    0.00    3.28    0.00    0.00    0.13    0.00    0.00    0.00   96.60
20:50:46     all    0.00    0.00    3.49    0.00    0.00    0.19    0.00    0.00    0.00   96.32
20:50:47     all    0.03    0.00    3.37    0.00    0.00    0.16    0.00    0.00    0.00   96.45
20:50:48     all    0.00    0.00    2.81    0.00    0.00    0.19    0.00    0.00    0.00   97.00
20:50:49     all    0.06    0.00    3.18    0.00    0.00    0.25    0.00    0.00    0.00   96.51
20:50:50     all    0.09    0.00    3.46    0.00    0.00    0.22    0.00    0.00    0.00   96.22
20:50:51     all    0.00    0.00    3.21    0.00    0.00    0.19    0.00    0.00    0.00   96.60
20:50:52     all    0.03    0.00    3.73    0.00    0.00    0.28    0.00    0.00    0.00   95.96
20:50:53     all    0.00    0.00    3.43    0.00    0.00    0.25    0.00    0.00    0.00   96.32
20:50:54     all    0.00    0.00    3.03    0.00    0.00    0.22    0.00    0.00    0.00   96.75
20:50:55     all    0.00    0.00    3.52    0.00    0.00    0.19    0.00    0.00    0.00   96.29
20:50:56     all    0.00    0.00    3.46    0.00    0.00    0.19    0.00    0.00    0.00   96.35
20:50:57     all    0.00    0.00    3.09    0.00    0.00    0.22    0.00    0.00    0.00   96.69
20:50:58     all    0.03    0.00    3.36    0.00    0.00    0.25    0.00    0.00    0.00   96.36
20:50:59     all    0.03    0.00    3.27    0.00    0.00    0.22    0.00    0.00    0.00   96.48
20:51:00     all    0.41    0.00    3.19    0.00    0.00    0.28    0.00    0.00    0.00   96.12
20:51:01     all    0.00    0.00    3.61    0.00    0.00    0.16    0.00    0.00    0.00   96.23
20:51:02     all    0.00    0.00    3.39    0.00    0.00    0.16    0.00    0.00    0.00   96.45
20:51:03     all    0.03    0.00    3.40    0.00    0.00    0.09    0.00    0.00    0.00   96.48
20:51:04     all    0.03    0.00    3.49    0.00    0.00    0.22    0.00    0.00    0.00   96.26
20:51:05     all    0.00    0.00    3.33    0.00    0.00    0.16    0.00    0.00    0.00   96.51
20:51:06     all    0.03    0.00    3.33    0.00    0.00    0.25    0.00    0.00    0.00   96.39
20:51:07     all    0.03    0.00    3.39    0.00    0.00    0.31    0.00    0.00    0.00   96.26
20:51:08     all    0.00    0.00    3.48    0.00    0.00    0.22    0.00    0.00    0.00   96.30
20:51:09     all    0.03    0.00    3.12    0.00    0.00    0.19    0.00    0.00    0.00   96.66
20:51:10     all    0.09    0.00    3.55    0.00    0.00    0.35    0.00    0.00    0.00   96.01
20:51:11     all    0.00    0.00    3.31    0.00    0.00    0.16    0.00    0.00    0.00   96.54
20:51:12     all    0.03    0.00    3.09    0.00    0.00    0.13    0.00    0.00    0.00   96.75
20:51:13     all    0.00    0.00    3.49    0.00    0.00    0.22    0.00    0.00    0.00   96.29
20:51:14     all    0.00    0.00    3.00    0.00    0.00    0.09    0.00    0.00    0.00   96.90
20:51:15     all    0.03    0.00    3.64    0.00    0.00    0.19    0.00    0.00    0.00   96.14
20:51:16     all    0.00    0.00    3.37    0.00    0.00    0.16    0.00    0.00    0.00   96.47
20:51:17     all    0.00    0.00    3.18    0.00    0.00    0.25    0.00    0.00    0.00   96.57
20:51:18     all    0.03    0.00    3.55    0.00    0.00    0.13    0.00    0.00    0.00   96.29
20:51:19     all    0.00    0.00    3.31    0.00    0.00    0.19    0.00    0.00    0.00   96.51
20:51:20     all    0.09    0.00    3.58    0.00    0.00    0.25    0.00    0.00    0.00   96.08
20:51:21     all    0.00    0.00    3.52    0.00    0.00    0.25    0.00    0.00    0.00   96.23
20:51:22     all    0.03    0.00    3.21    0.00    0.00    0.25    0.00    0.00    0.00   96.51
20:51:23     all    0.00    0.00    3.52    0.00    0.00    0.19    0.00    0.00    0.00   96.30
20:51:24     all    0.00    0.00    3.27    0.00    0.00    0.25    0.00    0.00    0.00   96.47
20:51:25     all    0.00    0.00    3.00    0.00    0.00    0.25    0.00    0.00    0.00   96.75
20:51:26     all    0.00    0.00    3.40    0.00    0.00    0.16    0.00    0.00    0.00   96.45
20:51:27     all    0.00    0.00    3.43    0.00    0.00    0.22    0.00    0.00    0.00   96.35
20:51:28     all    0.00    0.00    3.60    0.00    0.00    0.28    0.00    0.00    0.00   96.12
20:51:29     all    0.06    0.00    3.61    0.00    0.00    0.22    0.00    0.00    0.00   96.11
20:51:30     all    0.06    0.00    3.58    0.00    0.00    0.22    0.00    0.00    0.00   96.13
20:51:31     all    0.00    0.00    3.18    0.00    0.00    0.25    0.00    0.00    0.00   96.57
20:51:32     all    0.06    0.00    3.37    0.00    0.00    0.13    0.00    0.00    0.00   96.44
20:51:33     all    0.00    0.00    3.33    0.00    0.00    0.19    0.00    0.00    0.00   96.48
20:51:34     all    0.00    0.00    2.92    0.00    0.00    0.09    0.00    0.00    0.00   96.99
20:51:35     all    0.00    0.00    2.67    0.00    0.00    0.09    0.00    0.00    0.00   97.24
20:51:36     all    0.00    0.00    4.13    0.00    0.00    1.75    0.00    0.00    0.00   94.13
20:51:37     all    0.00    0.00    7.27    0.00    0.00    4.30    0.00    0.00    0.00   88.43
20:51:38     all    0.06    2.36   11.16    0.00    0.00    4.88    0.00    0.00    0.00   81.53
20:51:39     all    0.00   11.70   12.34    0.00    0.00    5.62    0.00    0.00    0.00   70.34
20:51:40     all    0.13   21.29   13.81    0.00    0.00    5.61    0.00    0.00    0.00   59.16
20:51:41     all    0.03   13.78   14.73    0.00    0.00    5.65    0.00    0.00    0.00   65.81
20:51:42     all    0.00   10.96   15.27    0.00    0.00    5.93    0.00    0.00    0.00   67.83
20:51:43     all    0.00   10.06   16.14    0.00    0.00    6.40    0.00    0.00    0.00   67.41
20:51:44     all    0.03   18.29   14.66    0.00    0.00    5.36    0.00    0.00    0.00   61.66
20:51:45     all    0.00   10.46   16.30    0.00    0.00    5.75    0.00    0.00    0.00   67.50
20:51:46     all    0.00   11.85   14.41    0.00    0.00    6.73    0.00    0.00    0.00   67.01
20:51:47     all    0.03   17.34   14.05    0.00    0.00    5.30    0.00    0.00    0.00   63.27
20:51:48     all    0.03   16.17   13.98    0.00    0.00    5.55    0.00    0.00    0.00   64.27
20:51:49     all    0.00   15.00   14.35    0.00    0.00    5.47    0.00    0.00    0.00   65.18
20:51:50     all    0.13   16.19   14.37    0.00    0.00    5.31    0.00    0.00    0.00   63.99
20:51:51     all    0.00   21.20   13.41    0.00    0.00    5.79    0.00    0.00    0.00   59.60
20:51:52     all    0.00   18.32   13.54    0.00    0.00    6.00    0.00    0.00    0.00   62.14
20:51:53     all    0.06    8.93   15.84    0.00    0.00    6.49    0.00    0.00    0.00   68.68
20:51:54     all    0.00    9.81   14.96    0.00    0.00    6.10    0.00    0.00    0.00   69.13
20:51:55     all    0.00   13.53   15.04    0.00    0.00    6.38    0.00    0.00    0.00   65.04
20:51:56     all    0.03   13.12   14.95    0.00    0.00    5.44    0.00    0.00    0.00   66.46
20:51:57     all    0.03    8.99   15.82    0.00    0.00    6.35    0.00    0.00    0.00   68.80
20:51:58     all    0.00   15.17   14.71    0.00    0.00    5.84    0.00    0.00    0.00   64.28
20:51:59     all    0.00   19.01   13.50    0.00    0.00    5.96    0.00    0.00    0.00   61.53
20:52:00     all    0.65   21.21   13.16    0.00    0.00    4.96    0.00    0.00    0.00   60.02
20:52:01     all    0.00    3.04   15.80    0.00    0.00    7.53    0.00    0.00    0.00   73.63
20:52:02     all    0.03    8.47   20.15    0.00    0.00    8.92    0.00    0.00    0.00   62.42
20:52:03     all    0.00   14.68   18.39    0.00    0.00    8.03    0.00    0.00    0.00   58.90
20:52:04     all    0.00   16.75   22.59    0.00    0.00    8.88    0.00    0.00    0.00   51.78
20:52:05     all    0.00   21.64   25.41    0.00    0.00    9.31    0.00    0.00    0.00   43.64
20:52:06     all    0.00   19.41   26.07    0.00    0.00    9.71    0.00    0.00    0.00   44.81
20:52:07     all    0.03   32.02   26.47    0.00    0.00    9.65    0.00    0.00    0.00   31.83
20:52:08     all    0.00   29.24   27.21    0.00    0.00    9.09    0.00    0.00    0.00   34.46
20:52:09     all    0.00   19.97   27.48    0.00    0.00    9.96    0.00    0.00    0.00   42.59
20:52:10     all    0.13   28.39   27.49    0.00    0.00    8.97    0.00    0.00    0.00   35.02
20:52:11     all    0.00   27.36   27.62    0.00    0.00    9.13    0.00    0.00    0.00   35.89
20:52:12     all    0.00   24.99   27.50    0.00    0.00    8.86    0.00    0.00    0.00   38.65
20:52:13     all    0.00   30.54   27.42    0.00    0.00    8.70    0.00    0.00    0.00   33.34
20:52:14     all    0.03   38.63   26.69    0.00    0.00    9.56    0.00    0.00    0.00   25.08
20:52:15     all    0.00   37.06   26.56    0.00    0.00    9.11    0.00    0.00    0.00   27.27
20:52:16     all    0.03   27.07   27.52    0.00    0.00    9.02    0.00    0.00    0.00   36.35
20:52:17     all    0.00   24.09   27.95    0.00    0.00    8.82    0.00    0.00    0.00   39.13
20:52:18     all    0.03   26.62   27.74    0.00    0.00    8.75    0.00    0.00    0.00   36.85
20:52:19     all    0.00   38.16   27.72    0.00    0.00    8.59    0.00    0.00    0.00   25.54
20:52:20     all    0.06   40.87   26.48    0.00    0.00    9.02    0.00    0.00    0.00   23.57
20:52:21     all    0.03   45.20   26.58    0.00    0.00    8.66    0.00    0.00    0.00   19.53
20:52:22     all    0.03   30.05   27.69    0.00    0.00    9.34    0.00    0.00    0.00   32.89
20:52:23     all    0.00   26.79   26.60    0.00    0.00    9.09    0.00    0.00    0.00   37.51
20:52:24     all    0.00   27.98   27.30    0.00    0.00    8.55    0.00    0.00    0.00   36.17
20:52:25     all    0.00   33.42   26.94    0.00    0.00    8.47    0.00    0.00    0.00   31.17
20:52:26     all    0.00   39.18   26.77    0.00    0.00    9.27    0.00    0.00    0.00   24.78
20:52:27     all    0.00   32.99   27.23    0.00    0.00    9.56    0.00    0.00    0.00   30.22
20:52:28     all    0.03   35.08   27.34    0.00    0.00    8.94    0.00    0.00    0.00   28.60
20:52:29     all    0.00   33.47   27.15    0.00    0.00    8.93    0.00    0.00    0.00   30.44
20:52:30     all    0.03   22.77   27.76    0.00    0.00    9.43    0.00    0.00    0.00   40.01
20:52:31     all    0.03   21.83   28.02    0.00    0.00    9.32    0.00    0.00    0.00   40.81
20:52:32     all    0.00   29.64   27.01    0.00    0.00    9.59    0.00    0.00    0.00   33.75
20:52:33     all    0.00   27.97   28.07    0.00    0.00    9.04    0.00    0.00    0.00   34.93
20:52:34     all    0.00   33.32   27.91    0.00    0.00    8.65    0.00    0.00    0.00   30.12
20:52:35     all    0.00   46.53   26.22    0.00    0.00    9.33    0.00    0.00    0.00   17.92
20:52:36     all    0.03   40.09   27.16    0.00    0.00    8.76    0.00    0.00    0.00   23.96
20:52:37     all    0.00   40.16   26.84    0.00    0.00    9.13    0.00    0.00    0.00   23.87
20:52:38     all    0.00   37.21   26.19    0.00    0.00    9.51    0.00    0.00    0.00   27.09
20:52:39     all    0.06   21.05   27.96    0.00    0.00    8.62    0.00    0.00    0.00   42.30
20:52:40     all    0.13   16.51   28.24    0.00    0.00    8.99    0.00    0.00    0.00   46.13
20:52:41     all    0.00   18.87   28.01    0.00    0.00    8.95    0.00    0.00    0.00   44.17
20:52:42     all    0.00   31.17   27.64    0.00    0.00    8.50    0.00    0.00    0.00   32.69
20:52:43     all    0.00   32.53   27.06    0.00    0.00    8.81    0.00    0.00    0.00   31.59
20:52:44     all    0.03   28.99   27.25    0.00    0.00    9.09    0.00    0.00    0.00   34.63
20:52:45     all    0.06   39.79   27.40    0.00    0.00    8.76    0.00    0.00    0.00   23.99
20:52:46     all    0.00   41.30   26.96    0.00    0.00    9.36    0.00    0.00    0.00   22.38
20:52:47     all    0.00   40.81   26.53    0.00    0.00    9.37    0.00    0.00    0.00   23.30
20:52:48     all    0.00   23.25   27.96    0.00    0.00    8.64    0.00    0.00    0.00   40.15
20:52:49     all    0.00   20.38   28.34    0.00    0.00    8.85    0.00    0.00    0.00   42.43
20:52:50     all    0.13   29.16   27.94    0.00    0.00    8.83    0.00    0.00    0.00   33.94
20:52:51     all    0.00   28.47   27.28    0.00    0.00    8.92    0.00    0.00    0.00   35.33
20:52:52     all    0.00   26.30   26.98    0.00    0.00    9.24    0.00    0.00    0.00   37.48
20:52:53     all    0.03   24.12   27.69    0.00    0.00    9.01    0.00    0.00    0.00   39.14
20:52:54     all    0.00   25.37   26.95    0.00    0.00    9.36    0.00    0.00    0.00   38.33
20:52:55     all    0.00   28.73   22.67    0.00    0.00    9.06    0.00    0.00    0.00   39.54
20:52:56     all    0.03   33.77   21.99    0.00    0.00    8.42    0.00    0.00    0.00   35.79
20:52:57     all    0.00   20.10   24.43    0.00    0.00    9.45    0.00    0.00    0.00   46.02
20:52:58     all    0.00   23.02   24.04    0.00    0.00    9.55    0.00    0.00    0.00   43.39
20:52:59     all    0.00   28.78   23.81    0.00    0.00    8.90    0.00    0.00    0.00   38.52
20:53:00     all    0.52   41.23   21.75    0.00    0.00    8.72    0.00    0.00    0.00   27.78
20:53:01     all    0.00   34.57   22.37    0.00    0.00    8.68    0.00    0.00    0.00   34.38
20:53:02     all    0.03   31.41   22.70    0.00    0.00    8.94    0.00    0.00    0.00   36.92
20:53:03     all    0.03   31.19   22.70    0.00    0.00    8.46    0.00    0.00    0.00   37.62
20:53:04     all    0.00   43.36   20.85    0.00    0.00    9.24    0.00    0.00    0.00   26.55
20:53:05     all    0.00   33.80   22.38    0.00    0.00    8.82    0.00    0.00    0.00   35.00
20:53:06     all    0.03   28.30   22.90    0.00    0.00    8.67    0.00    0.00    0.00   40.09
20:53:07     all    0.00   19.76   24.50    0.00    0.00    9.10    0.00    0.00    0.00   46.64
20:53:08     all    0.03   24.96   23.58    0.00    0.00    8.97    0.00    0.00    0.00   42.46
20:53:09     all    0.00   42.40   18.89    0.00    0.00    8.10    0.00    0.00    0.00   30.61
20:53:10     all    0.10   50.39   17.60    0.00    0.00    7.57    0.00    0.00    0.00   24.34
20:53:11     all    0.00   50.61   17.43    0.00    0.00    7.11    0.00    0.00    0.00   24.86
20:53:12     all    0.00   37.79   20.24    0.00    0.00    8.14    0.00    0.00    0.00   33.83
20:53:13     all    0.00   23.37   22.30    0.00    0.00    9.13    0.00    0.00    0.00   45.21
20:53:14     all    0.03   12.84   23.92    0.00    0.00    9.52    0.00    0.00    0.00   53.69
20:53:15     all    0.00    6.89   24.96    0.00    0.00    9.07    0.00    0.00    0.00   59.08
20:53:16     all    0.00    9.75   25.13    0.00    0.00    9.33    0.00    0.00    0.00   55.80
20:53:17     all    0.00   13.45   24.85    0.00    0.00    8.54    0.00    0.00    0.00   53.17
20:53:18     all    0.00   11.58   23.97    0.00    0.00    9.33    0.00    0.00    0.00   55.12
20:53:19     all    0.07    5.68   25.80    0.00    0.00    8.59    0.00    0.00    0.00   59.86
20:53:20     all    0.13    8.27   25.60    0.00    0.00    9.61    0.00    0.00    0.00   56.39
20:53:21     all    0.00   16.22   23.24    0.00    0.00    9.42    0.00    0.00    0.00   51.12
20:53:22     all    0.00   21.46   21.93    0.00    0.00    8.18    0.00    0.00    0.00   48.43
20:53:23     all    0.00   19.58   22.80    0.00    0.00    9.09    0.00    0.00    0.00   48.52
20:53:24     all    0.00    8.20   25.15    0.00    0.00    9.37    0.00    0.00    0.00   57.28
20:53:25     all    0.00   10.72   25.90    0.00    0.00    8.13    0.00    0.00    0.00   55.26
20:53:26     all    0.03   17.83   23.76    0.00    0.00    9.09    0.00    0.00    0.00   49.29
20:53:27     all    0.00   22.20   22.20    0.00    0.00    9.06    0.00    0.00    0.00   46.54
20:53:28     all    0.03   17.89   23.59    0.00    0.00    9.06    0.00    0.00    0.00   49.44
20:53:29     all    0.03   10.81   24.64    0.00    0.00    8.67    0.00    0.00    0.00   55.84
20:53:30     all    0.10    6.07   20.80    0.00    0.00    9.61    0.00    0.00    0.00   63.42
20:53:31     all    0.03    9.07   20.61    0.00    0.00    9.14    0.00    0.00    0.00   61.15
20:53:32     all    0.00    6.37   21.20    0.00    0.00    9.27    0.00    0.00    0.00   63.17
20:53:33     all    0.00    7.64   20.08    0.00    0.00    9.91    0.00    0.00    0.00   62.37
20:53:34     all    0.03    6.46   20.47    0.00    0.00    9.64    0.00    0.00    0.00   63.40
20:53:35     all    0.03    7.13   20.32    0.00    0.00    8.99    0.00    0.00    0.00   63.53
20:53:36     all    0.00    9.63   14.63    0.00    0.00    7.54    0.00    0.00    0.00   68.20
20:53:37     all    0.00    5.42   15.51    0.00    0.00    8.22    0.00    0.00    0.00   70.85
20:53:38     all    0.00    2.33   15.49    0.00    0.00    8.27    0.00    0.00    0.00   73.91
20:53:39     all    0.00    4.26   13.62    0.00    0.00    7.44    0.00    0.00    0.00   74.68
20:53:40     all    0.16    1.90    8.56    0.00    0.00    5.25    0.00    0.00    0.00   84.13
20:53:41     all    0.00    1.84    8.41    0.00    0.00    5.19    0.00    0.00    0.00   84.56
20:53:42     all    0.00    1.55    8.63    0.00    0.00    5.07    0.00    0.00    0.00   84.74
20:53:43     all    0.00    2.14    8.05    0.00    0.00    5.23    0.00    0.00    0.00   84.57
20:53:44     all    0.00    0.07    9.14    0.00    0.00    5.20    0.00    0.00    0.00   85.60
20:53:45     all    0.00    0.06    9.03    0.00    0.00    5.49    0.00    0.00    0.00   85.42
20:53:46     all    0.03    1.00    9.01    0.00    0.00    5.51    0.00    0.00    0.00   84.45
20:53:47     all    0.00    2.28    7.70    0.00    0.00    4.65    0.00    0.00    0.00   85.37
20:53:48     all    0.03    1.78    8.50    0.00    0.00    5.11    0.00    0.00    0.00   84.58
20:53:49     all    0.00    0.42    9.38    0.00    0.00    5.34    0.00    0.00    0.00   84.86
20:53:50     all    0.06    0.91    8.96    0.00    0.00    5.45    0.00    0.00    0.00   84.62
20:53:51     all    0.03    0.03    9.63    0.00    0.00    5.30    0.00    0.00    0.00   85.01
20:53:52     all    0.03    0.06    9.31    0.00    0.00    5.43    0.00    0.00    0.00   85.16
20:53:53     all    0.00    0.97    8.99    0.00    0.00    5.56    0.00    0.00    0.00   84.48
20:53:54     all    0.03    5.70    8.18    0.00    0.00    4.79    0.00    0.00    0.00   81.29
20:53:55     all    0.03   12.81   11.80    0.00    0.00    5.59    0.00    0.00    0.00   69.77
20:53:56     all    0.00   13.05   14.15    0.00    0.00    7.17    0.00    0.00    0.00   65.63
20:53:57     all    0.00   21.88   18.64    0.00    0.00    7.46    0.00    0.00    0.00   52.02
20:53:58     all    0.03   12.25   15.39    0.00    0.00    7.97    0.00    0.00    0.00   64.36
20:53:59     all    0.00   26.03   11.40    0.00    0.00    6.18    0.00    0.00    0.00   56.39
20:54:00     all    0.55   50.00   13.53    0.00    0.00    6.07    0.00    0.00    0.00   29.85
20:54:01     all    0.00   51.56   12.78    0.00    0.00    6.23    0.00    0.00    0.00   29.44
20:54:02     all    0.00   45.95   14.64    0.00    0.00    6.05    0.00    0.00    0.00   33.36
20:54:03     all    0.03   34.77   12.03    0.00    0.00    6.57    0.00    0.00    0.00   46.60
20:54:04     all    0.00   53.32    9.86    0.00    0.00    4.48    0.00    0.00    0.00   32.33
20:54:05     all    0.00   51.43   10.63    0.00    0.00    4.86    0.00    0.00    0.00   33.08
20:54:06     all    0.03   51.94   10.78    0.00    0.00    4.92    0.00    0.00    0.00   32.33
20:54:07     all    0.03   52.19    9.48    0.00    0.00    4.35    0.00    0.00    0.00   33.95
20:54:08     all    0.03   50.56   11.73    0.00    0.00    5.40    0.00    0.00    0.00   32.28
20:54:09     all    0.00   51.42   11.47    0.00    0.00    6.33    0.00    0.00    0.00   30.77
20:54:10     all    0.10   50.29   12.59    0.00    0.00    5.40    0.00    0.00    0.00   31.62
20:54:11     all    0.03   46.18   13.44    0.00    0.00    5.93    0.00    0.00    0.00   34.42
20:54:12     all    0.00   49.12   12.48    0.00    0.00    5.60    0.00    0.00    0.00   32.80
20:54:13     all    0.00   50.96   13.02    0.00    0.00    6.12    0.00    0.00    0.00   29.90
20:54:14     all    0.03   50.34   12.84    0.00    0.00    6.20    0.00    0.00    0.00   30.59
20:54:15     all    0.03   48.89   12.40    0.00    0.00    6.25    0.00    0.00    0.00   32.43
20:54:16     all    0.00   46.08   13.12    0.00    0.00    6.77    0.00    0.00    0.00   34.03
20:54:17     all    0.00   36.74   14.94    0.00    0.00    6.33    0.00    0.00    0.00   41.99
20:54:18     all    0.03   33.30   14.07    0.00    0.00    6.87    0.00    0.00    0.00   45.73
20:54:19     all    0.00   15.57   15.24    0.00    0.00    6.90    0.00    0.00    0.00   62.28
20:54:20     all    0.10   39.84   13.72    0.00    0.00    6.57    0.00    0.00    0.00   39.77
20:54:21     all    0.03   49.53   12.01    0.00    0.00    6.12    0.00    0.00    0.00   32.31
20:54:22     all    0.00   52.02   16.04    0.00    0.00    7.53    0.00    0.00    0.00   24.42
20:54:23     all    0.03   50.06   16.55    0.00    0.00    7.27    0.00    0.00    0.00   26.08
20:54:24     all    0.03   50.15   14.42    0.00    0.00    5.82    0.00    0.00    0.00   29.58
20:54:25     all    0.00   52.83   15.08    0.00    0.00    5.67    0.00    0.00    0.00   26.42
20:54:26     all    0.03   55.53   16.41    0.00    0.00    5.64    0.00    0.00    0.00   22.38
20:54:27     all    0.03   61.89   19.52    0.00    0.00    5.61    0.00    0.00    0.00   12.95
20:54:28     all    0.03   62.39   18.21    0.00    0.00    6.38    0.00    0.00    0.00   12.98
20:54:29     all    0.00   68.06   17.53    0.00    0.00    5.09    0.00    0.00    0.00    9.32
20:54:30     all    0.13   72.62   16.62    0.00    0.00    5.38    0.00    0.00    0.00    5.26
20:54:31     all    0.00   74.65   16.23    0.00    0.00    4.65    0.00    0.00    0.00    4.47
20:54:32     all    0.00   71.18   17.60    0.00    0.00    5.31    0.00    0.00    0.00    5.91
20:54:33     all    0.03   67.74   19.52    0.00    0.00    5.86    0.00    0.00    0.00    6.84
20:54:34     all    0.00   65.68   19.89    0.00    0.00    6.69    0.00    0.00    0.00    7.74
20:54:35     all    0.03   65.13   18.89    0.00    0.00    6.78    0.00    0.00    0.00    9.17
20:54:36     all    0.00   62.08   16.29    0.00    0.00    6.66    0.00    0.00    0.00   14.98
20:54:37     all    0.03   64.18   19.59    0.00    0.00    7.72    0.00    0.00    0.00    8.48
20:54:38     all    0.00   55.08   18.92    0.00    0.00    7.40    0.00    0.00    0.00   18.60
20:54:39     all    0.00   51.87   15.38    0.00    0.00    7.72    0.00    0.00    0.00   25.02
20:54:40     all    0.10   51.67   15.88    0.00    0.00    6.97    0.00    0.00    0.00   25.38
20:54:41     all    0.00   58.85   14.31    0.00    0.00    6.47    0.00    0.00    0.00   20.37
20:54:42     all    0.00   65.05   16.79    0.00    0.00    6.43    0.00    0.00    0.00   11.74
20:54:43     all    0.03   63.80   17.49    0.00    0.00    7.28    0.00    0.00    0.00   11.39
20:54:44     all    0.03   58.16   19.85    0.00    0.00    7.62    0.00    0.00    0.00   14.34
20:54:45     all    0.00   56.20   17.78    0.00    0.00    7.82    0.00    0.00    0.00   18.20
20:54:46     all    0.03   53.82   15.65    0.00    0.00    7.78    0.00    0.00    0.00   22.72
20:54:47     all    0.03   58.49    9.40    0.00    0.00    5.12    0.00    0.00    0.00   26.96
20:54:48     all    0.00   57.33   10.39    0.00    0.00    4.47    0.00    0.00    0.00   27.81
20:54:49     all    0.00   60.12   15.88    0.00    0.00    6.90    0.00    0.00    0.00   17.10
20:54:50     all    0.06   71.42   12.43    0.00    0.00    4.06    0.00    0.00    0.00   12.02
20:54:51     all    0.00   68.43   10.77    0.00    0.00    4.65    0.00    0.00    0.00   16.15
20:54:52     all    0.06   66.21   11.17    0.00    0.00    4.35    0.00    0.00    0.00   18.22
20:54:53     all    0.00   72.60   12.73    0.00    0.00    4.96    0.00    0.00    0.00    9.71
20:54:54     all    0.00   69.95   12.74    0.00    0.00    4.57    0.00    0.00    0.00   12.74
20:54:55     all    0.03   71.71    6.07    0.00    0.00    2.48    0.00    0.00    0.00   19.72
20:54:56     all    0.03   64.43    6.53    0.00    0.00    3.07    0.00    0.00    0.00   25.94
20:54:57     all    0.00   60.95   10.76    0.00    0.00    5.10    0.00    0.00    0.00   23.19
20:54:58     all    0.06   64.55    8.31    0.00    0.00    4.46    0.00    0.00    0.00   22.61
20:54:59     all    0.00   74.79    5.72    0.00    0.00    2.83    0.00    0.00    0.00   16.66
20:55:00     all    0.50   88.66    5.61    0.00    0.00    1.63    0.00    0.00    0.00    3.60
20:55:01     all    0.00   79.36    9.71    0.00    0.00    3.45    0.00    0.00    0.00    7.49
20:55:02     all    0.00   74.52    9.01    0.00    0.00    4.27    0.00    0.00    0.00   12.20
20:55:03     all    0.03   73.13   10.52    0.00    0.00    4.46    0.00    0.00    0.00   11.86
20:55:04     all    0.03   71.21   11.57    0.00    0.00    4.60    0.00    0.00    0.00   12.59
20:55:05     all    0.00   75.13   11.04    0.00    0.00    3.84    0.00    0.00    0.00    9.99
20:55:06     all    0.00   76.92   11.00    0.00    0.00    4.22    0.00    0.00    0.00    7.86
20:55:07     all    0.03   78.71   11.29    0.00    0.00    3.99    0.00    0.00    0.00    5.97
20:55:08     all    0.00   77.96   11.29    0.00    0.00    4.18    0.00    0.00    0.00    6.57
20:55:09     all    0.03   79.01   10.93    0.00    0.00    4.02    0.00    0.00    0.00    6.00
20:55:10     all    0.06   77.78   10.64    0.00    0.00    4.01    0.00    0.00    0.00    7.51
20:55:11     all    0.00   78.52   10.10    0.00    0.00    3.68    0.00    0.00    0.00    7.71
20:55:12     all    0.03   79.57    9.56    0.00    0.00    3.58    0.00    0.00    0.00    7.26
20:55:13     all    0.03   73.37    9.39    0.00    0.00    3.93    0.00    0.00    0.00   13.28
20:55:14     all    0.00   66.08   11.91    0.00    0.00    4.76    0.00    0.00    0.00   17.25
20:55:15     all    0.00   65.23   12.28    0.00    0.00    5.27    0.00    0.00    0.00   17.22
20:55:16     all    0.00   70.21    8.50    0.00    0.00    5.08    0.00    0.00    0.00   16.20
20:55:17     all    0.00   84.82    4.93    0.00    0.00    1.98    0.00    0.00    0.00    8.27
20:55:18     all    0.00   82.83    6.58    0.00    0.00    2.02    0.00    0.00    0.00    8.57
20:55:19     all    0.00   85.53    8.48    0.00    0.00    2.61    0.00    0.00    0.00    3.39
20:55:20     all    0.13   85.88    7.74    0.00    0.00    2.55    0.00    0.00    0.00    3.71
20:55:21     all    0.03   87.76    7.57    0.00    0.00    2.24    0.00    0.00    0.00    2.40
20:55:22     all    0.03   95.34    2.66    0.00    0.00    0.81    0.00    0.00    0.00    1.16
20:55:23     all    0.03   99.00    0.62    0.00    0.00    0.16    0.00    0.00    0.00    0.19
20:55:24     all    0.03   98.44    0.91    0.00    0.00    0.41    0.00    0.00    0.00    0.22
20:55:25     all    0.00   99.84    0.06    0.00    0.00    0.03    0.00    0.00    0.00    0.06
20:55:26     all    0.00   99.69    0.16    0.00    0.00    0.03    0.00    0.00    0.00    0.12
20:55:27     all    0.00   99.84    0.13    0.00    0.00    0.00    0.00    0.00    0.00    0.03
20:55:28     all    0.00   99.91    0.06    0.00    0.00    0.00    0.00    0.00    0.00    0.03
20:55:29     all    0.03   99.81    0.12    0.00    0.00    0.00    0.00    0.00    0.00    0.03
20:55:30     all    0.06   99.63    0.25    0.00    0.00    0.03    0.00    0.00    0.00    0.03
20:55:31     all    0.00   99.88    0.06    0.00    0.00    0.03    0.00    0.00    0.00    0.03
20:55:32     all    0.00   99.84    0.12    0.00    0.00    0.00    0.00    0.00    0.00    0.03
20:55:33     all    0.00   99.84    0.12    0.00    0.00    0.00    0.00    0.00    0.00    0.03
20:55:34     all    0.00   99.94    0.06    0.00    0.00    0.00    0.00    0.00    0.00    0.00
20:55:35     all    0.00   99.78    0.12    0.00    0.00    0.00    0.00    0.00    0.00    0.09
20:55:36     all    0.00   99.81    0.12    0.00    0.00    0.03    0.00    0.00    0.00    0.03
20:55:37     all    0.00   99.88    0.06    0.00    0.00    0.00    0.00    0.00    0.00    0.06
20:55:38     all    0.03   99.88    0.06    0.00    0.00    0.00    0.00    0.00    0.00    0.03
20:55:39     all    0.03   99.78    0.12    0.00    0.00    0.03    0.00    0.00    0.00    0.03
20:55:40     all    0.03   99.81    0.16    0.00    0.00    0.00    0.00    0.00    0.00    0.00
20:55:41     all    0.00   99.81    0.16    0.00    0.00    0.00    0.00    0.00    0.00    0.03
20:55:42     all    0.00   99.84    0.12    0.00    0.00    0.00    0.00    0.00    0.00    0.03
20:55:43     all    0.00   99.91    0.06    0.00    0.00    0.00    0.00    0.00    0.00    0.03
20:55:44     all    0.03   99.91    0.06    0.00    0.00    0.00    0.00    0.00    0.00    0.00
20:55:45     all    0.00   99.84    0.09    0.00    0.00    0.03    0.00    0.00    0.00    0.03
20:55:46     all    0.00   99.84    0.09    0.00    0.00    0.00    0.00    0.00    0.00    0.06
20:55:47     all    0.00   98.69    1.00    0.00    0.00    0.22    0.00    0.00    0.00    0.09
20:55:48     all    0.03   99.75    0.16    0.00    0.00    0.00    0.00    0.00    0.00    0.06
20:55:49     all    0.00   99.94    0.03    0.00    0.00    0.00    0.00    0.00    0.00    0.03
20:55:50     all    0.06   99.63    0.25    0.00    0.00    0.03    0.00    0.00    0.00    0.03
20:55:51     all    0.00   94.37    3.94    0.00    0.00    0.91    0.00    0.00    0.00    0.78
20:55:52     all    0.00   91.36    5.88    0.00    0.00    1.53    0.00    0.00    0.00    1.22
20:55:53     all    0.00   98.16    1.06    0.00    0.00    0.25    0.00    0.00    0.00    0.53
20:55:54     all    0.00   99.84    0.03    0.00    0.00    0.03    0.00    0.00    0.00    0.09
20:55:55     all    0.00   99.78    0.16    0.00    0.00    0.00    0.00    0.00    0.00    0.06
20:55:56     all    0.03   99.75    0.19    0.00    0.00    0.00    0.00    0.00    0.00    0.03
20:55:57     all    0.03   99.88    0.06    0.00    0.00    0.00    0.00    0.00    0.00    0.03
20:55:58     all    0.03   99.84    0.09    0.00    0.00    0.00    0.00    0.00    0.00    0.03
20:55:59     all    0.03   99.78    0.12    0.00    0.00    0.00    0.00    0.00    0.00    0.06
20:56:00     all    0.41   99.31    0.22    0.00    0.00    0.03    0.00    0.00    0.00    0.03
20:56:01     all    0.00   99.81    0.12    0.00    0.00    0.03    0.00    0.00    0.00    0.03
20:56:02     all    0.00   99.81    0.12    0.00    0.00    0.00    0.00    0.00    0.00    0.06
20:56:03     all    0.00   99.88    0.00    0.00    0.00    0.03    0.00    0.00    0.00    0.09
20:56:04     all    0.03   99.81    0.16    0.00    0.00    0.00    0.00    0.00    0.00    0.00
20:56:05     all    0.00   99.81    0.12    0.00    0.00    0.03    0.00    0.00    0.00    0.03
20:56:06     all    0.00   99.91    0.03    0.00    0.00    0.00    0.00    0.00    0.00    0.06
20:56:07     all    0.03   99.75    0.12    0.00    0.00    0.03    0.00    0.00    0.00    0.06
20:56:08     all    0.03   99.81    0.09    0.00    0.00    0.00    0.00    0.00    0.00    0.06
20:56:09     all    0.00   99.91    0.03    0.00    0.00    0.06    0.00    0.00    0.00    0.00
20:56:10     all    0.09   99.66    0.16    0.00    0.00    0.00    0.00    0.00    0.00    0.09
20:56:11     all    0.00   99.91    0.09    0.00    0.00    0.00    0.00    0.00    0.00    0.00
20:56:12     all    0.00   99.88    0.09    0.00    0.00    0.00    0.00    0.00    0.00    0.03
20:56:13     all    0.00   99.84    0.09    0.00    0.00    0.00    0.00    0.00    0.00    0.06
20:56:14     all    0.03   98.37    1.19    0.00    0.00    0.19    0.00    0.00    0.00    0.22
20:56:15     all    0.00   99.78    0.06    0.00    0.00    0.00    0.00    0.00    0.00    0.16
20:56:16     all    0.00   99.41    0.38    0.00    0.00    0.12    0.00    0.00    0.00    0.09
20:56:17     all    0.00   99.87    0.03    0.00    0.00    0.03    0.00    0.00    0.00    0.06
20:56:18     all    0.00   94.63    3.78    0.00    0.00    1.12    0.00    0.00    0.00    0.47
20:56:19     all    0.00   91.16    6.20    0.00    0.00    1.38    0.00    0.00    0.00    1.25
20:56:20     all    0.03   92.98    4.67    0.00    0.00    1.32    0.00    0.00    0.00    1.00
20:56:21     all    0.03   98.69    0.94    0.00    0.00    0.19    0.00    0.00    0.00    0.16
20:56:22     all    0.00   95.37    3.29    0.00    0.00    0.81    0.00    0.00    0.00    0.53
20:56:23     all    0.00   83.08   11.14    0.00    0.00    3.94    0.00    0.00    0.00    1.85
20:56:24     all    0.03   89.79    7.52    0.00    0.00    1.72    0.00    0.00    0.00    0.94
20:56:25     all    0.03   96.28    2.56    0.00    0.00    0.66    0.00    0.00    0.00    0.47
20:56:26     all    0.00   96.69    2.22    0.00    0.00    0.59    0.00    0.00    0.00    0.50
20:56:27     all    0.00   97.78    1.41    0.00    0.00    0.34    0.00    0.00    0.00    0.47
20:56:28     all    0.00   97.53    1.53    0.00    0.00    0.50    0.00    0.00    0.00    0.44
20:56:29     all    0.00   96.03    2.47    0.00    0.00    0.91    0.00    0.00    0.00    0.59
20:56:30     all    0.12   97.25    1.69    0.00    0.00    0.53    0.00    0.00    0.00    0.41
20:56:31     all    0.00   99.12    0.56    0.00    0.00    0.16    0.00    0.00    0.00    0.16
20:56:32     all    0.00   99.44    0.34    0.00    0.00    0.06    0.00    0.00    0.00    0.16
20:56:33     all    0.00   99.78    0.16    0.00    0.00    0.03    0.00    0.00    0.00    0.03
20:56:34     all    0.00   99.87    0.09    0.00    0.00    0.00    0.00    0.00    0.00    0.03
20:56:35     all    0.00   99.91    0.06    0.00    0.00    0.00    0.00    0.00    0.00    0.03
20:56:36     all    0.00   99.84    0.12    0.00    0.00    0.00    0.00    0.00    0.00    0.03
20:56:37     all    0.03   99.81    0.12    0.00    0.00    0.00    0.00    0.00    0.00    0.03
20:56:38     all    0.00   99.84    0.09    0.00    0.00    0.03    0.00    0.00    0.00    0.03
20:56:39     all    0.03   98.91    0.81    0.00    0.00    0.22    0.00    0.00    0.00    0.03
20:56:40     all    0.06   99.69    0.22    0.00    0.00    0.00    0.00    0.00    0.00    0.03
20:56:41     all    0.00   99.66    0.25    0.00    0.00    0.06    0.00    0.00    0.00    0.03
20:56:42     all    0.00   99.84    0.09    0.00    0.00    0.00    0.00    0.00    0.00    0.06
20:56:43     all    0.00   99.91    0.03    0.00    0.00    0.03    0.00    0.00    0.00    0.03
20:56:44     all    0.00   99.75    0.16    0.00    0.00    0.03    0.00    0.00    0.00    0.06
20:56:45     all    0.03   99.84    0.09    0.00    0.00    0.00    0.00    0.00    0.00    0.03
20:56:46     all    0.00   99.88    0.06    0.00    0.00    0.00    0.00    0.00    0.00    0.06
20:56:47     all    0.00   99.88    0.09    0.00    0.00    0.00    0.00    0.00    0.00    0.03
20:56:48     all    0.03   99.81    0.06    0.00    0.00    0.00    0.00    0.00    0.00    0.09
20:56:49     all    0.00   99.97    0.03    0.00    0.00    0.00    0.00    0.00    0.00    0.00
20:56:50     all    0.09   99.69    0.19    0.00    0.00    0.00    0.00    0.00    0.00    0.03
20:56:51     all    0.03   99.72    0.12    0.00    0.00    0.03    0.00    0.00    0.00    0.09
20:56:52     all    0.00   99.94    0.06    0.00    0.00    0.00    0.00    0.00    0.00    0.00
20:56:53     all    0.00   99.91    0.06    0.00    0.00    0.00    0.00    0.00    0.00    0.03
20:56:54     all    0.00   99.84    0.12    0.00    0.00    0.00    0.00    0.00    0.00    0.03
20:56:55     all    0.00   99.97    0.03    0.00    0.00    0.00    0.00    0.00    0.00    0.00
20:56:56     all    0.03   99.84    0.06    0.00    0.00    0.03    0.00    0.00    0.00    0.03
20:56:57     all    0.00   99.87    0.13    0.00    0.00    0.00    0.00    0.00    0.00    0.00
20:56:58     all    0.00   99.94    0.03    0.00    0.00    0.03    0.00    0.00    0.00    0.00
20:56:59     all    0.03   99.84    0.09    0.00    0.00    0.00    0.00    0.00    0.00    0.03
20:57:00     all    0.38   99.28    0.25    0.00    0.00    0.00    0.00    0.00    0.00    0.09
20:57:01     all    0.00   99.94    0.03    0.00    0.00    0.00    0.00    0.00    0.00    0.03
20:57:02     all    0.03   99.75    0.16    0.00    0.00    0.03    0.00    0.00    0.00    0.03
20:57:03     all    0.03   99.84    0.09    0.00    0.00    0.00    0.00    0.00    0.00    0.03
20:57:04     all    0.00   99.94    0.03    0.00    0.00    0.00    0.00    0.00    0.00    0.03
20:57:05     all    0.00   99.87    0.06    0.00    0.00    0.00    0.00    0.00    0.00    0.06
20:57:06     all    0.00   99.84    0.09    0.00    0.00    0.00    0.00    0.00    0.00    0.06
20:57:07     all    0.00   99.94    0.03    0.00    0.00    0.00    0.00    0.00    0.00    0.03
20:57:08     all    0.03   99.88    0.09    0.00    0.00    0.00    0.00    0.00    0.00    0.00
20:57:09     all    0.00   99.97    0.03    0.00    0.00    0.00    0.00    0.00    0.00    0.00
20:57:10     all    0.09   99.72    0.16    0.00    0.00    0.00    0.00    0.00    0.00    0.03
20:57:11     all    0.00   99.88    0.09    0.00    0.00    0.00    0.00    0.00    0.00    0.03
20:57:12     all    0.00   99.97    0.03    0.00    0.00    0.00    0.00    0.00    0.00    0.00
20:57:13     all    0.00   99.84    0.09    0.00    0.00    0.03    0.00    0.00    0.00    0.03
20:57:14     all    0.03   99.84    0.06    0.00    0.00    0.03    0.00    0.00    0.00    0.03
20:57:15     all    0.00   99.44    0.44    0.00    0.00    0.09    0.00    0.00    0.00    0.03
20:57:16     all    0.00   99.94    0.06    0.00    0.00    0.00    0.00    0.00    0.00    0.00
20:57:17     all    0.03   99.78    0.12    0.00    0.00    0.00    0.00    0.00    0.00    0.06
20:57:18     all    0.00   99.94    0.03    0.00    0.00    0.00    0.00    0.00    0.00    0.03
20:57:19     all    0.00   99.81    0.12    0.00    0.00    0.03    0.00    0.00    0.00    0.03
20:57:20     all    0.09   99.75    0.13    0.00    0.00    0.00    0.00    0.00    0.00    0.03
20:57:21     all    0.00   99.91    0.06    0.00    0.00    0.00    0.00    0.00    0.00    0.03
20:57:22     all    0.00   99.87    0.13    0.00    0.00    0.00    0.00    0.00    0.00    0.00
20:57:23     all    0.03   99.88    0.09    0.00    0.00    0.00    0.00    0.00    0.00    0.00
20:57:24     all    0.00   99.97    0.03    0.00    0.00    0.00    0.00    0.00    0.00    0.00
20:57:25     all    0.00   99.84    0.12    0.00    0.00    0.03    0.00    0.00    0.00    0.00
20:57:26     all    0.03   99.84    0.06    0.00    0.00    0.00    0.00    0.00    0.00    0.06
20:57:27     all    0.03   99.94    0.03    0.00    0.00    0.00    0.00    0.00    0.00    0.00
20:57:28     all    0.03   99.84    0.12    0.00    0.00    0.00    0.00    0.00    0.00    0.00
20:57:29     all    0.00   99.88    0.09    0.00    0.00    0.00    0.00    0.00    0.00    0.03
20:57:30     all    0.03   99.75    0.16    0.00    0.00    0.00    0.00    0.00    0.00    0.06
20:57:31     all    0.00   99.84    0.12    0.00    0.00    0.00    0.00    0.00    0.00    0.03
20:57:32     all    0.00   99.84    0.09    0.00    0.00    0.03    0.00    0.00    0.00    0.03
20:57:33     all    0.00   99.97    0.03    0.00    0.00    0.00    0.00    0.00    0.00    0.00
20:57:34     all    0.00   99.87    0.13    0.00    0.00    0.00    0.00    0.00    0.00    0.00
20:57:35     all    0.00   99.91    0.06    0.00    0.00    0.00    0.00    0.00    0.00    0.03
20:57:36     all    0.00   99.88    0.06    0.00    0.00    0.03    0.00    0.00    0.00    0.03
20:57:37     all    0.00   99.88    0.09    0.00    0.00    0.00    0.00    0.00    0.00    0.03
20:57:38     all    0.00   99.78    0.19    0.00    0.00    0.03    0.00    0.00    0.00    0.00
20:57:39     all    0.00   99.81    0.12    0.00    0.00    0.00    0.00    0.00    0.00    0.06
20:57:40     all    0.09   99.75    0.16    0.00    0.00    0.00    0.00    0.00    0.00    0.00
20:57:41     all    0.00   99.88    0.03    0.00    0.00    0.03    0.00    0.00    0.00    0.06
20:57:42     all    0.03   99.88    0.09    0.00    0.00    0.00    0.00    0.00    0.00    0.00
20:57:43     all    0.03   99.62    0.25    0.00    0.00    0.06    0.00    0.00    0.00    0.03
20:57:44     all    0.00   99.88    0.06    0.00    0.00    0.00    0.00    0.00    0.00    0.06
20:57:45     all    0.03   99.91    0.06    0.00    0.00    0.00    0.00    0.00    0.00    0.00
20:57:46     all    0.00   99.87    0.09    0.00    0.00    0.00    0.00    0.00    0.00    0.03
20:57:47     all    0.00   99.91    0.03    0.00    0.00    0.00    0.00    0.00    0.00    0.06
20:57:48     all    0.00   99.78    0.16    0.00    0.00    0.00    0.00    0.00    0.00    0.06
20:57:49     all    0.03   99.81    0.09    0.00    0.00    0.03    0.00    0.00    0.00    0.03
20:57:50     all    0.03   99.72    0.19    0.00    0.00    0.00    0.00    0.00    0.00    0.06
20:57:51     all    0.00   99.81    0.16    0.00    0.00    0.00    0.00    0.00    0.00    0.03
20:57:52     all    0.00   99.91    0.09    0.00    0.00    0.00    0.00    0.00    0.00    0.00
20:57:53     all    0.00   99.91    0.03    0.00    0.00    0.00    0.00    0.00    0.00    0.06
20:57:54     all    0.00   99.91    0.09    0.00    0.00    0.00    0.00    0.00    0.00    0.00
20:57:55     all    0.00   99.81    0.12    0.00    0.00    0.03    0.00    0.00    0.00    0.03
20:57:56     all    0.00   99.97    0.03    0.00    0.00    0.00    0.00    0.00    0.00    0.00
20:57:57     all    0.00   99.56    0.34    0.00    0.00    0.06    0.00    0.00    0.00    0.03
20:57:58     all    0.00   99.84    0.12    0.00    0.00    0.03    0.00    0.00    0.00    0.00
20:57:59     all    0.00   99.91    0.03    0.00    0.00    0.00    0.00    0.00    0.00    0.06
20:58:00     all    0.44   99.28    0.28    0.00    0.00    0.00    0.00    0.00    0.00    0.00
20:58:01     all    0.03   99.94    0.03    0.00    0.00    0.00    0.00    0.00    0.00    0.00
20:58:02     all    0.00   99.94    0.06    0.00    0.00    0.00    0.00    0.00    0.00    0.00
20:58:03     all    0.00   99.88    0.09    0.00    0.00    0.00    0.00    0.00    0.00    0.03
20:58:04     all    0.03   99.94    0.00    0.00    0.00    0.00    0.00    0.00    0.00    0.03
20:58:05     all    0.00   99.87    0.09    0.00    0.00    0.00    0.00    0.00    0.00    0.03
20:58:06     all    0.00   99.84    0.12    0.00    0.00    0.00    0.00    0.00    0.00    0.03
20:58:07     all    0.00   97.85    1.65    0.00    0.00    0.47    0.00    0.00    0.00    0.03
20:58:08     all    0.03   98.72    0.94    0.00    0.00    0.22    0.00    0.00    0.00    0.09
20:58:09     all    0.03   99.78    0.09    0.00    0.00    0.03    0.00    0.00    0.00    0.06
20:58:10     all    0.03   99.66    0.19    0.00    0.00    0.03    0.00    0.00    0.00    0.09
20:58:11     all    0.03   99.88    0.06    0.00    0.00    0.00    0.00    0.00    0.00    0.03
20:58:12     all    0.00   99.88    0.12    0.00    0.00    0.00    0.00    0.00    0.00    0.00
20:58:13     all    0.00   99.94    0.00    0.00    0.00    0.00    0.00    0.00    0.00    0.06
20:58:14     all    0.00   99.94    0.06    0.00    0.00    0.00    0.00    0.00    0.00    0.00
20:58:15     all    0.00   99.88    0.09    0.00    0.00    0.00    0.00    0.00    0.00    0.03
20:58:16     all    0.00   99.97    0.00    0.00    0.00    0.00    0.00    0.00    0.00    0.03
20:58:17     all    0.06   99.78    0.09    0.00    0.00    0.03    0.00    0.00    0.00    0.03
20:58:18     all    0.06   99.81    0.06    0.00    0.00    0.00    0.00    0.00    0.00    0.06
20:58:19     all    0.00   99.94    0.03    0.00    0.00    0.00    0.00    0.00    0.00    0.03
20:58:20     all    0.06   99.72    0.19    0.00    0.00    0.03    0.00    0.00    0.00    0.00
20:58:21     all    0.00   99.84    0.09    0.00    0.00    0.00    0.00    0.00    0.00    0.06
20:58:22     all    0.00   99.66    0.22    0.00    0.00    0.09    0.00    0.00    0.00    0.03
20:58:23     all    0.03   99.88    0.06    0.00    0.00    0.00    0.00    0.00    0.00    0.03
20:58:24     all    0.00   99.09    0.69    0.00    0.00    0.16    0.00    0.00    0.00    0.06
20:58:25     all    0.00   99.97    0.03    0.00    0.00    0.00    0.00    0.00    0.00    0.00
20:58:26     all    0.00   99.88    0.09    0.00    0.00    0.00    0.00    0.00    0.00    0.03
20:58:27     all    0.03   99.81    0.09    0.00    0.00    0.00    0.00    0.00    0.00    0.06
20:58:28     all    0.00   99.91    0.06    0.00    0.00    0.00    0.00    0.00    0.00    0.03
20:58:29     all    0.00   98.34    1.19    0.00    0.00    0.38    0.00    0.00    0.00    0.09
20:58:30     all    0.13   88.64    8.16    0.00    0.00    2.07    0.00    0.00    0.00    1.00
20:58:31     all    0.03   84.81   11.16    0.00    0.00    2.59    0.00    0.00    0.00    1.41
20:58:32     all    0.00   89.36    7.58    0.00    0.00    1.68    0.00    0.00    0.00    1.37
20:58:33     all    0.00   96.94    1.84    0.00    0.00    0.66    0.00    0.00    0.00    0.56
20:58:34     all    0.03   99.84    0.09    0.00    0.00    0.00    0.00    0.00    0.00    0.03
20:58:35     all    0.00   99.78    0.16    0.00    0.00    0.03    0.00    0.00    0.00    0.03
20:58:36     all    0.00   99.94    0.03    0.00    0.00    0.00    0.00    0.00    0.00    0.03
20:58:37     all    0.03   99.81    0.06    0.00    0.00    0.03    0.00    0.00    0.00    0.06
20:58:38     all    0.06   99.84    0.09    0.00    0.00    0.00    0.00    0.00    0.00    0.00
20:58:39     all    0.00   99.94    0.03    0.00    0.00    0.00    0.00    0.00    0.00    0.03
20:58:40     all    0.09   99.75    0.16    0.00    0.00    0.00    0.00    0.00    0.00    0.00
20:58:41     all    0.03   99.81    0.12    0.00    0.00    0.00    0.00    0.00    0.00    0.03
20:58:42     all    0.00   99.91    0.03    0.00    0.00    0.03    0.00    0.00    0.00    0.03
20:58:43     all    0.00   99.84    0.09    0.00    0.00    0.03    0.00    0.00    0.00    0.03
20:58:44     all    0.03   99.84    0.09    0.00    0.00    0.00    0.00    0.00    0.00    0.03
20:58:45     all    0.00   99.88    0.03    0.00    0.00    0.06    0.00    0.00    0.00    0.03
20:58:46     all    0.03   99.87    0.09    0.00    0.00    0.00    0.00    0.00    0.00    0.00
20:58:47     all    0.00   99.91    0.09    0.00    0.00    0.00    0.00    0.00    0.00    0.00
20:58:48     all    0.00   99.94    0.03    0.00    0.00    0.00    0.00    0.00    0.00    0.03
20:58:49     all    0.03   99.91    0.06    0.00    0.00    0.00    0.00    0.00    0.00    0.00
20:58:50     all    0.09   99.72    0.16    0.00    0.00    0.03    0.00    0.00    0.00    0.00
20:58:51     all    0.00   99.94    0.06    0.00    0.00    0.00    0.00    0.00    0.00    0.00
20:58:52     all    0.00   99.81    0.19    0.00    0.00    0.00    0.00    0.00    0.00    0.00
20:58:53     all    0.00   99.91    0.06    0.00    0.00    0.03    0.00    0.00    0.00    0.00
20:58:54     all    0.00   99.97    0.03    0.00    0.00    0.00    0.00    0.00    0.00    0.00
20:58:55     all    0.03   99.88    0.09    0.00    0.00    0.00    0.00    0.00    0.00    0.00
20:58:56     all    0.00   99.94    0.03    0.00    0.00    0.00    0.00    0.00    0.00    0.03
20:58:57     all    0.00   99.91    0.09    0.00    0.00    0.00    0.00    0.00    0.00    0.00
20:58:58     all    0.00   99.91    0.09    0.00    0.00    0.00    0.00    0.00    0.00    0.00
20:58:59     all    0.00  100.00    0.00    0.00    0.00    0.00    0.00    0.00    0.00    0.00
20:59:00     all    0.44   99.28    0.25    0.00    0.00    0.00    0.00    0.00    0.00    0.03
20:59:01     all    0.00   99.88    0.12    0.00    0.00    0.00    0.00    0.00    0.00    0.00
20:59:02     all    0.00  100.00    0.00    0.00    0.00    0.00    0.00    0.00    0.00    0.00
20:59:03     all    0.00   99.91    0.09    0.00    0.00    0.00    0.00    0.00    0.00    0.00
20:59:04     all    0.00   99.91    0.09    0.00    0.00    0.00    0.00    0.00    0.00    0.00
20:59:05     all    0.00  100.00    0.00    0.00    0.00    0.00    0.00    0.00    0.00    0.00
20:59:06     all    0.00   99.81    0.12    0.00    0.00    0.03    0.00    0.00    0.00    0.03
20:59:07     all    0.03   99.91    0.06    0.00    0.00    0.00    0.00    0.00    0.00    0.00
20:59:08     all    0.00   99.16    0.66    0.00    0.00    0.19    0.00    0.00    0.00    0.00
20:59:09     all    0.00   90.46    6.91    0.00    0.00    1.66    0.00    0.00    0.00    0.97
20:59:10     all    0.09   87.14    9.10    0.00    0.00    2.38    0.00    0.00    0.00    1.28
20:59:11     all    0.00   85.58   10.04    0.00    0.00    2.97    0.00    0.00    0.00    1.41
20:59:12     all    0.03   80.94   13.28    0.00    0.00    4.38    0.00    0.00    0.00    1.38
20:59:13     all    0.03   75.51   17.36    0.00    0.00    5.54    0.00    0.00    0.00    1.56
20:59:14     all    0.00   71.78   19.64    0.00    0.00    6.19    0.00    0.00    0.00    2.39
20:59:15     all    0.00   70.60   20.41    0.00    0.00    6.30    0.00    0.00    0.00    2.70
20:59:16     all    0.03   74.80   16.71    0.00    0.00    6.13    0.00    0.00    0.00    2.32
20:59:17     all    0.00   70.79   20.19    0.00    0.00    6.36    0.00    0.00    0.00    2.66
20:59:18     all    0.00   67.92   22.20    0.00    0.00    6.76    0.00    0.00    0.00    3.11
20:59:19     all    0.00   64.93   24.04    0.00    0.00    7.66    0.00    0.00    0.00    3.37
20:59:20     all    0.09   64.71   23.57    0.00    0.00    8.06    0.00    0.00    0.00    3.57
20:59:21     all    0.03   64.56   24.06    0.00    0.00    7.75    0.00    0.00    0.00    3.60
20:59:22     all    0.00   62.62   25.68    0.00    0.00    8.03    0.00    0.00    0.00    3.67
20:59:23     all    0.00   62.31   24.71    0.00    0.00    8.53    0.00    0.00    0.00    4.45
20:59:24     all    0.03   63.42   25.01    0.00    0.00    6.92    0.00    0.00    0.00    4.62
20:59:25     all    0.00   61.29   25.80    0.00    0.00    8.26    0.00    0.00    0.00    4.64
20:59:26     all    0.00   64.07   23.08    0.00    0.00    8.49    0.00    0.00    0.00    4.36
20:59:27     all    0.00   61.73   26.70    0.00    0.00    8.14    0.00    0.00    0.00    3.43
20:59:28     all    0.00   60.35   27.52    0.00    0.00    8.31    0.00    0.00    0.00    3.82
20:59:29     all    0.06   59.81   27.90    0.00    0.00    7.99    0.00    0.00    0.00    4.23
20:59:30     all    0.09   65.22   22.27    0.00    0.00    6.92    0.00    0.00    0.00    5.50
20:59:31     all    0.00   73.35   18.22    0.00    0.00    5.73    0.00    0.00    0.00    2.71
20:59:32     all    0.03   67.41   20.91    0.00    0.00    7.00    0.00    0.00    0.00    4.66
20:59:33     all    0.06   63.62   22.50    0.00    0.00    7.67    0.00    0.00    0.00    6.14
20:59:34     all    0.00   61.27   22.85    0.00    0.00    7.92    0.00    0.00    0.00    7.96
20:59:35     all    0.03   60.07   20.59    0.00    0.00    8.82    0.00    0.00    0.00   10.49
20:59:36     all    0.00   56.88   21.19    0.00    0.00    8.73    0.00    0.00    0.00   13.20
20:59:37     all    0.00   56.40   20.57    0.00    0.00    8.51    0.00    0.00    0.00   14.52
20:59:38     all    0.00   56.78   22.22    0.00    0.00    8.48    0.00    0.00    0.00   12.52
20:59:39     all    0.00   57.42   22.49    0.00    0.00    8.19    0.00    0.00    0.00   11.89
20:59:40     all    0.13   57.18   23.89    0.00    0.00    8.15    0.00    0.00    0.00   10.65
20:59:41     all    0.00   55.89   21.08    0.00    0.00    8.85    0.00    0.00    0.00   14.18
20:59:42     all    0.03   53.98   17.72    0.00    0.00    7.77    0.00    0.00    0.00   20.49
20:59:43     all    0.00   53.37   14.23    0.00    0.00    6.71    0.00    0.00    0.00   25.68
20:59:44     all    0.03   66.10   10.25    0.00    0.00    5.04    0.00    0.00    0.00   18.58
20:59:45     all    0.00   68.71   18.00    0.00    0.00    6.99    0.00    0.00    0.00    6.30
20:59:46     all    0.03   69.54   17.72    0.00    0.00    7.63    0.00    0.00    0.00    5.08
20:59:47     all    0.00   79.09   12.36    0.00    0.00    4.25    0.00    0.00    0.00    4.31
20:59:48     all    0.00   77.96   11.64    0.00    0.00    4.64    0.00    0.00    0.00    5.77
20:59:49     all    0.00   76.43   12.59    0.00    0.00    5.05    0.00    0.00    0.00    5.93
20:59:50     all    0.09   78.47   12.26    0.00    0.00    4.71    0.00    0.00    0.00    4.46
20:59:51     all    0.00   78.38   12.13    0.00    0.00    4.88    0.00    0.00    0.00    4.60
20:59:52     all    0.00   78.28   12.47    0.00    0.00    4.32    0.00    0.00    0.00    4.92
20:59:53     all    0.03   70.81   17.67    0.00    0.00    6.94    0.00    0.00    0.00    4.54
20:59:54     all    0.00   76.24   13.39    0.00    0.00    5.03    0.00    0.00    0.00    5.34
20:59:55     all    0.00   76.49   13.94    0.00    0.00    4.90    0.00    0.00    0.00    4.68
20:59:56     all    0.00   77.40   13.07    0.00    0.00    4.68    0.00    0.00    0.00    4.84
20:59:57     all    0.00   76.85   13.21    0.00    0.00    4.89    0.00    0.00    0.00    5.05
20:59:58     all    0.03   75.39   12.46    0.00    0.00    4.94    0.00    0.00    0.00    7.18
20:59:59     all    0.00   74.18   13.46    0.00    0.00    5.29    0.00    0.00    0.00    7.06
21:00:00     all    0.44   72.04   14.42    0.00    0.00    5.33    0.00    0.00    0.00    7.76
21:00:01     all    0.00   75.66   10.61    0.00    0.00    3.60    0.00    0.00    0.00   10.14
21:00:02     all    0.00   84.51    5.81    0.00    0.00    1.73    0.00    0.00    0.00    7.95
21:00:03     all    0.00   88.98    5.95    0.00    0.00    1.66    0.00    0.00    0.00    3.41
21:00:04     all    0.00   91.05    5.41    0.00    0.00    1.44    0.00    0.00    0.00    2.10
21:00:05     all    0.03   89.17    6.74    0.00    0.00    1.97    0.00    0.00    0.00    2.09
21:00:06     all    0.00   80.13   11.41    0.00    0.00    4.06    0.00    0.00    0.00    4.40
21:00:07     all    0.00   75.96   13.33    0.00    0.00    5.02    0.00    0.00    0.00    5.69
21:00:08     all    0.00   74.92   13.33    0.00    0.00    5.83    0.00    0.00    0.00    5.92
21:00:09     all    0.03   73.26   14.52    0.00    0.00    5.59    0.00    0.00    0.00    6.60
21:00:10     all    0.13   73.33   14.39    0.00    0.00    5.60    0.00    0.00    0.00    6.55
21:00:11     all    0.00   71.83   15.51    0.00    0.00    5.95    0.00    0.00    0.00    6.71
21:00:12     all    0.00   69.24   17.44    0.00    0.00    6.99    0.00    0.00    0.00    6.33
21:00:13     all    0.00   70.70   17.76    0.00    0.00    5.74    0.00    0.00    0.00    5.80
21:00:14     all    0.00   68.79   19.48    0.00    0.00    6.67    0.00    0.00    0.00    5.07
21:00:15     all    0.03   70.30   18.06    0.00    0.00    6.57    0.00    0.00    0.00    5.05
21:00:16     all    0.00   69.23   18.43    0.00    0.00    6.80    0.00    0.00    0.00    5.54
21:00:17     all    0.00   68.02   19.46    0.00    0.00    6.72    0.00    0.00    0.00    5.80
21:00:18     all    0.00   67.95   19.58    0.00    0.00    6.71    0.00    0.00    0.00    5.76
21:00:19     all    0.03   69.84   18.62    0.00    0.00    6.20    0.00    0.00    0.00    5.31
21:00:20     all    0.03   69.53   17.95    0.00    0.00    7.05    0.00    0.00    0.00    5.44
21:00:21     all    0.03   74.81   13.26    0.00    0.00    4.97    0.00    0.00    0.00    6.93
21:00:22     all    0.03   85.13    6.28    0.00    0.00    1.79    0.00    0.00    0.00    6.78
21:00:23     all    0.00   92.37    4.41    0.00    0.00    1.41    0.00    0.00    0.00    1.81
21:00:24     all    0.00   97.72    1.35    0.00    0.00    0.34    0.00    0.00    0.00    0.59
21:00:25     all    0.03   99.06    0.56    0.00    0.00    0.12    0.00    0.00    0.00    0.22
21:00:26     all    0.00   99.78    0.06    0.00    0.00    0.03    0.00    0.00    0.00    0.12
21:00:27     all    0.03   99.00    0.69    0.00    0.00    0.19    0.00    0.00    0.00    0.09
21:00:28     all    0.06   88.76    7.58    0.00    0.00    2.07    0.00    0.00    0.00    1.53
21:00:29     all    0.00   89.51    6.95    0.00    0.00    1.79    0.00    0.00    0.00    1.75
21:00:30     all    0.13   84.62   10.81    0.00    0.00    2.41    0.00    0.00    0.00    2.04
21:00:31     all    0.00   85.24   10.13    0.00    0.00    2.60    0.00    0.00    0.00    2.03
21:00:32     all    0.00   85.94    9.66    0.00    0.00    2.72    0.00    0.00    0.00    1.69
21:00:33     all    0.00   86.81    9.21    0.00    0.00    2.32    0.00    0.00    0.00    1.66
21:00:34     all    0.00   87.26    8.63    0.00    0.00    2.54    0.00    0.00    0.00    1.57
21:00:35     all    0.00   89.79    6.70    0.00    0.00    1.85    0.00    0.00    0.00    1.66
21:00:36     all    0.03   93.28    4.47    0.00    0.00    1.12    0.00    0.00    0.00    1.09
21:00:37     all    0.00   91.05    5.76    0.00    0.00    1.63    0.00    0.00    0.00    1.57
21:00:38     all    0.03   87.03    6.27    0.00    0.00    2.57    0.00    0.00    0.00    4.10
21:00:39     all    0.00   77.82    8.67    0.00    0.00    3.36    0.00    0.00    0.00   10.15
21:00:40     all    0.06   66.56    9.60    0.00    0.00    4.61    0.00    0.00    0.00   19.17
21:00:41     all    0.03   63.43    8.66    0.00    0.00    4.69    0.00    0.00    0.00   23.18
21:00:42     all    0.03   65.54    9.37    0.00    0.00    4.81    0.00    0.00    0.00   20.24
21:00:43     all    0.00   71.86    8.88    0.00    0.00    4.66    0.00    0.00    0.00   14.60
21:00:44     all    0.03   82.76    7.08    0.00    0.00    2.42    0.00    0.00    0.00    7.71
21:00:45     all    0.00   87.97    5.24    0.00    0.00    1.63    0.00    0.00    0.00    5.15
21:00:46     all    0.00   92.33    4.17    0.00    0.00    1.50    0.00    0.00    0.00    2.00
21:00:47     all    0.03   96.37    1.97    0.00    0.00    0.66    0.00    0.00    0.00    0.97
21:00:48     all    0.00   98.69    0.69    0.00    0.00    0.25    0.00    0.00    0.00    0.38
21:00:49     all    0.00   99.69    0.16    0.00    0.00    0.03    0.00    0.00    0.00    0.13
21:00:50     all    0.06   99.22    0.50    0.00    0.00    0.16    0.00    0.00    0.00    0.06
21:00:51     all    0.00   99.59    0.31    0.00    0.00    0.03    0.00    0.00    0.00    0.06
21:00:52     all    0.00   99.69    0.25    0.00    0.00    0.06    0.00    0.00    0.00    0.00
21:00:53     all    0.03   99.69    0.19    0.00    0.00    0.03    0.00    0.00    0.00    0.06
21:00:54     all    0.03   99.12    0.56    0.00    0.00    0.19    0.00    0.00    0.00    0.09
21:00:55     all    0.00   99.50    0.41    0.00    0.00    0.06    0.00    0.00    0.00    0.03
21:00:56     all    0.00   99.06    0.62    0.00    0.00    0.22    0.00    0.00    0.00    0.09
21:00:57     all    0.03   98.97    0.72    0.00    0.00    0.16    0.00    0.00    0.00    0.12
21:00:58     all    0.00   98.59    0.84    0.00    0.00    0.31    0.00    0.00    0.00    0.25
21:00:59     all    0.00   99.12    0.56    0.00    0.00    0.16    0.00    0.00    0.00    0.16
21:01:00     all    0.41   95.78    2.53    0.00    0.00    0.62    0.00    0.00    0.00    0.66
21:01:01     all    0.03   96.31    2.25    0.00    0.00    0.72    0.00    0.00    0.00    0.69
21:01:02     all    0.00   98.41    0.84    0.00    0.00    0.25    0.00    0.00    0.00    0.50
21:01:03     all    0.00   99.06    0.62    0.00    0.00    0.09    0.00    0.00    0.00    0.22
21:01:04     all    0.03   99.12    0.63    0.00    0.00    0.13    0.00    0.00    0.00    0.09
21:01:05     all    0.03   99.31    0.44    0.00    0.00    0.12    0.00    0.00    0.00    0.09
21:01:06     all    0.00   99.22    0.44    0.00    0.00    0.16    0.00    0.00    0.00    0.19
21:01:07     all    0.00   98.69    0.88    0.00    0.00    0.22    0.00    0.00    0.00    0.22
21:01:08     all    0.00   99.44    0.38    0.00    0.00    0.03    0.00    0.00    0.00    0.16
21:01:09     all    0.00   98.94    0.66    0.00    0.00    0.22    0.00    0.00    0.00    0.19
21:01:10     all    0.06   98.91    0.63    0.00    0.00    0.06    0.00    0.00    0.00    0.34
21:01:11     all    0.03   96.21    2.35    0.00    0.00    0.56    0.00    0.00    0.00    0.85
21:01:12     all    0.00   94.03    3.81    0.00    0.00    1.09    0.00    0.00    0.00    1.06
21:01:13     all    0.00   99.78    0.06    0.00    0.00    0.00    0.00    0.00    0.00    0.16
21:01:14     all    0.00   95.72    2.75    0.00    0.00    0.72    0.00    0.00    0.00    0.81
21:01:15     all    0.00   99.62    0.16    0.00    0.00    0.03    0.00    0.00    0.00    0.19
21:01:16     all    0.03   99.69    0.09    0.00    0.00    0.03    0.00    0.00    0.00    0.16
21:01:17     all    0.03   99.75    0.06    0.00    0.00    0.00    0.00    0.00    0.00    0.16
21:01:18     all    0.00   99.81    0.06    0.00    0.00    0.03    0.00    0.00    0.00    0.09
21:01:19     all    0.00   99.72    0.19    0.00    0.00    0.03    0.00    0.00    0.00    0.06
21:01:20     all    0.06   99.44    0.38    0.00    0.00    0.00    0.00    0.00    0.00    0.12
21:01:21     all    0.00   99.94    0.03    0.00    0.00    0.00    0.00    0.00    0.00    0.03
21:01:22     all    0.00   99.31    0.37    0.00    0.00    0.16    0.00    0.00    0.00    0.16
21:01:23     all    0.00   99.87    0.03    0.00    0.00    0.00    0.00    0.00    0.00    0.09
21:01:24     all    0.00   99.47    0.37    0.00    0.00    0.03    0.00    0.00    0.00    0.12
21:01:25     all    0.03   99.12    0.50    0.00    0.00    0.13    0.00    0.00    0.00    0.22
21:01:26     all    0.00   99.62    0.16    0.00    0.00    0.03    0.00    0.00    0.00    0.19
21:01:27     all    0.03   98.78    0.97    0.00    0.00    0.12    0.00    0.00    0.00    0.09
21:01:28     all    0.03   99.72    0.06    0.00    0.00    0.00    0.00    0.00    0.00    0.19
21:01:29     all    0.00   99.91    0.00    0.00    0.00    0.00    0.00    0.00    0.00    0.09
21:01:30     all    0.09   98.94    0.66    0.00    0.00    0.19    0.00    0.00    0.00    0.12
21:01:31     all    0.00   99.81    0.09    0.00    0.00    0.00    0.00    0.00    0.00    0.09
21:01:32     all    0.00   99.81    0.03    0.00    0.00    0.03    0.00    0.00    0.00    0.12
21:01:33     all    0.03   99.75    0.09    0.00    0.00    0.00    0.00    0.00    0.00    0.12
21:01:34     all    0.03   99.50    0.34    0.00    0.00    0.03    0.00    0.00    0.00    0.09
21:01:35     all    0.00   99.84    0.03    0.00    0.00    0.03    0.00    0.00    0.00    0.09
21:01:36     all    0.00   99.84    0.09    0.00    0.00    0.00    0.00    0.00    0.00    0.06
21:01:37     all    0.00   99.78    0.12    0.00    0.00    0.00    0.00    0.00    0.00    0.09
21:01:38     all    0.00   98.56    1.00    0.00    0.00    0.19    0.00    0.00    0.00    0.25
21:01:39     all    0.03   99.75    0.09    0.00    0.00    0.00    0.00    0.00    0.00    0.13
21:01:40     all    0.09   99.63    0.19    0.00    0.00    0.00    0.00    0.00    0.00    0.09
21:01:41     all    0.00   99.88    0.00    0.00    0.00    0.00    0.00    0.00    0.00    0.12
21:01:42     all    0.06   99.81    0.09    0.00    0.00    0.00    0.00    0.00    0.00    0.03
21:01:43     all    0.00   99.75    0.16    0.00    0.00    0.03    0.00    0.00    0.00    0.06
21:01:44     all    0.00   99.12    0.53    0.00    0.00    0.16    0.00    0.00    0.00    0.19
21:01:45     all    0.03   99.72    0.12    0.00    0.00    0.00    0.00    0.00    0.00    0.12
21:01:46     all    0.00   99.81    0.06    0.00    0.00    0.00    0.00    0.00    0.00    0.12
21:01:47     all    0.00   99.81    0.09    0.00    0.00    0.00    0.00    0.00    0.00    0.09
21:01:48     all    0.06   99.63    0.22    0.00    0.00    0.00    0.00    0.00    0.00    0.09
21:01:49     all    0.00   99.31    0.38    0.00    0.00    0.12    0.00    0.00    0.00    0.19
21:01:50     all    0.12   98.13    1.00    0.00    0.00    0.37    0.00    0.00    0.00    0.37
21:01:51     all    0.00   99.78    0.09    0.00    0.00    0.00    0.00    0.00    0.00    0.13
21:01:52     all    0.00   99.88    0.03    0.00    0.00    0.00    0.00    0.00    0.00    0.09
21:01:53     all    0.00   99.47    0.25    0.00    0.00    0.13    0.00    0.00    0.00    0.16
21:01:54     all    0.03   99.72    0.09    0.00    0.00    0.00    0.00    0.00    0.00    0.16
21:01:55     all    0.03   99.81    0.03    0.00    0.00    0.00    0.00    0.00    0.00    0.12
21:01:56     all    0.03   99.38    0.34    0.00    0.00    0.06    0.00    0.00    0.00    0.19
21:01:57     all    0.00   94.27    4.01    0.00    0.00    0.81    0.00    0.00    0.00    0.91
21:01:58     all    0.03   85.23    9.79    0.00    0.00    2.50    0.00    0.00    0.00    2.44
21:01:59     all    0.06   82.10   10.67    0.00    0.00    3.37    0.00    0.00    0.00    3.81
21:02:00     all    0.69   76.84   12.40    0.00    0.00    4.83    0.00    0.00    0.00    5.24
21:02:01     all    0.00   72.93   12.76    0.00    0.00    5.67    0.00    0.00    0.00    8.64
21:02:02     all    0.03   72.47    7.53    0.00    0.00    2.41    0.00    0.00    0.00   17.56
21:02:03     all    0.00   81.98   11.17    0.00    0.00    3.04    0.00    0.00    0.00    3.80
21:02:04     all    0.00   83.70    9.90    0.00    0.00    3.04    0.00    0.00    0.00    3.35
21:02:05     all    0.03   83.18   10.68    0.00    0.00    3.26    0.00    0.00    0.00    2.85
21:02:06     all    0.00   82.72   11.04    0.00    0.00    3.23    0.00    0.00    0.00    3.01
21:02:07     all    0.03   82.16   11.92    0.00    0.00    3.45    0.00    0.00    0.00    2.45
21:02:08     all    0.00   80.06   13.19    0.00    0.00    3.83    0.00    0.00    0.00    2.92
21:02:09     all    0.00   78.31   13.89    0.00    0.00    4.55    0.00    0.00    0.00    3.26
21:02:10     all    0.19   76.84   15.05    0.00    0.00    4.59    0.00    0.00    0.00    3.33
21:02:11     all    0.00   71.11   18.02    0.00    0.00    5.94    0.00    0.00    0.00    4.93
21:02:12     all    0.00   68.85   17.47    0.00    0.00    6.49    0.00    0.00    0.00    7.19
21:02:13     all    0.06   63.36   20.46    0.00    0.00    7.90    0.00    0.00    0.00    8.22
21:02:14     all    0.00   52.85   21.08    0.00    0.00    8.46    0.00    0.00    0.00   17.62
21:02:15     all    0.00   51.90   21.30    0.00    0.00    8.98    0.00    0.00    0.00   17.82
21:02:16     all    0.06   51.82   23.11    0.00    0.00    7.90    0.00    0.00    0.00   17.11
21:02:17     all    0.03   52.07   19.25    0.00    0.00    6.44    0.00    0.00    0.00   22.21
21:02:18     all    0.00   54.04   18.69    0.00    0.00    7.57    0.00    0.00    0.00   19.70
21:02:19     all    0.03   53.81   18.19    0.00    0.00    7.17    0.00    0.00    0.00   20.80
21:02:20     all    0.10   51.60   18.74    0.00    0.00    7.45    0.00    0.00    0.00   22.11
21:02:21     all    0.00   52.36   18.39    0.00    0.00    8.22    0.00    0.00    0.00   21.03
21:02:22     all    0.03   55.19   14.95    0.00    0.00    6.02    0.00    0.00    0.00   23.81
21:02:23     all    0.00   55.19    7.84    0.00    0.00    3.45    0.00    0.00    0.00   33.52
21:02:24     all    0.03   59.11    6.99    0.00    0.00    2.39    0.00    0.00    0.00   31.48
21:02:25     all    0.03   66.36    7.25    0.00    0.00    2.80    0.00    0.00    0.00   23.56
21:02:26     all    0.00   72.08    7.55    0.00    0.00    2.52    0.00    0.00    0.00   17.85
21:02:27     all    0.00   63.80    7.26    0.00    0.00    2.32    0.00    0.00    0.00   26.62
21:02:28     all    0.00   67.48    6.50    0.00    0.00    2.26    0.00    0.00    0.00   23.76
21:02:29     all    0.00   69.56    8.47    0.00    0.00    2.28    0.00    0.00    0.00   19.69
21:02:30     all    0.16   67.32    7.63    0.00    0.00    2.23    0.00    0.00    0.00   22.66
21:02:31     all    0.00   67.05    7.44    0.00    0.00    2.72    0.00    0.00    0.00   22.79
21:02:32     all    0.00   73.60    7.99    0.00    0.00    3.01    0.00    0.00    0.00   15.40
21:02:33     all    0.03   69.45    8.02    0.00    0.00    2.39    0.00    0.00    0.00   20.11
21:02:34     all    0.03   68.12    7.75    0.00    0.00    2.30    0.00    0.00    0.00   21.79
21:02:35     all    0.00   72.13    8.54    0.00    0.00    2.78    0.00    0.00    0.00   16.55
21:02:36     all    0.03   63.52    8.00    0.00    0.00    2.61    0.00    0.00    0.00   25.83
21:02:37     all    0.03   65.47    7.76    0.00    0.00    2.83    0.00    0.00    0.00   23.91
21:02:38     all    0.06   60.98    6.81    0.00    0.00    2.06    0.00    0.00    0.00   30.08
21:02:39     all    0.00   61.94    6.04    0.00    0.00    2.37    0.00    0.00    0.00   29.65
21:02:40     all    0.10   62.96    7.04    0.00    0.00    2.60    0.00    0.00    0.00   27.31
21:02:41     all    0.00   62.84    6.44    0.00    0.00    1.98    0.00    0.00    0.00   28.74
21:02:42     all    0.03   61.76    5.92    0.00    0.00    1.97    0.00    0.00    0.00   30.31
21:02:43     all    0.00   61.96    6.30    0.00    0.00    2.04    0.00    0.00    0.00   29.71
21:02:44     all    0.03   58.07    6.56    0.00    0.00    2.16    0.00    0.00    0.00   33.17
21:02:45     all    0.00   61.47    6.23    0.00    0.00    2.04    0.00    0.00    0.00   30.26
21:02:46     all    0.00   59.64    5.92    0.00    0.00    2.37    0.00    0.00    0.00   32.08
21:02:47     all    0.03   56.33    6.52    0.00    0.00    2.55    0.00    0.00    0.00   34.56
21:02:48     all    0.00   64.13    5.83    0.00    0.00    2.20    0.00    0.00    0.00   27.84
21:02:49     all    0.00   61.54    6.83    0.00    0.00    2.07    0.00    0.00    0.00   29.56
21:02:50     all    0.23   58.49    5.76    0.00    0.00    2.16    0.00    0.00    0.00   33.37
21:02:51     all    0.00   58.08    6.05    0.00    0.00    1.97    0.00    0.00    0.00   33.90
21:02:52     all    0.00   56.27    5.60    0.00    0.00    2.02    0.00    0.00    0.00   36.11
21:02:53     all    0.03   58.77    5.87    0.00    0.00    2.76    0.00    0.00    0.00   32.57
21:02:54     all    0.03   59.64    4.60    0.00    0.00    1.95    0.00    0.00    0.00   33.78
21:02:55     all    0.00   56.17    6.87    0.00    0.00    3.04    0.00    0.00    0.00   33.92
21:02:56     all    0.00   54.22    9.14    0.00    0.00    3.73    0.00    0.00    0.00   32.91
21:02:57     all    0.03   54.31    9.69    0.00    0.00    4.70    0.00    0.00    0.00   31.26
21:02:58     all    0.00   51.73   11.21    0.00    0.00    4.90    0.00    0.00    0.00   32.16
21:02:59     all    0.03   48.18   10.47    0.00    0.00    5.23    0.00    0.00    0.00   36.09
21:03:00     all    0.65   50.28   10.08    0.00    0.00    4.68    0.00    0.00    0.00   34.30
21:03:01     all    0.00   50.68   10.42    0.00    0.00    4.92    0.00    0.00    0.00   33.98
21:03:02     all    0.00   52.60   11.04    0.00    0.00    5.52    0.00    0.00    0.00   30.85
21:03:03     all    0.00   52.92   11.04    0.00    0.00    5.16    0.00    0.00    0.00   30.88
21:03:04     all    0.00   51.56   10.71    0.00    0.00    4.36    0.00    0.00    0.00   33.37
21:03:05     all    0.03   49.50    9.94    0.00    0.00    4.47    0.00    0.00    0.00   36.05
21:03:06     all    0.00   55.75    5.50    0.00    0.00    2.27    0.00    0.00    0.00   36.48
21:03:07     all    0.03   63.35    5.81    0.00    0.00    1.60    0.00    0.00    0.00   29.21
21:03:08     all    0.00   53.81    6.06    0.00    0.00    2.12    0.00    0.00    0.00   38.01

Average:     all    0.03   55.50    7.72    0.00    0.00    2.67    0.00    0.00    0.00   34.09
