Linux 4.20.0+ (eternitystorage) 	01/16/24 	_x86_64_	(32 CPU)

01:03:52     CPU    %usr   %nice    %sys %iowait    %irq   %soft  %steal  %guest  %gnice   %idle
01:03:53     all    0.00    0.00    0.00    0.00    0.00    0.00    0.00    0.00    0.00  100.00
01:03:54     all    0.03    0.00    0.03    0.00    0.00    0.00    0.00    0.00    0.00   99.94
01:03:55     all    0.09    0.00    0.22    0.00    0.00    0.00    0.00    0.00    0.00   99.69
01:03:56     all    0.00    0.00    0.09    0.00    0.00    0.00    0.00    0.00    0.00   99.91
01:03:57     all    0.00    0.00    0.00    0.00    0.00    0.00    0.00    0.00    0.00  100.00
01:03:58     all    0.00    0.00    0.06    0.00    0.00    0.00    0.00    0.00    0.00   99.94
01:03:59     all    0.03    0.00    0.09    0.00    0.00    0.00    0.00    0.00    0.00   99.88
01:04:00     all    0.47    0.00    0.28    0.00    0.00    0.03    0.00    0.00    0.00   99.22
01:04:01     all    0.03    0.00    0.56    0.00    0.00    0.00    0.00    0.00    0.00   99.41
01:04:02     all    0.00    0.00    0.94    0.00    0.00    0.03    0.00    0.00    0.00   99.03
01:04:03     all    0.00    0.00    1.50    0.00    0.00    0.09    0.00    0.00    0.00   98.40
01:04:04     all    0.00    0.00    2.23    0.00    0.00    0.13    0.00    0.00    0.00   97.64
01:04:05     all    0.00    0.00    3.24    0.00    0.00    0.22    0.00    0.00    0.00   96.54
01:04:06     all    0.00    0.00    3.52    0.00    0.00    0.16    0.00    0.00    0.00   96.32
01:04:07     all    0.03    0.00    3.46    0.00    0.00    0.19    0.00    0.00    0.00   96.32
01:04:08     all    0.00    0.00    3.46    0.00    0.00    0.19    0.00    0.00    0.00   96.35
01:04:09     all    0.00    0.00    3.37    0.00    0.00    0.22    0.00    0.00    0.00   96.41
01:04:10     all    0.13    0.00    3.74    0.00    0.00    0.19    0.00    0.00    0.00   95.95
01:04:11     all    0.00    0.00    3.43    0.00    0.00    0.22    0.00    0.00    0.00   96.35
01:04:12     all    0.00    0.00    3.43    0.00    0.00    0.35    0.00    0.00    0.00   96.23
01:04:13     all    0.00    0.00    3.03    0.00    0.00    0.25    0.00    0.00    0.00   96.72
01:04:14     all    0.00    0.00    3.33    0.00    0.00    0.19    0.00    0.00    0.00   96.48
01:04:15     all    0.03    0.00    3.09    0.00    0.00    0.25    0.00    0.00    0.00   96.63
01:04:16     all    0.00    0.00    3.39    0.00    0.00    0.25    0.00    0.00    0.00   96.35
01:04:17     all    0.00    0.00    3.24    0.00    0.00    0.19    0.00    0.00    0.00   96.57
01:04:18     all    0.03    0.00    3.12    0.00    0.00    0.22    0.00    0.00    0.00   96.63
01:04:19     all    0.03    0.00    3.30    0.00    0.00    0.28    0.00    0.00    0.00   96.39
01:04:20     all    0.09    0.00    3.24    0.00    0.00    0.25    0.00    0.00    0.00   96.41
01:04:21     all    0.03    0.00    3.11    0.00    0.00    0.25    0.00    0.00    0.00   96.60
01:04:22     all    0.00    0.00    3.33    0.00    0.00    0.38    0.00    0.00    0.00   96.29
01:04:23     all    0.00    0.00    3.15    0.00    0.00    0.25    0.00    0.00    0.00   96.60
01:04:24     all    0.00    0.00    3.49    0.00    0.00    0.19    0.00    0.00    0.00   96.32
01:04:25     all    0.00    0.00    3.27    0.00    0.00    0.25    0.00    0.00    0.00   96.47
01:04:26     all    0.00    0.00    3.00    0.00    0.00    0.16    0.00    0.00    0.00   96.84
01:04:27     all    0.00    0.00    3.15    0.00    0.00    0.19    0.00    0.00    0.00   96.66
01:04:28     all    0.03    0.00    3.61    0.00    0.00    0.22    0.00    0.00    0.00   96.14
01:04:29     all    0.00    0.00    3.21    0.00    0.00    0.19    0.00    0.00    0.00   96.60
01:04:30     all    0.09    0.00    3.68    0.00    0.00    0.19    0.00    0.00    0.00   96.04
01:04:31     all    0.03    0.00    3.09    0.00    0.00    0.32    0.00    0.00    0.00   96.56
01:04:32     all    0.00    0.00    3.27    0.00    0.00    0.22    0.00    0.00    0.00   96.51
01:04:33     all    0.03    0.00    3.37    0.00    0.00    0.22    0.00    0.00    0.00   96.38
01:04:34     all    0.00    0.00    3.37    0.00    0.00    0.19    0.00    0.00    0.00   96.45
01:04:35     all    0.03    0.00    3.06    0.00    0.00    0.32    0.00    0.00    0.00   96.60
01:04:36     all    0.03    0.00    3.36    0.00    0.00    0.25    0.00    0.00    0.00   96.35
01:04:37     all    0.00    0.00    3.12    0.00    0.00    0.19    0.00    0.00    0.00   96.69
01:04:38     all    0.03    0.00    3.18    0.00    0.00    0.22    0.00    0.00    0.00   96.56
01:04:39     all    0.03    0.00    3.34    0.00    0.00    0.16    0.00    0.00    0.00   96.47
01:04:40     all    0.06    0.00    3.73    0.00    0.00    0.25    0.00    0.00    0.00   95.95
01:04:41     all    0.03    0.00    3.33    0.00    0.00    0.25    0.00    0.00    0.00   96.38
01:04:42     all    0.03    0.00    3.00    0.00    0.00    0.16    0.00    0.00    0.00   96.81
01:04:43     all    0.41    0.00    3.21    0.00    0.00    0.19    0.00    0.00    0.00   96.19
01:04:44     all    0.06    0.00    3.33    0.00    0.00    0.22    0.00    0.00    0.00   96.38
01:04:45     all    0.00    0.00    3.37    0.00    0.00    0.19    0.00    0.00    0.00   96.44
01:04:46     all    0.00    0.00    3.48    0.00    0.00    0.19    0.00    0.00    0.00   96.33
01:04:47     all    0.03    0.00    3.61    0.00    0.00    0.28    0.00    0.00    0.00   96.08
01:04:48     all    0.00    0.00    3.40    0.00    0.00    0.16    0.00    0.00    0.00   96.44
01:04:49     all    0.03    0.00    3.15    0.00    0.00    0.16    0.00    0.00    0.00   96.66
01:04:50     all    0.13    0.00    3.28    0.00    0.00    0.22    0.00    0.00    0.00   96.38
01:04:51     all    0.00    0.00    3.18    0.00    0.00    0.19    0.00    0.00    0.00   96.64
01:04:52     all    0.00    0.00    3.27    0.00    0.00    0.25    0.00    0.00    0.00   96.48
01:04:53     all    0.00    0.00    3.00    0.00    0.00    0.22    0.00    0.00    0.00   96.78
01:04:54     all    0.03    0.00    3.12    0.00    0.00    0.19    0.00    0.00    0.00   96.66
01:04:55     all    0.00    0.00    3.15    0.00    0.00    0.22    0.00    0.00    0.00   96.62
01:04:56     all    0.03    0.00    3.22    0.00    0.00    0.13    0.00    0.00    0.00   96.62
01:04:57     all    0.00    0.00    3.36    0.00    0.00    0.16    0.00    0.00    0.00   96.48
01:04:58     all    0.03    0.00    3.40    0.00    0.00    0.28    0.00    0.00    0.00   96.29
01:04:59     all    0.00    0.00    3.52    0.00    0.00    0.25    0.00    0.00    0.00   96.23
01:05:00     all    0.54    0.00    3.37    0.00    0.00    0.25    0.00    0.00    0.00   95.84
01:05:01     all    0.03    0.00    3.18    0.00    0.00    0.22    0.00    0.00    0.00   96.56
01:05:02     all    0.03    0.00    3.15    0.00    0.00    0.22    0.00    0.00    0.00   96.60
01:05:03     all    0.00    0.00    3.52    0.00    0.00    0.13    0.00    0.00    0.00   96.36
01:05:04     all    0.00    0.00    3.24    0.00    0.00    0.22    0.00    0.00    0.00   96.54
01:05:05     all    0.03    0.00    3.24    0.00    0.00    0.16    0.00    0.00    0.00   96.57
01:05:06     all    0.00    0.00    3.49    0.00    0.00    0.09    0.00    0.00    0.00   96.42
01:05:07     all    0.00    0.00    3.31    0.00    0.00    0.19    0.00    0.00    0.00   96.50
01:05:08     all    0.00    0.00    3.31    0.00    0.00    0.25    0.00    0.00    0.00   96.44
01:05:09     all    0.00    0.00    3.30    0.00    0.00    0.22    0.00    0.00    0.00   96.48
01:05:10     all    0.09    0.00    3.70    0.00    0.00    0.22    0.00    0.00    0.00   95.98
01:05:11     all    0.00    0.00    3.36    0.00    0.00    0.28    0.00    0.00    0.00   96.35
01:05:12     all    0.00    0.00    3.33    0.00    0.00    0.35    0.00    0.00    0.00   96.33
01:05:13     all    0.03    0.00    3.33    0.00    0.00    0.28    0.00    0.00    0.00   96.35
01:05:14     all    0.00    0.00    3.46    0.00    0.00    0.22    0.00    0.00    0.00   96.32
01:05:15     all    0.03    0.00    3.12    0.00    0.00    0.28    0.00    0.00    0.00   96.57
01:05:16     all    0.03    0.00    3.06    0.00    0.00    0.22    0.00    0.00    0.00   96.69
01:05:17     all    0.00    0.00    3.09    0.00    0.00    0.19    0.00    0.00    0.00   96.72
01:05:18     all    0.03    0.00    3.24    0.00    0.00    0.25    0.00    0.00    0.00   96.47
01:05:19     all    0.00    0.00    3.49    0.00    0.00    0.25    0.00    0.00    0.00   96.26
01:05:20     all    0.06    0.00    3.03    0.00    0.00    0.22    0.00    0.00    0.00   96.68
01:05:21     all    0.00    0.00    3.15    0.00    0.00    0.32    0.00    0.00    0.00   96.53
01:05:22     all    0.03    0.00    3.27    0.00    0.00    0.25    0.00    0.00    0.00   96.44
01:05:23     all    0.00    0.00    3.24    0.00    0.00    0.19    0.00    0.00    0.00   96.57
01:05:24     all    0.03    0.00    3.46    0.00    0.00    0.25    0.00    0.00    0.00   96.26
01:05:25     all    0.00    0.00    3.34    0.00    0.00    0.25    0.00    0.00    0.00   96.41
01:05:26     all    0.00    0.00    3.52    0.00    0.00    0.22    0.00    0.00    0.00   96.26
01:05:27     all    0.06    0.00    3.12    0.00    0.00    0.32    0.00    0.00    0.00   96.50
01:05:28     all    0.00    0.00    3.46    0.00    0.00    0.16    0.00    0.00    0.00   96.38
01:05:29     all    0.00    0.00    3.18    0.00    0.00    0.25    0.00    0.00    0.00   96.57
01:05:30     all    0.09    0.00    3.62    0.00    0.00    0.19    0.00    0.00    0.00   96.10
01:05:31     all    0.03    0.00    3.18    0.00    0.00    0.22    0.00    0.00    0.00   96.56
01:05:32     all    0.00    0.03    3.06    0.00    0.00    0.25    0.00    0.00    0.00   96.66
01:05:33     all    0.03    0.00    3.30    0.00    0.00    0.35    0.00    0.00    0.00   96.32
01:05:34     all    0.03    0.00    2.97    0.00    0.00    0.25    0.00    0.00    0.00   96.75
01:05:35     all    0.00    0.00    3.27    0.00    0.00    0.19    0.00    0.00    0.00   96.54
01:05:36     all    0.03    0.00    3.49    0.00    0.00    0.16    0.00    0.00    0.00   96.32
01:05:37     all    0.00    0.00    3.12    0.00    0.00    0.22    0.00    0.00    0.00   96.66
01:05:38     all    0.00    0.00    3.21    0.00    0.00    0.31    0.00    0.00    0.00   96.47
01:05:39     all    0.00    0.00    3.43    0.00    0.00    0.25    0.00    0.00    0.00   96.32
01:05:40     all    0.09    0.00    3.12    0.00    0.00    0.35    0.00    0.00    0.00   96.44
01:05:41     all    0.06    0.00    3.34    0.00    0.00    0.16    0.00    0.00    0.00   96.44
01:05:42     all    0.00    0.00    3.03    0.00    0.00    0.16    0.00    0.00    0.00   96.82
01:05:43     all    0.00    0.00    3.21    0.00    0.00    0.28    0.00    0.00    0.00   96.51
01:05:44     all    0.03    0.00    3.30    0.00    0.00    0.31    0.00    0.00    0.00   96.35
01:05:45     all    0.03    0.00    3.46    0.00    0.00    0.19    0.00    0.00    0.00   96.32
01:05:46     all    0.00    0.00    3.30    0.00    0.00    0.13    0.00    0.00    0.00   96.57
01:05:47     all    0.00    0.00    3.40    0.00    0.00    0.25    0.00    0.00    0.00   96.35
01:05:48     all    0.03    0.00    3.58    0.00    0.00    0.13    0.00    0.00    0.00   96.26
01:05:49     all    0.00    0.00    3.39    0.00    0.00    0.25    0.00    0.00    0.00   96.36
01:05:50     all    0.09    0.00    3.34    0.00    0.00    0.31    0.00    0.00    0.00   96.25
01:05:51     all    0.03    0.00    3.34    0.00    0.00    0.16    0.00    0.00    0.00   96.47
01:05:52     all    0.00    0.00    3.30    0.00    0.00    0.22    0.00    0.00    0.00   96.48
01:05:53     all    0.03    0.00    3.43    0.00    0.00    0.19    0.00    0.00    0.00   96.35
01:05:54     all    0.00    0.00    3.27    0.00    0.00    0.25    0.00    0.00    0.00   96.48
01:05:55     all    0.00    0.00    3.24    0.00    0.00    0.25    0.00    0.00    0.00   96.51
01:05:56     all    0.00    0.00    3.28    0.00    0.00    0.19    0.00    0.00    0.00   96.54
01:05:57     all    0.00    0.00    3.21    0.00    0.00    0.22    0.00    0.00    0.00   96.57
01:05:58     all    0.00    0.00    3.18    0.00    0.00    0.19    0.00    0.00    0.00   96.63
01:05:59     all    0.03    0.00    3.24    0.00    0.00    0.22    0.00    0.00    0.00   96.50
01:06:00     all    0.57    0.00    3.55    0.00    0.00    0.25    0.00    0.00    0.00   95.63
01:06:01     all    0.03    0.00    3.52    0.00    0.00    0.19    0.00    0.00    0.00   96.26
01:06:02     all    0.00    0.00    3.37    0.00    0.00    0.19    0.00    0.00    0.00   96.44
01:06:03     all    0.00    0.00    3.70    0.00    0.00    0.28    0.00    0.00    0.00   96.02
01:06:04     all    0.00    0.00    3.64    0.00    0.00    0.31    0.00    0.00    0.00   96.05
01:06:05     all    0.03    0.00    3.33    0.00    0.00    0.22    0.00    0.00    0.00   96.41
01:06:06     all    0.00    0.00    2.80    0.00    0.00    0.19    0.00    0.00    0.00   97.01
01:06:07     all    0.00    0.00    3.52    0.00    0.00    0.22    0.00    0.00    0.00   96.26
01:06:08     all    0.00    0.00    3.06    0.00    0.00    0.22    0.00    0.00    0.00   96.72
01:06:09     all    0.00    0.00    3.33    0.00    0.00    0.22    0.00    0.00    0.00   96.45
01:06:10     all    0.16    0.00    3.46    0.00    0.00    0.22    0.00    0.00    0.00   96.16
01:06:11     all    0.00    0.00    3.37    0.00    0.00    0.22    0.00    0.00    0.00   96.41
01:06:12     all    0.00    0.00    3.34    0.00    0.00    0.16    0.00    0.00    0.00   96.51
01:06:13     all    0.03    0.00    3.40    0.00    0.00    0.25    0.00    0.00    0.00   96.32
01:06:14     all    0.03    0.00    3.39    0.00    0.00    0.25    0.00    0.00    0.00   96.32
01:06:15     all    0.00    0.00    3.24    0.00    0.00    0.22    0.00    0.00    0.00   96.54
01:06:16     all    0.00    0.00    3.28    0.00    0.00    0.16    0.00    0.00    0.00   96.57
01:06:17     all    0.03    0.00    3.25    0.00    0.00    0.13    0.00    0.00    0.00   96.60
01:06:18     all    0.03    0.00    3.24    0.00    0.00    0.25    0.00    0.00    0.00   96.48
01:06:19     all    0.00    0.00    3.43    0.00    0.00    0.19    0.00    0.00    0.00   96.38
01:06:20     all    0.13    0.00    3.18    0.00    0.00    0.32    0.00    0.00    0.00   96.38
01:06:21     all    0.00    0.00    3.30    0.00    0.00    0.31    0.00    0.00    0.00   96.39
01:06:22     all    0.03    0.00    3.36    0.00    0.00    0.28    0.00    0.00    0.00   96.32
01:06:23     all    0.00    0.00    3.09    0.00    0.00    0.19    0.00    0.00    0.00   96.72
01:06:24     all    0.03    0.00    3.48    0.00    0.00    0.28    0.00    0.00    0.00   96.21
01:06:25     all    0.00    0.00    3.55    0.00    0.00    0.28    0.00    0.00    0.00   96.17
01:06:26     all    0.00    0.00    3.21    0.00    0.00    0.25    0.00    0.00    0.00   96.54
01:06:27     all    0.03    0.00    3.31    0.00    0.00    0.19    0.00    0.00    0.00   96.47
01:06:28     all    0.00    0.00    3.79    0.00    0.00    0.16    0.00    0.00    0.00   96.05
01:06:29     all    0.00    0.00    3.58    0.00    0.00    0.19    0.00    0.00    0.00   96.23
01:06:30     all    0.13    0.00    3.15    0.00    0.00    0.41    0.00    0.00    0.00   96.31
01:06:31     all    0.03    0.00    3.12    0.00    0.00    0.25    0.00    0.00    0.00   96.59
01:06:32     all    0.00    0.00    3.27    0.00    0.00    0.25    0.00    0.00    0.00   96.48
01:06:33     all    0.00    0.00    3.40    0.00    0.00    0.22    0.00    0.00    0.00   96.38
01:06:34     all    0.03    0.00    3.31    0.00    0.00    0.22    0.00    0.00    0.00   96.44
01:06:35     all    0.00    0.00    3.28    0.00    0.00    0.16    0.00    0.00    0.00   96.57
01:06:36     all    0.00    0.00    3.49    0.00    0.00    0.28    0.00    0.00    0.00   96.23
01:06:37     all    0.00    0.00    3.27    0.00    0.00    0.31    0.00    0.00    0.00   96.41
01:06:38     all    0.00    0.00    3.31    0.00    0.00    0.16    0.00    0.00    0.00   96.54
01:06:39     all    0.03    0.00    3.21    0.00    0.00    0.19    0.00    0.00    0.00   96.56
01:06:40     all    0.13    0.00    3.12    0.00    0.00    0.32    0.00    0.00    0.00   96.44
01:06:41     all    0.00    0.00    3.09    0.00    0.00    0.25    0.00    0.00    0.00   96.66
01:06:42     all    0.00    0.00    3.21    0.00    0.00    0.19    0.00    0.00    0.00   96.60
01:06:43     all    0.03    0.00    3.64    0.00    0.00    0.19    0.00    0.00    0.00   96.14
01:06:44     all    0.00    0.00    3.12    0.00    0.00    0.16    0.00    0.00    0.00   96.72
01:06:45     all    0.00    0.00    3.49    0.00    0.00    0.22    0.00    0.00    0.00   96.29
01:06:46     all    0.00    0.00    3.09    0.00    0.00    0.19    0.00    0.00    0.00   96.72
01:06:47     all    0.03    0.00    3.51    0.00    0.00    0.31    0.00    0.00    0.00   96.14
01:06:48     all    0.28    0.00    3.09    0.00    0.00    0.32    0.00    0.00    0.00   96.31
01:06:49     all    0.00    0.00    2.87    0.00    0.00    0.25    0.00    0.00    0.00   96.87
01:06:50     all    0.09    0.00    3.74    0.00    0.00    0.19    0.00    0.00    0.00   95.98
01:06:51     all    0.03    0.00    3.58    0.00    0.00    0.22    0.00    0.00    0.00   96.17
01:06:52     all    0.00    0.00    3.33    0.00    0.00    0.22    0.00    0.00    0.00   96.45
01:06:53     all    0.03    0.00    3.21    0.00    0.00    0.25    0.00    0.00    0.00   96.50
01:06:54     all    0.00    0.00    3.46    0.00    0.00    0.28    0.00    0.00    0.00   96.26
01:06:55     all    0.00    0.00    3.27    0.00    0.00    0.16    0.00    0.00    0.00   96.57
01:06:56     all    0.00    0.00    3.52    0.00    0.00    0.22    0.00    0.00    0.00   96.26
01:06:57     all    0.03    0.00    3.46    0.00    0.00    0.25    0.00    0.00    0.00   96.26
01:06:58     all    0.03    0.00    3.15    0.00    0.00    0.28    0.00    0.00    0.00   96.54
01:06:59     all    0.03    0.00    3.36    0.00    0.00    0.31    0.00    0.00    0.00   96.29
01:07:00     all    0.54    0.00    3.49    0.00    0.00    0.28    0.00    0.00    0.00   95.69
01:07:01     all    0.00    0.00    3.42    0.00    0.00    0.22    0.00    0.00    0.00   96.36
01:07:02     all    0.03    0.00    3.55    0.00    0.00    0.19    0.00    0.00    0.00   96.23
01:07:03     all    0.00    0.00    3.21    0.00    0.00    0.28    0.00    0.00    0.00   96.50
01:07:04     all    0.00    0.00    3.00    0.00    0.00    0.16    0.00    0.00    0.00   96.84
01:07:05     all    0.03    0.00    3.30    0.00    0.00    0.25    0.00    0.00    0.00   96.41
01:07:06     all    0.00    0.00    3.02    0.00    0.00    0.31    0.00    0.00    0.00   96.66
01:07:07     all    0.03    0.00    3.12    0.00    0.00    0.22    0.00    0.00    0.00   96.63
01:07:08     all    0.03    0.00    3.78    0.00    0.00    0.28    0.00    0.00    0.00   95.90
01:07:09     all    0.00    0.00    2.91    0.00    0.00    0.16    0.00    0.00    0.00   96.94
01:07:10     all    0.16    0.00    3.70    0.00    0.00    0.28    0.00    0.00    0.00   95.86
01:07:11     all    0.00    0.00    3.42    0.00    0.00    0.25    0.00    0.00    0.00   96.32
01:07:12     all    0.00    0.00    3.27    0.00    0.00    0.31    0.00    0.00    0.00   96.42
01:07:13     all    0.03    0.00    3.58    0.00    0.00    0.19    0.00    0.00    0.00   96.20
01:07:14     all    0.00    0.00    3.31    0.00    0.00    0.19    0.00    0.00    0.00   96.50
01:07:15     all    0.00    0.00    3.15    0.00    0.00    0.28    0.00    0.00    0.00   96.57
01:07:16     all    0.03    0.00    3.06    0.00    0.00    0.19    0.00    0.00    0.00   96.72
01:07:17     all    0.06    0.00    2.83    0.00    0.00    0.13    0.00    0.00    0.00   96.98
01:07:18     all    0.00    0.00    2.14    0.00    0.00    0.09    0.00    0.00    0.00   97.76
01:07:19     all    0.00    0.00    2.17    0.00    0.00    0.09    0.00    0.00    0.00   97.74
01:07:20     all    0.13    0.00    6.78    0.00    0.00    3.31    0.00    0.00    0.00   89.78
01:07:21     all    0.00    0.10    8.26    0.00    0.00    3.95    0.00    0.00    0.00   87.69
01:07:22     all    0.00    7.39   12.85    0.00    0.00    5.04    0.00    0.00    0.00   74.72
01:07:23     all    0.00   18.21   14.59    0.00    0.00    5.61    0.00    0.00    0.00   61.59
01:07:24     all    0.00   17.51   14.94    0.00    0.00    5.44    0.00    0.00    0.00   62.11
01:07:25     all    0.03   10.74   15.29    0.00    0.00    7.03    0.00    0.00    0.00   66.91
01:07:26     all    0.00    8.75   17.09    0.00    0.00    6.36    0.00    0.00    0.00   67.80
01:07:27     all    0.00   17.56   14.42    0.00    0.00    6.03    0.00    0.00    0.00   62.00
01:07:28     all    0.03   16.98   14.20    0.00    0.00    5.99    0.00    0.00    0.00   62.81
01:07:29     all    0.03    8.07   16.97    0.00    0.00    7.27    0.00    0.00    0.00   67.66
01:07:30     all    0.10   12.84   15.80    0.00    0.00    6.45    0.00    0.00    0.00   64.81
01:07:31     all    0.03   21.66   13.74    0.00    0.00    6.21    0.00    0.00    0.00   58.36
01:07:32     all    0.00   17.44   14.85    0.00    0.00    5.84    0.00    0.00    0.00   61.87
01:07:33     all    0.00   13.19   16.18    0.00    0.00    6.14    0.00    0.00    0.00   64.49
01:07:34     all    0.03   15.90   16.22    0.00    0.00    6.55    0.00    0.00    0.00   61.29
01:07:35     all    0.00   14.83   14.60    0.00    0.00    6.65    0.00    0.00    0.00   63.92
01:07:36     all    0.03   13.19   16.68    0.00    0.00    5.69    0.00    0.00    0.00   64.40
01:07:37     all    0.00   13.63   15.98    0.00    0.00    6.38    0.00    0.00    0.00   64.00
01:07:38     all    0.00   11.08   16.12    0.00    0.00    6.24    0.00    0.00    0.00   66.56
01:07:39     all    0.03   10.25   16.47    0.00    0.00    6.39    0.00    0.00    0.00   66.86
01:07:40     all    0.13   13.95   14.83    0.00    0.00    5.87    0.00    0.00    0.00   65.21
01:07:41     all    0.00   10.69   16.25    0.00    0.00    6.95    0.00    0.00    0.00   66.11
01:07:42     all    0.03   20.07   12.92    0.00    0.00    5.94    0.00    0.00    0.00   61.04
01:07:43     all    0.00   16.85   19.36    0.00    0.00    8.43    0.00    0.00    0.00   55.37
01:07:44     all    0.00   14.49   20.44    0.00    0.00    7.31    0.00    0.00    0.00   57.76
01:07:45     all    0.03   16.06   23.45    0.00    0.00    9.29    0.00    0.00    0.00   51.17
01:07:46     all    0.00   20.24   25.06    0.00    0.00    9.07    0.00    0.00    0.00   45.62
01:07:47     all    0.00   20.43   24.81    0.00    0.00    9.40    0.00    0.00    0.00   45.36
01:07:48     all    0.03   17.78   25.24    0.00    0.00    9.25    0.00    0.00    0.00   47.70
01:07:49     all    0.00   27.75   26.53    0.00    0.00    9.87    0.00    0.00    0.00   35.85
01:07:50     all    0.06   23.03   25.92    0.00    0.00   10.39    0.00    0.00    0.00   40.59
01:07:51     all    0.03   22.43   27.57    0.00    0.00    8.88    0.00    0.00    0.00   41.09
01:07:52     all    0.00   22.05   27.01    0.00    0.00    9.76    0.00    0.00    0.00   41.18
01:07:53     all    0.03   24.07   27.25    0.00    0.00    9.00    0.00    0.00    0.00   39.65
01:07:54     all    0.00   30.91   27.12    0.00    0.00    9.15    0.00    0.00    0.00   32.83
01:07:55     all    0.00   24.62   26.24    0.00    0.00    9.30    0.00    0.00    0.00   39.84
01:07:56     all    0.03   37.02   26.08    0.00    0.00    9.35    0.00    0.00    0.00   27.51
01:07:57     all    0.00   36.12   26.93    0.00    0.00    9.51    0.00    0.00    0.00   27.44
01:07:58     all    0.00   30.24   26.11    0.00    0.00    9.75    0.00    0.00    0.00   33.91
01:07:59     all    0.03   16.55   27.41    0.00    0.00    9.48    0.00    0.00    0.00   46.53
01:08:00     all    0.45   27.05   27.02    0.00    0.00    9.68    0.00    0.00    0.00   35.80
01:08:01     all    0.00   38.23   26.22    0.00    0.00    9.96    0.00    0.00    0.00   25.58
01:08:02     all    0.03   26.99   26.76    0.00    0.00    9.28    0.00    0.00    0.00   36.94
01:08:03     all    0.00   18.68   27.41    0.00    0.00    9.37    0.00    0.00    0.00   44.54
01:08:04     all    0.00   27.24   27.08    0.00    0.00    9.18    0.00    0.00    0.00   36.51
01:08:05     all    0.03   32.66   27.30    0.00    0.00    9.06    0.00    0.00    0.00   30.96
01:08:06     all    0.00   40.05   26.31    0.00    0.00    9.42    0.00    0.00    0.00   24.22
01:08:07     all    0.00   43.35   25.83    0.00    0.00    9.07    0.00    0.00    0.00   21.75
01:08:08     all    0.03   48.08   25.82    0.00    0.00    9.38    0.00    0.00    0.00   16.69
01:08:09     all    0.03   33.55   27.09    0.00    0.00    9.22    0.00    0.00    0.00   30.11
01:08:10     all    0.13   24.10   26.61    0.00    0.00    9.75    0.00    0.00    0.00   39.41
01:08:11     all    0.00   23.77   27.51    0.00    0.00    9.87    0.00    0.00    0.00   38.85
01:08:12     all    0.03   25.26   27.57    0.00    0.00    9.52    0.00    0.00    0.00   37.61
01:08:13     all    0.00   30.70   27.64    0.00    0.00    8.99    0.00    0.00    0.00   32.67
01:08:14     all    0.00   34.14   25.99    0.00    0.00    9.53    0.00    0.00    0.00   30.33
01:08:15     all    0.00   24.21   26.91    0.00    0.00    9.12    0.00    0.00    0.00   39.76
01:08:16     all    0.03   24.46   26.45    0.00    0.00    9.58    0.00    0.00    0.00   39.47
01:08:17     all    0.00   25.41   26.79    0.00    0.00    9.93    0.00    0.00    0.00   37.87
01:08:18     all    0.00   36.19   26.66    0.00    0.00    9.49    0.00    0.00    0.00   27.66
01:08:19     all    0.00   44.09   25.55    0.00    0.00    9.73    0.00    0.00    0.00   20.63
01:08:20     all    0.13   39.61   26.10    0.00    0.00    9.68    0.00    0.00    0.00   24.48
01:08:21     all    0.00   40.78   26.37    0.00    0.00    9.60    0.00    0.00    0.00   23.26
01:08:22     all    0.00   24.11   26.55    0.00    0.00    9.49    0.00    0.00    0.00   39.84
01:08:23     all    0.03   23.86   27.68    0.00    0.00    9.12    0.00    0.00    0.00   39.31
01:08:24     all    0.00   26.97   26.52    0.00    0.00    9.30    0.00    0.00    0.00   37.21
01:08:25     all    0.03   26.52   27.44    0.00    0.00    9.49    0.00    0.00    0.00   36.52
01:08:26     all    0.00   30.43   26.99    0.00    0.00    9.58    0.00    0.00    0.00   33.00
01:08:27     all    0.00   26.50   26.70    0.00    0.00    9.51    0.00    0.00    0.00   37.28
01:08:28     all    0.00   22.99   27.17    0.00    0.00    9.00    0.00    0.00    0.00   40.84
01:08:29     all    0.03   31.54   27.25    0.00    0.00    8.66    0.00    0.00    0.00   32.51
01:08:30     all    0.06   25.29   27.01    0.00    0.00    9.19    0.00    0.00    0.00   38.44
01:08:31     all    0.03   12.42   27.56    0.00    0.00    9.42    0.00    0.00    0.00   50.56
01:08:32     all    0.00   22.62   27.33    0.00    0.00    9.66    0.00    0.00    0.00   40.39
01:08:33     all    0.00   31.13   27.48    0.00    0.00    8.90    0.00    0.00    0.00   32.48
01:08:34     all    0.00   32.67   26.77    0.00    0.00    9.56    0.00    0.00    0.00   31.00
01:08:35     all    0.00   33.19   27.12    0.00    0.00    8.92    0.00    0.00    0.00   30.77
01:08:36     all    0.00   22.05   27.11    0.00    0.00    9.43    0.00    0.00    0.00   41.40
01:08:37     all    0.03   34.07   26.17    0.00    0.00    9.68    0.00    0.00    0.00   30.05
01:08:38     all    0.00   33.21   26.77    0.00    0.00    9.10    0.00    0.00    0.00   30.92
01:08:39     all    0.00   26.41   27.05    0.00    0.00    9.39    0.00    0.00    0.00   37.15
01:08:40     all    0.13   18.96   27.41    0.00    0.00    9.45    0.00    0.00    0.00   44.05
01:08:41     all    0.00   13.47   25.48    0.00    0.00   10.08    0.00    0.00    0.00   50.97
01:08:42     all    0.00   23.19   23.61    0.00    0.00    9.10    0.00    0.00    0.00   44.10
01:08:43     all    0.03   31.58   24.06    0.00    0.00    8.90    0.00    0.00    0.00   35.42
01:08:44     all    0.00   39.84   22.41    0.00    0.00    9.28    0.00    0.00    0.00   28.46
01:08:45     all    0.03   42.84   21.55    0.00    0.00    9.22    0.00    0.00    0.00   26.36
01:08:46     all    0.03   31.70   23.45    0.00    0.00    9.13    0.00    0.00    0.00   35.69
01:08:47     all    0.00   25.02   23.56    0.00    0.00    9.06    0.00    0.00    0.00   42.36
01:08:48     all    0.00   42.95   21.35    0.00    0.00    8.63    0.00    0.00    0.00   27.08
01:08:49     all    0.03   44.40   20.70    0.00    0.00    8.65    0.00    0.00    0.00   26.22
01:08:50     all    0.06   30.65   23.81    0.00    0.00    8.66    0.00    0.00    0.00   36.81
01:08:51     all    0.03   18.60   24.51    0.00    0.00    9.93    0.00    0.00    0.00   46.93
01:08:52     all    0.00   11.99   26.40    0.00    0.00    9.39    0.00    0.00    0.00   52.22
01:08:53     all    0.00   32.49   22.87    0.00    0.00    9.24    0.00    0.00    0.00   35.40
01:08:54     all    0.03   51.36   18.52    0.00    0.00    8.56    0.00    0.00    0.00   21.53
01:08:55     all    0.00   51.62   19.01    0.00    0.00    8.54    0.00    0.00    0.00   20.83
01:08:56     all    0.00   46.46   18.20    0.00    0.00    8.07    0.00    0.00    0.00   27.28
01:08:57     all    0.00   14.77   24.05    0.00    0.00    9.01    0.00    0.00    0.00   52.16
01:08:58     all    0.10   11.45   24.72    0.00    0.00    9.54    0.00    0.00    0.00   54.20
01:08:59     all    0.00   14.15   23.30    0.00    0.00    9.70    0.00    0.00    0.00   52.84
01:09:00     all    0.36   14.61   24.62    0.00    0.00    9.33    0.00    0.00    0.00   51.09
01:09:01     all    0.00   15.98   23.92    0.00    0.00    9.34    0.00    0.00    0.00   50.76
01:09:02     all    0.00    8.89   24.23    0.00    0.00    9.32    0.00    0.00    0.00   57.56
01:09:03     all    0.03    2.29   26.44    0.00    0.00    9.46    0.00    0.00    0.00   61.78
01:09:04     all    0.00   11.25   24.73    0.00    0.00    9.51    0.00    0.00    0.00   54.51
01:09:05     all    0.00   20.24   23.88    0.00    0.00    8.64    0.00    0.00    0.00   47.24
01:09:06     all    0.03   20.08   22.78    0.00    0.00    8.87    0.00    0.00    0.00   48.24
01:09:07     all    0.03   18.02   23.15    0.00    0.00    8.96    0.00    0.00    0.00   49.84
01:09:08     all    0.00   11.17   24.23    0.00    0.00    9.31    0.00    0.00    0.00   55.29
01:09:09     all    0.00   16.71   23.33    0.00    0.00    8.88    0.00    0.00    0.00   51.08
01:09:10     all    0.10   17.86   24.38    0.00    0.00    8.78    0.00    0.00    0.00   48.89
01:09:11     all    0.00   13.22   20.61    0.00    0.00    9.13    0.00    0.00    0.00   57.05
01:09:12     all    0.03    5.39   21.23    0.00    0.00    9.55    0.00    0.00    0.00   63.80
01:09:13     all    0.00    8.57   21.11    0.00    0.00    9.38    0.00    0.00    0.00   60.93
01:09:14     all    0.00   10.21   21.35    0.00    0.00    9.27    0.00    0.00    0.00   59.17
01:09:15     all    0.00    4.89   21.33    0.00    0.00    9.98    0.00    0.00    0.00   63.80
01:09:16     all    0.00    7.33   20.20    0.00    0.00    9.71    0.00    0.00    0.00   62.76
01:09:17     all    0.00    8.23   21.23    0.00    0.00    9.50    0.00    0.00    0.00   61.04
01:09:18     all    0.00    2.40   16.44    0.00    0.00    9.16    0.00    0.00    0.00   71.99
01:09:19     all    0.00    3.62   15.22    0.00    0.00    8.02    0.00    0.00    0.00   73.14
01:09:20     all    0.07    2.94   14.59    0.00    0.00    7.82    0.00    0.00    0.00   74.58
01:09:21     all    0.03    5.68   15.29    0.00    0.00    7.14    0.00    0.00    0.00   71.85
01:09:22     all    0.00    4.07   14.69    0.00    0.00    7.56    0.00    0.00    0.00   73.68
01:09:23     all    0.03    4.25   12.16    0.00    0.00    6.61    0.00    0.00    0.00   76.95
01:09:24     all    0.00    0.00    8.31    0.00    0.00    5.68    0.00    0.00    0.00   86.00
01:09:25     all    0.00    0.62    9.23    0.00    0.00    5.09    0.00    0.00    0.00   85.07
01:09:26     all    0.00    0.03    9.67    0.00    0.00    5.47    0.00    0.00    0.00   84.83
01:09:27     all    0.00    0.91    9.07    0.00    0.00    5.54    0.00    0.00    0.00   84.49
01:09:28     all    0.00    1.33    9.12    0.00    0.00    4.72    0.00    0.00    0.00   84.84
01:09:29     all    0.03    0.06    9.42    0.00    0.00    5.19    0.00    0.00    0.00   85.29
01:09:30     all    0.10    1.78    9.11    0.00    0.00    5.20    0.00    0.00    0.00   83.82
01:09:31     all    0.00    0.81    8.76    0.00    0.00    4.85    0.00    0.00    0.00   85.58
01:09:32     all    0.00    2.79    7.52    0.00    0.00    5.15    0.00    0.00    0.00   84.54
01:09:33     all    0.03    0.87    8.91    0.00    0.00    5.62    0.00    0.00    0.00   84.56
01:09:34     all    0.00    0.03    9.22    0.00    0.00    5.62    0.00    0.00    0.00   85.13
01:09:35     all    0.03    0.10    9.30    0.00    0.00    5.77    0.00    0.00    0.00   84.80
01:09:36     all    0.00    1.66    8.47    0.00    0.00    5.36    0.00    0.00    0.00   84.52
01:09:37     all    0.00    2.45    9.24    0.00    0.00    5.31    0.00    0.00    0.00   83.01
01:09:38     all    0.07   17.09   10.53    0.00    0.00    5.87    0.00    0.00    0.00   66.45
01:09:39     all    0.00   22.59   14.97    0.00    0.00    6.97    0.00    0.00    0.00   55.47
01:09:40     all    0.07   37.63   13.55    0.00    0.00    6.05    0.00    0.00    0.00   42.70
01:09:41     all    0.03   48.46   13.13    0.00    0.00    5.85    0.00    0.00    0.00   32.53
01:09:42     all    0.00   52.49   11.22    0.00    0.00    5.01    0.00    0.00    0.00   31.27
01:09:43     all    0.03   42.42   14.07    0.00    0.00    6.31    0.00    0.00    0.00   37.16
01:09:44     all    0.03   27.23   16.23    0.00    0.00    7.38    0.00    0.00    0.00   49.13
01:09:45     all    0.00   33.34   13.79    0.00    0.00    5.92    0.00    0.00    0.00   46.94
01:09:46     all    0.03   50.54   11.84    0.00    0.00    5.94    0.00    0.00    0.00   31.65
01:09:47     all    0.00   53.21   12.95    0.00    0.00    6.00    0.00    0.00    0.00   27.84
01:09:48     all    0.03   50.21   13.69    0.00    0.00    6.98    0.00    0.00    0.00   29.08
01:09:49     all    0.00   51.11   12.97    0.00    0.00    6.32    0.00    0.00    0.00   29.59
01:09:50     all    0.10   44.78   14.82    0.00    0.00    7.18    0.00    0.00    0.00   33.13
01:09:51     all    0.00   27.95   16.01    0.00    0.00    7.86    0.00    0.00    0.00   48.17
01:09:52     all    0.03   22.23   14.21    0.00    0.00    6.74    0.00    0.00    0.00   56.79
01:09:53     all    0.03   18.34   16.96    0.00    0.00    7.18    0.00    0.00    0.00   57.50
01:09:54     all    0.00   13.72   15.80    0.00    0.00    7.10    0.00    0.00    0.00   63.38
01:09:55     all    0.03   38.75   13.07    0.00    0.00    5.80    0.00    0.00    0.00   42.34
01:09:56     all    0.00   40.41   12.91    0.00    0.00    6.05    0.00    0.00    0.00   40.63
01:09:57     all    0.00   47.29   11.08    0.00    0.00    5.52    0.00    0.00    0.00   36.12
01:09:58     all    0.10   55.63    9.23    0.00    0.00    4.99    0.00    0.00    0.00   30.05
01:09:59     all    0.00   54.61   10.16    0.00    0.00    4.26    0.00    0.00    0.00   30.97
01:10:00     all    0.51   54.45    9.80    0.00    0.00    3.83    0.00    0.00    0.00   31.40
01:10:01     all    0.00   53.95   10.29    0.00    0.00    4.53    0.00    0.00    0.00   31.22
01:10:02     all    0.00   55.39   14.46    0.00    0.00    5.95    0.00    0.00    0.00   24.20
01:10:03     all    0.00   53.08   15.81    0.00    0.00    6.68    0.00    0.00    0.00   24.42
01:10:04     all    0.07   51.81   17.72    0.00    0.00    7.96    0.00    0.00    0.00   22.45
01:10:05     all    0.00   51.57   16.70    0.00    0.00    7.22    0.00    0.00    0.00   24.51
01:10:06     all    0.00   51.32   19.76    0.00    0.00    8.61    0.00    0.00    0.00   20.31
01:10:07     all    0.03   51.20   25.02    0.00    0.00    8.26    0.00    0.00    0.00   15.48
01:10:08     all    0.00   52.40   24.94    0.00    0.00    8.80    0.00    0.00    0.00   13.86
01:10:09     all    0.03   43.44   25.60    0.00    0.00    8.37    0.00    0.00    0.00   22.56
01:10:10     all    0.10   45.47   24.98    0.00    0.00    8.45    0.00    0.00    0.00   21.01
01:10:11     all    0.00   51.90   23.26    0.00    0.00    8.44    0.00    0.00    0.00   16.40
01:10:12     all    0.03   52.40   18.89    0.00    0.00    7.91    0.00    0.00    0.00   20.77
01:10:13     all    0.00   53.21   14.81    0.00    0.00    7.63    0.00    0.00    0.00   24.34
01:10:14     all    0.00   52.64   14.13    0.00    0.00    7.59    0.00    0.00    0.00   25.64
01:10:15     all    0.00   53.59   12.97    0.00    0.00    6.73    0.00    0.00    0.00   26.71
01:10:16     all    0.00   56.63    9.73    0.00    0.00    4.59    0.00    0.00    0.00   29.06
01:10:17     all    0.00   80.18    8.44    0.00    0.00    3.07    0.00    0.00    0.00    8.31
01:10:18     all    0.03   91.22    5.47    0.00    0.00    1.66    0.00    0.00    0.00    1.62
01:10:19     all    0.00   90.60    6.04    0.00    0.00    1.82    0.00    0.00    0.00    1.53
01:10:20     all    0.03   90.03    6.27    0.00    0.00    1.57    0.00    0.00    0.00    2.10
01:10:21     all    0.00   81.43    9.60    0.00    0.00    3.61    0.00    0.00    0.00    5.36
01:10:22     all    0.03   85.18    7.74    0.00    0.00    3.04    0.00    0.00    0.00    4.01
01:10:23     all    0.00   87.79    5.79    0.00    0.00    1.76    0.00    0.00    0.00    4.66
01:10:24     all    0.00   82.09    6.62    0.00    0.00    2.21    0.00    0.00    0.00    9.08
01:10:25     all    0.00   91.21    4.65    0.00    0.00    1.26    0.00    0.00    0.00    2.89
01:10:26     all    0.03   90.73    5.79    0.00    0.00    1.38    0.00    0.00    0.00    2.07
01:10:27     all    0.03   87.88    7.09    0.00    0.00    2.01    0.00    0.00    0.00    2.98
01:10:28     all    0.00   78.37    9.27    0.00    0.00    3.78    0.00    0.00    0.00    8.58
01:10:29     all    0.00   69.10    7.14    0.00    0.00    2.64    0.00    0.00    0.00   21.12
01:10:30     all    0.10   66.00    8.68    0.00    0.00    4.09    0.00    0.00    0.00   21.14
01:10:31     all    0.00   63.90   10.29    0.00    0.00    4.89    0.00    0.00    0.00   20.93
01:10:32     all    0.00   66.28   10.60    0.00    0.00    4.44    0.00    0.00    0.00   18.68
01:10:33     all    0.00   66.83   10.96    0.00    0.00    4.97    0.00    0.00    0.00   17.24
01:10:34     all    0.03   74.79   12.61    0.03    0.00    4.80    0.00    0.00    0.00    7.74
01:10:35     all    0.00   71.93   10.16    0.00    0.00    4.91    0.00    0.00    0.00   13.01
01:10:36     all    0.00   77.47    7.87    0.00    0.00    2.98    0.00    0.00    0.00   11.68
01:10:37     all    0.00   89.64    5.81    0.00    0.00    1.85    0.00    0.00    0.00    2.70
01:10:38     all    0.03   90.12    6.16    0.00    0.00    1.81    0.00    0.00    0.00    1.88
01:10:39     all    0.03   90.08    6.23    0.00    0.00    1.72    0.00    0.00    0.00    1.94
01:10:40     all    0.09   94.09    3.38    0.00    0.00    0.94    0.00    0.00    0.00    1.50
01:10:41     all    0.00   99.72    0.16    0.00    0.00    0.00    0.00    0.00    0.00    0.13
01:10:42     all    0.03   99.84    0.06    0.00    0.00    0.00    0.00    0.00    0.00    0.06
01:10:43     all    0.00   95.59    2.94    0.00    0.00    0.88    0.00    0.00    0.00    0.59
01:10:44     all    0.00   73.20   16.35    0.00    0.00    6.56    0.00    0.00    0.00    3.89
01:10:45     all    0.00   67.98   19.96    0.00    0.00    7.56    0.00    0.00    0.00    4.49
01:10:46     all    0.00   70.91   17.85    0.00    0.00    6.88    0.00    0.00    0.00    4.35
01:10:47     all    0.00   78.37   12.43    0.00    0.00    4.52    0.00    0.00    0.00    4.68
01:10:48     all    0.03   76.36   13.45    0.00    0.00    5.00    0.00    0.00    0.00    5.16
01:10:49     all    0.00   74.51   14.22    0.00    0.00    5.05    0.00    0.00    0.00    6.21
01:10:50     all    0.22   74.87   14.33    0.00    0.00    5.54    0.00    0.00    0.00    5.04
01:10:51     all    0.00   72.61   15.86    0.00    0.00    5.85    0.00    0.00    0.00    5.69
01:10:52     all    0.00   73.24   12.54    0.00    0.00    5.10    0.00    0.00    0.00    9.12
01:10:53     all    0.00   66.20   17.22    0.00    0.00    6.23    0.00    0.00    0.00   10.36
01:10:54     all    0.00   63.32   17.64    0.00    0.00    6.54    0.00    0.00    0.00   12.50
01:10:55     all    0.03   62.89   16.80    0.00    0.00    6.79    0.00    0.00    0.00   13.48
01:10:56     all    0.00   64.29   15.85    0.00    0.00    6.62    0.00    0.00    0.00   13.24
01:10:57     all    0.00   64.98   17.75    0.00    0.00    7.48    0.00    0.00    0.00    9.79
01:10:58     all    0.03   63.55   17.65    0.00    0.00    6.93    0.00    0.00    0.00   11.84
01:10:59     all    0.03   63.10   17.00    0.00    0.00    6.15    0.00    0.00    0.00   13.72
01:11:00     all    0.45   64.24   16.37    0.00    0.00    6.18    0.00    0.00    0.00   12.75
01:11:01     all    0.00   56.79   13.03    0.00    0.00    6.22    0.00    0.00    0.00   23.95
01:11:02     all    0.00   55.75   12.96    0.00    0.00    6.19    0.00    0.00    0.00   25.10
01:11:03     all    0.00   66.36   11.45    0.00    0.00    5.04    0.00    0.00    0.00   17.15
01:11:04     all    0.00   70.86   17.61    0.00    0.00    6.52    0.00    0.00    0.00    5.01
01:11:05     all    0.00   72.80   14.03    0.00    0.00    5.40    0.00    0.00    0.00    7.77
01:11:06     all    0.00   74.73   13.01    0.00    0.00    4.90    0.00    0.00    0.00    7.36
01:11:07     all    0.00   78.32   13.36    0.00    0.00    4.47    0.00    0.00    0.00    3.84
01:11:08     all    0.09   77.77   13.45    0.00    0.00    4.86    0.00    0.00    0.00    3.82
01:11:09     all    0.00   77.12   13.56    0.00    0.00    4.56    0.00    0.00    0.00    4.75
01:11:10     all    0.09   75.72   12.99    0.00    0.00    4.65    0.00    0.00    0.00    6.54
01:11:11     all    0.03   66.12   19.09    0.00    0.00    7.34    0.00    0.00    0.00    7.41
01:11:12     all    0.00   72.68   14.50    0.00    0.00    5.83    0.00    0.00    0.00    7.00
01:11:13     all    0.00   72.83   13.90    0.00    0.00    5.29    0.00    0.00    0.00    7.97
01:11:14     all    0.00   80.66    6.12    0.00    0.00    1.86    0.00    0.00    0.00   11.36
01:11:15     all    0.03   88.79    4.97    0.00    0.00    1.38    0.00    0.00    0.00    4.82
01:11:16     all    0.00   90.36    5.79    0.00    0.00    1.72    0.00    0.00    0.00    2.13
01:11:17     all    0.03   92.88    4.47    0.00    0.00    1.31    0.00    0.00    0.00    1.31
01:11:18     all    0.00   92.56    4.11    0.00    0.00    1.04    0.00    0.00    0.00    2.29
01:11:19     all    0.03   89.93    5.81    0.00    0.00    2.06    0.00    0.00    0.00    2.16
01:11:20     all    0.16   95.19    2.84    0.00    0.00    0.84    0.00    0.00    0.00    0.97
01:11:21     all    0.03   91.39    5.67    0.00    0.00    1.57    0.00    0.00    0.00    1.35
01:11:22     all    0.03   91.59    5.21    0.00    0.00    1.54    0.00    0.00    0.00    1.63
01:11:23     all    0.00   93.54    4.06    0.00    0.00    1.03    0.00    0.00    0.00    1.37
01:11:24     all    0.00   97.66    1.62    0.00    0.00    0.41    0.00    0.00    0.00    0.31
01:11:25     all    0.03   96.56    2.12    0.00    0.00    0.78    0.00    0.00    0.00    0.50
01:11:26     all    0.00   98.91    0.69    0.00    0.00    0.16    0.00    0.00    0.00    0.25
01:11:27     all    0.03   99.75    0.16    0.00    0.00    0.00    0.00    0.00    0.00    0.06
01:11:28     all    0.03   99.81    0.09    0.00    0.00    0.00    0.00    0.00    0.00    0.06
01:11:29     all    0.00   99.44    0.38    0.00    0.00    0.12    0.00    0.00    0.00    0.06
01:11:30     all    0.06   99.66    0.19    0.00    0.00    0.03    0.00    0.00    0.00    0.06
01:11:31     all    0.03   99.72    0.16    0.00    0.00    0.00    0.00    0.00    0.00    0.09
01:11:32     all    0.00   99.97    0.00    0.00    0.00    0.00    0.00    0.00    0.00    0.03
01:11:33     all    0.00   98.88    0.84    0.00    0.00    0.22    0.00    0.00    0.00    0.06
01:11:34     all    0.03   86.07    9.68    0.00    0.00    2.75    0.00    0.00    0.00    1.47
01:11:35     all    0.00   82.48   11.72    0.00    0.00    3.79    0.00    0.00    0.00    2.01
01:11:36     all    0.00   79.88   13.16    0.00    0.00    4.32    0.00    0.00    0.00    2.63
01:11:37     all    0.03   77.72   13.95    0.00    0.00    4.78    0.00    0.00    0.00    3.52
01:11:38     all    0.03   83.80    9.87    0.00    0.00    3.10    0.00    0.00    0.00    3.20
01:11:39     all    0.00   93.61    4.26    0.00    0.00    0.94    0.00    0.00    0.00    1.19
01:11:40     all    0.06   86.09    8.86    0.00    0.00    2.88    0.00    0.00    0.00    2.10
01:11:41     all    0.00   76.87   14.34    0.00    0.00    5.21    0.00    0.00    0.00    3.58
01:11:42     all    0.00   76.37   14.69    0.00    0.00    4.97    0.00    0.00    0.00    3.96
01:11:43     all    0.00   74.17   13.64    0.00    0.00    4.95    0.00    0.00    0.00    7.25
01:11:44     all    0.00   71.95   13.38    0.00    0.00    4.90    0.00    0.00    0.00    9.77
01:11:45     all    0.03   75.35   12.64    0.00    0.00    5.20    0.00    0.00    0.00    6.78
01:11:46     all    0.00   71.25   12.03    0.00    0.00    4.52    0.00    0.00    0.00   12.19
01:11:47     all    0.03   73.29   12.91    0.00    0.00    4.69    0.00    0.00    0.00    9.09
01:11:48     all    0.03   68.62   10.51    0.00    0.00    4.43    0.00    0.00    0.00   16.41
01:11:49     all    0.00   73.02   13.00    0.00    0.00    5.18    0.00    0.00    0.00    8.80
01:11:50     all    0.13   72.67   12.33    0.00    0.00    4.34    0.00    0.00    0.00   10.53
01:11:51     all    0.00   72.67   12.81    0.00    0.00    4.85    0.00    0.00    0.00    9.67
01:11:52     all    0.00   72.98   11.97    0.00    0.00    4.75    0.00    0.00    0.00   10.29
01:11:53     all    0.03   73.76   12.04    0.00    0.00    4.35    0.00    0.00    0.00    9.83
01:11:54     all    0.00   74.08   11.51    0.00    0.00    4.71    0.00    0.00    0.00    9.71
01:11:55     all    0.00   72.64   13.82    0.00    0.00    5.13    0.00    0.00    0.00    8.41
01:11:56     all    0.03   74.19   13.79    0.00    0.00    5.34    0.00    0.00    0.00    6.64
01:11:57     all    0.03   74.57   14.30    0.00    0.00    5.16    0.00    0.00    0.00    5.95
01:11:58     all    0.00   68.58   15.91    0.00    0.00    6.89    0.00    0.00    0.00    8.61
01:11:59     all    0.03   58.18   16.13    0.00    0.00    7.27    0.00    0.00    0.00   18.39
01:12:00     all    0.52   57.65   17.23    0.00    0.00    7.54    0.00    0.00    0.00   17.07
01:12:01     all    0.03   55.99   16.17    0.00    0.00    7.68    0.00    0.00    0.00   20.12
01:12:02     all    0.03   56.76   17.18    0.00    0.00    7.57    0.00    0.00    0.00   18.45
01:12:03     all    0.03   57.73   15.43    0.00    0.00    7.84    0.00    0.00    0.00   18.96
01:12:04     all    0.00   57.11   16.18    0.00    0.00    7.70    0.00    0.00    0.00   19.00
01:12:05     all    0.03   63.21   10.12    0.00    0.00    5.86    0.00    0.00    0.00   20.78
01:12:06     all    0.00   58.67   15.76    0.00    0.00    7.66    0.00    0.00    0.00   17.92
01:12:07     all    0.03   55.89   16.64    0.00    0.00    7.59    0.00    0.00    0.00   19.85
01:12:08     all    0.00   53.41   16.13    0.00    0.00    7.72    0.00    0.00    0.00   22.74
01:12:09     all    0.00   52.20   12.54    0.00    0.00    6.91    0.00    0.00    0.00   28.35
01:12:10     all    0.06   57.15    9.81    0.00    0.00    5.00    0.00    0.00    0.00   27.98
01:12:11     all    0.03   64.42   10.08    0.00    0.00    4.83    0.00    0.00    0.00   20.64
01:12:12     all    0.03   72.38   12.88    0.00    0.00    5.43    0.00    0.00    0.00    9.28
01:12:13     all    0.00   69.17   13.23    0.00    0.00    5.80    0.00    0.00    0.00   11.80
01:12:14     all    0.03   72.45   12.12    0.00    0.00    4.89    0.00    0.00    0.00   10.51
01:12:15     all    0.00   87.83    6.00    0.00    0.00    1.63    0.00    0.00    0.00    4.53
01:12:16     all    0.03   92.21    4.72    0.00    0.00    1.50    0.00    0.00    0.00    1.53
01:12:17     all    0.00   97.03    1.53    0.00    0.00    0.41    0.00    0.00    0.00    1.03
01:12:18     all    0.00   99.78    0.09    0.00    0.00    0.00    0.00    0.00    0.00    0.12
01:12:19     all    0.03   99.69    0.16    0.00    0.00    0.00    0.00    0.00    0.00    0.12
01:12:20     all    0.06   99.62    0.28    0.00    0.00    0.00    0.00    0.00    0.00    0.03
01:12:21     all    0.03   99.78    0.12    0.00    0.00    0.03    0.00    0.00    0.00    0.03
01:12:22     all    0.00   99.81    0.16    0.00    0.00    0.00    0.00    0.00    0.00    0.03
01:12:23     all    0.00   99.88    0.03    0.00    0.00    0.00    0.00    0.00    0.00    0.09
01:12:24     all    0.00   99.81    0.16    0.00    0.00    0.00    0.00    0.00    0.00    0.03
01:12:25     all    0.03   99.88    0.09    0.00    0.00    0.00    0.00    0.00    0.00    0.00
01:12:26     all    0.00   99.88    0.06    0.00    0.00    0.03    0.00    0.00    0.00    0.03
01:12:27     all    0.03   99.72    0.22    0.00    0.00    0.00    0.00    0.00    0.00    0.03
01:12:28     all    0.00   99.84    0.13    0.00    0.00    0.03    0.00    0.00    0.00    0.00
01:12:29     all    0.00   99.91    0.06    0.00    0.00    0.03    0.00    0.00    0.00    0.00
01:12:30     all    0.09   99.69    0.19    0.00    0.00    0.00    0.00    0.00    0.00    0.03
01:12:31     all    0.00   99.81    0.16    0.00    0.00    0.03    0.00    0.00    0.00    0.00
01:12:32     all    0.00  100.00    0.00    0.00    0.00    0.00    0.00    0.00    0.00    0.00
01:12:33     all    0.00   99.91    0.09    0.00    0.00    0.00    0.00    0.00    0.00    0.00
01:12:34     all    0.03   99.87    0.09    0.00    0.00    0.00    0.00    0.00    0.00    0.00
01:12:35     all    0.00   99.91    0.06    0.00    0.00    0.00    0.00    0.00    0.00    0.03
01:12:36     all    0.00   99.78    0.16    0.00    0.00    0.03    0.00    0.00    0.00    0.03
01:12:37     all    0.00   99.91    0.09    0.00    0.00    0.00    0.00    0.00    0.00    0.00
01:12:38     all    0.00  100.00    0.00    0.00    0.00    0.00    0.00    0.00    0.00    0.00
01:12:39     all    0.00   99.78    0.19    0.00    0.00    0.00    0.00    0.00    0.00    0.03
01:12:40     all    0.06   99.75    0.16    0.00    0.00    0.00    0.00    0.00    0.00    0.03
01:12:41     all    0.00   99.84    0.09    0.00    0.00    0.03    0.00    0.00    0.00    0.03
01:12:42     all    0.03   99.84    0.09    0.00    0.00    0.00    0.00    0.00    0.00    0.03
01:12:43     all    0.00   99.81    0.12    0.00    0.00    0.03    0.00    0.00    0.00    0.03
01:12:44     all    0.00   99.97    0.03    0.00    0.00    0.00    0.00    0.00    0.00    0.00
01:12:45     all    0.00   99.91    0.09    0.00    0.00    0.00    0.00    0.00    0.00    0.00
01:12:46     all    0.03   99.84    0.09    0.00    0.00    0.00    0.00    0.00    0.00    0.03
01:12:47     all    0.00   99.91    0.06    0.00    0.00    0.03    0.00    0.00    0.00    0.00
01:12:48     all    0.00   99.91    0.09    0.00    0.00    0.00    0.00    0.00    0.00    0.00
01:12:49     all    0.00   99.94    0.06    0.00    0.00    0.00    0.00    0.00    0.00    0.00
01:12:50     all    0.12   99.69    0.16    0.00    0.00    0.00    0.00    0.00    0.00    0.03
01:12:51     all    0.03   99.91    0.06    0.00    0.00    0.00    0.00    0.00    0.00    0.00
01:12:52     all    0.00   99.94    0.00    0.00    0.00    0.00    0.00    0.00    0.00    0.06
01:12:53     all    0.03   99.84    0.09    0.00    0.00    0.00    0.00    0.00    0.00    0.03
01:12:54     all    0.00   99.84    0.13    0.00    0.00    0.00    0.00    0.00    0.00    0.03
01:12:55     all    0.00   99.84    0.03    0.00    0.00    0.00    0.00    0.00    0.00    0.12
01:12:56     all    0.00   99.88    0.09    0.00    0.00    0.00    0.00    0.00    0.00    0.03
01:12:57     all    0.00   99.84    0.12    0.00    0.00    0.00    0.00    0.00    0.00    0.03
01:12:58     all    0.00   99.97    0.03    0.00    0.00    0.00    0.00    0.00    0.00    0.00
01:12:59     all    0.03   99.78    0.06    0.00    0.00    0.03    0.00    0.00    0.00    0.09
01:13:00     all    0.44   99.34    0.19    0.00    0.00    0.00    0.00    0.00    0.00    0.03
01:13:01     all    0.00   99.88    0.06    0.00    0.00    0.03    0.00    0.00    0.00    0.03
01:13:02     all    0.00   99.88    0.09    0.00    0.00    0.00    0.00    0.00    0.00    0.03
01:13:03     all    0.03   99.84    0.09    0.00    0.00    0.00    0.00    0.00    0.00    0.03
01:13:04     all    0.00   99.88    0.06    0.00    0.00    0.00    0.00    0.00    0.00    0.06
01:13:05     all    0.00   99.91    0.09    0.00    0.00    0.00    0.00    0.00    0.00    0.00
01:13:06     all    0.00   99.84    0.12    0.00    0.00    0.00    0.00    0.00    0.00    0.03
01:13:07     all    0.00   99.84    0.12    0.00    0.00    0.00    0.00    0.00    0.00    0.03
01:13:08     all    0.03   99.81    0.09    0.00    0.00    0.00    0.00    0.00    0.00    0.06
01:13:09     all    0.03   99.84    0.09    0.00    0.00    0.00    0.00    0.00    0.00    0.03
01:13:10     all    0.06   99.09    0.72    0.00    0.00    0.06    0.00    0.00    0.00    0.06
01:13:11     all    0.00   99.84    0.09    0.00    0.00    0.00    0.00    0.00    0.00    0.06
01:13:12     all    0.00   99.84    0.09    0.00    0.00    0.00    0.00    0.00    0.00    0.06
01:13:13     all    0.00   99.94    0.06    0.00    0.00    0.00    0.00    0.00    0.00    0.00
01:13:14     all    0.03   99.66    0.16    0.00    0.00    0.06    0.00    0.00    0.00    0.09
01:13:15     all    0.00   99.91    0.03    0.00    0.00    0.00    0.00    0.00    0.00    0.06
01:13:16     all    0.00   99.84    0.09    0.00    0.00    0.00    0.00    0.00    0.00    0.06
01:13:17     all    0.03   99.81    0.09    0.00    0.00    0.00    0.00    0.00    0.00    0.06
01:13:18     all    0.03   99.91    0.03    0.00    0.00    0.00    0.00    0.00    0.00    0.03
01:13:19     all    0.00   99.87    0.13    0.00    0.00    0.00    0.00    0.00    0.00    0.00
01:13:20     all    0.09   99.69    0.19    0.00    0.00    0.00    0.00    0.00    0.00    0.03
01:13:21     all    0.00   99.97    0.00    0.00    0.00    0.00    0.00    0.00    0.00    0.03
01:13:22     all    0.00   99.84    0.09    0.00    0.00    0.00    0.00    0.00    0.00    0.06
01:13:23     all    0.00   99.94    0.06    0.00    0.00    0.00    0.00    0.00    0.00    0.00
01:13:24     all    0.00   99.56    0.31    0.00    0.00    0.06    0.00    0.00    0.00    0.06
01:13:25     all    0.03   96.90    2.22    0.00    0.00    0.66    0.00    0.00    0.00    0.19
01:13:26     all    0.03   99.28    0.47    0.00    0.00    0.06    0.00    0.00    0.00    0.16
01:13:27     all    0.00   99.88    0.03    0.00    0.00    0.00    0.00    0.00    0.00    0.09
01:13:28     all    0.03   99.88    0.06    0.00    0.00    0.03    0.00    0.00    0.00    0.00
01:13:29     all    0.03   99.88    0.09    0.00    0.00    0.00    0.00    0.00    0.00    0.00
01:13:30     all    0.03   99.78    0.16    0.00    0.00    0.00    0.00    0.00    0.00    0.03
01:13:31     all    0.00   99.91    0.09    0.00    0.00    0.00    0.00    0.00    0.00    0.00
01:13:32     all    0.03   99.88    0.06    0.00    0.00    0.00    0.00    0.00    0.00    0.03
01:13:33     all    0.00   99.94    0.03    0.00    0.00    0.00    0.00    0.00    0.00    0.03
01:13:34     all    0.00   99.47    0.38    0.00    0.00    0.12    0.00    0.00    0.00    0.03
01:13:35     all    0.00   99.81    0.16    0.00    0.00    0.00    0.00    0.00    0.00    0.03
01:13:36     all    0.00   99.97    0.00    0.00    0.00    0.00    0.00    0.00    0.00    0.03
01:13:37     all    0.03   99.88    0.06    0.00    0.00    0.00    0.00    0.00    0.00    0.03
01:13:38     all    0.03   99.94    0.00    0.00    0.00    0.00    0.00    0.00    0.00    0.03
01:13:39     all    0.00   99.84    0.09    0.00    0.00    0.00    0.00    0.00    0.00    0.06
01:13:40     all    0.09   99.72    0.16    0.00    0.00    0.00    0.00    0.00    0.00    0.03
01:13:41     all    0.00   99.19    0.63    0.00    0.00    0.13    0.00    0.00    0.00    0.06
01:13:42     all    0.03   99.84    0.06    0.00    0.00    0.00    0.00    0.00    0.00    0.06
01:13:43     all    0.00   98.84    0.88    0.00    0.00    0.19    0.00    0.00    0.00    0.09
01:13:44     all    0.00   99.62    0.25    0.00    0.00    0.06    0.00    0.00    0.00    0.06
01:13:45     all    0.00   99.78    0.12    0.00    0.00    0.00    0.00    0.00    0.00    0.09
01:13:46     all    0.03   99.84    0.06    0.00    0.00    0.00    0.00    0.00    0.00    0.06
01:13:47     all    0.03   99.94    0.00    0.00    0.00    0.00    0.00    0.00    0.00    0.03
01:13:48     all    0.00   99.09    0.66    0.00    0.00    0.22    0.00    0.00    0.00    0.03
01:13:49     all    0.00   96.56    2.47    0.00    0.00    0.59    0.00    0.00    0.00    0.38
01:13:50     all    0.06   98.72    0.81    0.00    0.00    0.19    0.00    0.00    0.00    0.22
01:13:51     all    0.00   99.81    0.06    0.00    0.00    0.00    0.00    0.00    0.00    0.12
01:13:52     all    0.06   92.31    5.07    0.00    0.00    1.56    0.00    0.00    0.00    1.00
01:13:53     all    0.00   96.06    2.75    0.00    0.00    0.69    0.00    0.00    0.00    0.50
01:13:54     all    0.00   94.76    3.48    0.00    0.00    1.03    0.00    0.00    0.00    0.72
01:13:55     all    0.03   96.13    2.59    0.00    0.00    0.72    0.00    0.00    0.00    0.53
01:13:56     all    0.00   99.81    0.06    0.00    0.00    0.03    0.00    0.00    0.00    0.09
01:13:57     all    0.00   99.84    0.09    0.00    0.00    0.00    0.00    0.00    0.00    0.06
01:13:58     all    0.06   99.78    0.09    0.00    0.00    0.03    0.00    0.00    0.00    0.03
01:13:59     all    0.00   99.84    0.09    0.00    0.00    0.00    0.00    0.00    0.00    0.06
01:14:00     all    0.50   99.22    0.22    0.00    0.00    0.03    0.00    0.00    0.00    0.03
01:14:01     all    0.00   99.81    0.09    0.00    0.00    0.00    0.00    0.00    0.00    0.09
01:14:02     all    0.00   99.94    0.03    0.00    0.00    0.03    0.00    0.00    0.00    0.00
01:14:03     all    0.00   99.69    0.19    0.00    0.00    0.06    0.00    0.00    0.00    0.06
01:14:04     all    0.00   99.84    0.09    0.00    0.00    0.00    0.00    0.00    0.00    0.06
01:14:05     all    0.00   99.84    0.09    0.00    0.00    0.00    0.00    0.00    0.00    0.06
01:14:06     all    0.03   99.81    0.12    0.00    0.00    0.00    0.00    0.00    0.00    0.03
01:14:07     all    0.00   99.94    0.06    0.00    0.00    0.00    0.00    0.00    0.00    0.00
01:14:08     all    0.00   99.81    0.09    0.00    0.00    0.00    0.00    0.00    0.00    0.09
01:14:09     all    0.00   99.84    0.16    0.00    0.00    0.00    0.00    0.00    0.00    0.00
01:14:10     all    0.06   99.72    0.12    0.00    0.00    0.03    0.00    0.00    0.00    0.06
01:14:11     all    0.03   99.78    0.12    0.00    0.00    0.03    0.00    0.00    0.00    0.03
01:14:12     all    0.00   99.84    0.13    0.00    0.00    0.00    0.00    0.00    0.00    0.03
01:14:13     all    0.00   99.91    0.03    0.00    0.00    0.00    0.00    0.00    0.00    0.06
01:14:14     all    0.00   99.81    0.12    0.00    0.00    0.03    0.00    0.00    0.00    0.03
01:14:15     all    0.00   99.84    0.13    0.00    0.00    0.03    0.00    0.00    0.00    0.00
01:14:16     all    0.00   99.97    0.00    0.00    0.00    0.00    0.00    0.00    0.00    0.03
01:14:17     all    0.00   99.84    0.12    0.00    0.00    0.00    0.00    0.00    0.00    0.03
01:14:18     all    0.00   99.81    0.12    0.00    0.00    0.00    0.00    0.00    0.00    0.06
01:14:19     all    0.00   99.97    0.03    0.00    0.00    0.00    0.00    0.00    0.00    0.00
01:14:20     all    0.09   99.63    0.16    0.00    0.00    0.00    0.00    0.00    0.00    0.12
01:14:21     all    0.00   99.91    0.09    0.00    0.00    0.00    0.00    0.00    0.00    0.00
01:14:22     all    0.00   99.84    0.06    0.00    0.00    0.00    0.00    0.00    0.00    0.09
01:14:23     all    0.00   99.84    0.09    0.00    0.00    0.00    0.00    0.00    0.00    0.06
01:14:24     all    0.00   99.78    0.16    0.00    0.00    0.03    0.00    0.00    0.00    0.03
01:14:25     all    0.00   99.94    0.03    0.00    0.00    0.00    0.00    0.00    0.00    0.03
01:14:26     all    0.00   99.88    0.09    0.00    0.00    0.03    0.00    0.00    0.00    0.00
01:14:27     all    0.00   99.88    0.09    0.00    0.00    0.00    0.00    0.00    0.00    0.03
01:14:28     all    0.00   99.94    0.03    0.00    0.00    0.00    0.00    0.00    0.00    0.03
01:14:29     all    0.00   99.53    0.38    0.00    0.00    0.00    0.00    0.00    0.00    0.09
01:14:30     all    0.06   99.78    0.09    0.00    0.00    0.00    0.00    0.00    0.00    0.06
01:14:31     all    0.00   99.91    0.09    0.00    0.00    0.00    0.00    0.00    0.00    0.00
01:14:32     all    0.03   99.78    0.16    0.00    0.00    0.03    0.00    0.00    0.00    0.00
01:14:33     all    0.00  100.00    0.00    0.00    0.00    0.00    0.00    0.00    0.00    0.00
01:14:34     all    0.00   99.88    0.09    0.00    0.00    0.00    0.00    0.00    0.00    0.03
01:14:35     all    0.00   99.84    0.12    0.00    0.00    0.00    0.00    0.00    0.00    0.03
01:14:36     all    0.00   99.94    0.03    0.00    0.00    0.00    0.00    0.00    0.00    0.03
01:14:37     all    0.03   99.88    0.09    0.00    0.00    0.00    0.00    0.00    0.00    0.00
01:14:38     all    0.00   99.87    0.06    0.00    0.00    0.03    0.00    0.00    0.00    0.03
01:14:39     all    0.00   99.94    0.03    0.00    0.00    0.00    0.00    0.00    0.00    0.03
01:14:40     all    0.06   99.75    0.19    0.00    0.00    0.00    0.00    0.00    0.00    0.00
01:14:41     all    0.00   99.87    0.09    0.00    0.00    0.00    0.00    0.00    0.00    0.03
01:14:42     all    0.00   99.50    0.34    0.00    0.00    0.06    0.00    0.00    0.00    0.09
01:14:43     all    0.03   99.84    0.09    0.00    0.00    0.00    0.00    0.00    0.00    0.03
01:14:44     all    0.00   99.91    0.06    0.00    0.00    0.00    0.00    0.00    0.00    0.03
01:14:45     all    0.00   99.88    0.06    0.00    0.00    0.00    0.00    0.00    0.00    0.06
01:14:46     all    0.03   99.84    0.09    0.00    0.00    0.00    0.00    0.00    0.00    0.03
01:14:47     all    0.00   99.91    0.09    0.00    0.00    0.00    0.00    0.00    0.00    0.00
01:14:48     all    0.00   99.91    0.00    0.00    0.00    0.03    0.00    0.00    0.00    0.06
01:14:49     all    0.00   99.84    0.13    0.00    0.00    0.00    0.00    0.00    0.00    0.03
01:14:50     all    0.12   99.72    0.12    0.00    0.00    0.00    0.00    0.00    0.00    0.03
01:14:51     all    0.00   99.94    0.00    0.00    0.00    0.00    0.00    0.00    0.00    0.06
01:14:52     all    0.00   99.34    0.44    0.00    0.00    0.16    0.00    0.00    0.00    0.06
01:14:53     all    0.06   99.88    0.06    0.00    0.00    0.00    0.00    0.00    0.00    0.00
01:14:54     all    0.00  100.00    0.00    0.00    0.00    0.00    0.00    0.00    0.00    0.00
01:14:55     all    0.03   99.84    0.06    0.00    0.00    0.00    0.00    0.00    0.00    0.06
01:14:56     all    0.00  100.00    0.00    0.00    0.00    0.00    0.00    0.00    0.00    0.00
01:14:57     all    0.00   99.88    0.12    0.00    0.00    0.00    0.00    0.00    0.00    0.00
01:14:58     all    0.00   99.88    0.09    0.00    0.00    0.03    0.00    0.00    0.00    0.00
01:14:59     all    0.00   99.97    0.00    0.00    0.00    0.00    0.00    0.00    0.00    0.03
01:15:00     all    0.44   99.28    0.25    0.00    0.00    0.00    0.00    0.00    0.00    0.03
01:15:01     all    0.03   99.81    0.16    0.00    0.00    0.00    0.00    0.00    0.00    0.00
01:15:02     all    0.00   99.91    0.09    0.00    0.00    0.00    0.00    0.00    0.00    0.00
01:15:03     all    0.00   99.88    0.12    0.00    0.00    0.00    0.00    0.00    0.00    0.00
01:15:04     all    0.00   99.84    0.09    0.00    0.00    0.03    0.00    0.00    0.00    0.03
01:15:05     all    0.00   99.47    0.44    0.00    0.00    0.06    0.00    0.00    0.00    0.03
01:15:06     all    0.03   95.80    3.04    0.00    0.00    0.72    0.00    0.00    0.00    0.41
01:15:07     all    0.03   97.31    1.81    0.00    0.00    0.53    0.00    0.00    0.00    0.31
01:15:08     all    0.03   99.22    0.34    0.00    0.00    0.16    0.00    0.00    0.00    0.25
01:15:09     all    0.00   99.87    0.06    0.00    0.00    0.03    0.00    0.00    0.00    0.03
01:15:10     all    0.09   99.66    0.16    0.00    0.00    0.00    0.00    0.00    0.00    0.09
01:15:11     all    0.00   99.97    0.00    0.00    0.00    0.00    0.00    0.00    0.00    0.03
01:15:12     all    0.03   99.81    0.09    0.00    0.00    0.03    0.00    0.00    0.00    0.03
01:15:13     all    0.03   99.91    0.06    0.00    0.00    0.00    0.00    0.00    0.00    0.00
01:15:14     all    0.00   99.97    0.00    0.00    0.00    0.00    0.00    0.00    0.00    0.03
01:15:15     all    0.03   99.88    0.06    0.00    0.00    0.03    0.00    0.00    0.00    0.00
01:15:16     all    0.03   99.88    0.09    0.00    0.00    0.00    0.00    0.00    0.00    0.00
01:15:17     all    0.00   99.97    0.03    0.00    0.00    0.00    0.00    0.00    0.00    0.00
01:15:18     all    0.00   99.91    0.06    0.00    0.00    0.00    0.00    0.00    0.00    0.03
01:15:19     all    0.03   88.94    8.34    0.00    0.00    2.00    0.00    0.00    0.00    0.69
01:15:20     all    0.09   85.41   10.77    0.00    0.00    2.63    0.00    0.00    0.00    1.10
01:15:21     all    0.06   86.36    9.82    0.00    0.00    2.66    0.00    0.00    0.00    1.09
01:15:22     all    0.00   83.82   11.36    0.00    0.00    3.60    0.00    0.00    0.00    1.22
01:15:23     all    0.00   79.52   14.34    0.00    0.00    4.13    0.00    0.00    0.00    2.00
01:15:24     all    0.03   77.04   16.64    0.00    0.00    4.57    0.00    0.00    0.00    1.72
01:15:25     all    0.00   78.07   15.41    0.00    0.00    4.96    0.00    0.00    0.00    1.57
01:15:26     all    0.03   74.58   17.45    0.00    0.00    5.87    0.00    0.00    0.00    2.07
01:15:27     all    0.00   75.99   15.52    0.00    0.00    5.64    0.00    0.00    0.00    2.85
01:15:28     all    0.03   76.67   15.32    0.00    0.00    5.49    0.00    0.00    0.00    2.48
01:15:29     all    0.03   77.25   14.80    0.00    0.00    5.63    0.00    0.00    0.00    2.28
01:15:30     all    0.06   76.88   15.11    0.00    0.00    5.29    0.00    0.00    0.00    2.66
01:15:31     all    0.00   80.43   11.84    0.00    0.00    4.68    0.00    0.00    0.00    3.05
01:15:32     all    0.03   79.26   14.08    0.00    0.00    4.09    0.00    0.00    0.00    2.55
01:15:33     all    0.00   78.05   14.04    0.00    0.00    5.34    0.00    0.00    0.00    2.58
01:15:34     all    0.00   78.47   13.48    0.00    0.00    4.83    0.00    0.00    0.00    3.23
01:15:35     all    0.03   78.77   13.37    0.00    0.00    4.94    0.00    0.00    0.00    2.89
01:15:36     all    0.00   72.09   17.34    0.00    0.00    6.35    0.00    0.00    0.00    4.23
01:15:37     all    0.00   68.26   19.71    0.00    0.00    7.77    0.00    0.00    0.00    4.26
01:15:38     all    0.00   66.33   20.77    0.00    0.00    7.99    0.00    0.00    0.00    4.91
01:15:39     all    0.03   61.78   22.99    0.00    0.00    8.72    0.00    0.00    0.00    6.47
01:15:40     all    0.10   58.80   23.46    0.00    0.00    8.82    0.00    0.00    0.00    8.82
01:15:41     all    0.03   56.31   22.08    0.00    0.00    9.36    0.00    0.00    0.00   12.21
01:15:42     all    0.00   54.79   21.96    0.00    0.00    9.64    0.00    0.00    0.00   13.62
01:15:43     all    0.00   52.57   22.70    0.00    0.00    9.15    0.00    0.00    0.00   15.58
01:15:44     all    0.03   56.71   21.82    0.00    0.00    8.78    0.00    0.00    0.00   12.65
01:15:45     all    0.00   54.98   18.21    0.00    0.00    8.12    0.00    0.00    0.00   18.69
01:15:46     all    0.00   57.20   10.68    0.00    0.00    5.87    0.00    0.00    0.00   26.24
01:15:47     all    0.00   63.79   11.99    0.00    0.00    4.85    0.00    0.00    0.00   19.37
01:15:48     all    0.00   62.38   12.75    0.00    0.00    5.40    0.00    0.00    0.00   19.46
01:15:49     all    0.03   78.63   11.03    0.00    0.00    3.94    0.00    0.00    0.00    6.37
01:15:50     all    0.06   78.53   12.94    0.00    0.00    4.44    0.00    0.00    0.00    4.03
01:15:51     all    0.00   77.98   14.40    0.00    0.00    4.49    0.00    0.00    0.00    3.14
01:15:52     all    0.06   77.75   13.62    0.00    0.00    5.27    0.00    0.00    0.00    3.30
01:15:53     all    0.00   77.82   14.40    0.00    0.00    4.89    0.00    0.00    0.00    2.89
01:15:54     all    0.03   78.25   14.55    0.00    0.00    4.91    0.00    0.00    0.00    2.25
01:15:55     all    0.00   78.93   14.17    0.00    0.00    4.45    0.00    0.00    0.00    2.45
01:15:56     all    0.00   78.89   14.19    0.00    0.00    4.66    0.00    0.00    0.00    2.26
01:15:57     all    0.00   76.34   15.45    0.00    0.00    5.16    0.00    0.00    0.00    3.05
01:15:58     all    0.03   73.04   17.00    0.00    0.00    6.35    0.00    0.00    0.00    3.58
01:15:59     all    0.00   71.92   16.88    0.00    0.00    6.72    0.00    0.00    0.00    4.48
01:16:00     all    0.48   68.59   18.45    0.00    0.00    7.11    0.00    0.00    0.00    5.37
01:16:01     all    0.03   67.44   17.30    0.00    0.00    7.26    0.00    0.00    0.00    7.96
01:16:02     all    0.03   64.72   18.81    0.00    0.00    7.12    0.00    0.00    0.00    9.32
01:16:03     all    0.00   63.90   17.52    0.00    0.00    8.22    0.00    0.00    0.00   10.36
01:16:04     all    0.03   63.86   18.30    0.00    0.00    7.91    0.00    0.00    0.00    9.90
01:16:05     all    0.00   63.39   18.00    0.00    0.00    6.85    0.00    0.00    0.00   11.76
01:16:06     all    0.03   65.83   20.54    0.00    0.00    7.76    0.00    0.00    0.00    5.84
01:16:07     all    0.00   66.82   20.95    0.00    0.00    7.81    0.00    0.00    0.00    4.41
01:16:08     all    0.00   72.19   17.45    0.00    0.00    6.05    0.00    0.00    0.00    4.31
01:16:09     all    0.00   70.86   18.00    0.00    0.00    7.18    0.00    0.00    0.00    3.95
01:16:10     all    0.09   77.11   13.81    0.00    0.00    5.35    0.00    0.00    0.00    3.65
01:16:11     all    0.00   78.04   13.00    0.00    0.00    4.56    0.00    0.00    0.00    4.41
01:16:12     all    0.03   86.09    7.30    0.00    0.00    2.38    0.00    0.00    0.00    4.20
01:16:13     all    0.00   90.52    4.13    0.00    0.00    1.41    0.00    0.00    0.00    3.94
01:16:14     all    0.00   91.97    4.06    0.00    0.00    0.94    0.00    0.00    0.00    3.03
01:16:15     all    0.00   90.01    6.04    0.00    0.00    1.60    0.00    0.00    0.00    2.35
01:16:16     all    0.00   84.45    9.51    0.00    0.00    2.97    0.00    0.00    0.00    3.07
01:16:17     all    0.03   80.51   10.11    0.00    0.00    3.49    0.00    0.00    0.00    5.86
01:16:18     all    0.03   77.04   11.40    0.00    0.00    4.34    0.00    0.00    0.00    7.19
01:16:19     all    0.06   74.87   12.23    0.00    0.00    4.19    0.00    0.00    0.00    8.64
01:16:20     all    0.06   74.78   11.82    0.00    0.00    4.53    0.00    0.00    0.00    8.81
01:16:21     all    0.00   75.25   12.53    0.00    0.00    4.46    0.00    0.00    0.00    7.75
01:16:22     all    0.06   74.34   12.15    0.00    0.00    4.69    0.00    0.00    0.00    8.75
01:16:23     all    0.00   74.97   11.84    0.00    0.00    4.02    0.00    0.00    0.00    9.18
01:16:24     all    0.00   86.09    4.70    0.00    0.00    1.22    0.00    0.00    0.00    7.99
01:16:25     all    0.06   86.54    4.19    0.00    0.00    1.67    0.00    0.00    0.00    7.53
01:16:26     all    0.00   69.05    8.27    0.00    0.00    3.43    0.00    0.00    0.00   19.26
01:16:27     all    0.00   70.49   10.27    0.00    0.00    3.88    0.00    0.00    0.00   15.36
01:16:28     all    0.00   74.65   11.11    0.00    0.00    4.42    0.00    0.00    0.00    9.82
01:16:29     all    0.00   73.99   11.27    0.00    0.00    4.27    0.00    0.00    0.00   10.47
01:16:30     all    0.13   74.57   12.48    0.00    0.00    4.73    0.00    0.00    0.00    8.10
01:16:31     all    0.00   76.38   10.57    0.00    0.00    4.43    0.00    0.00    0.00    8.61
01:16:32     all    0.00   76.46   11.14    0.00    0.00    4.21    0.00    0.00    0.00    8.19
01:16:33     all    0.03   78.90   10.89    0.00    0.00    4.16    0.00    0.00    0.00    6.01
01:16:34     all    0.00   77.55   11.19    0.00    0.00    3.96    0.00    0.00    0.00    7.29
01:16:35     all    0.03   80.33    8.06    0.00    0.00    2.89    0.00    0.00    0.00    8.69
01:16:36     all    0.00   82.63    7.13    0.00    0.00    2.17    0.00    0.00    0.00    8.07
01:16:37     all    0.00   73.66    9.41    0.00    0.00    3.53    0.00    0.00    0.00   13.41
01:16:38     all    0.03   71.59    8.77    0.00    0.00    3.25    0.00    0.00    0.00   16.36
01:16:39     all    0.03   60.49    7.43    0.00    0.00    3.56    0.00    0.00    0.00   28.48
01:16:40     all    0.10   60.36    7.16    0.00    0.00    3.31    0.00    0.00    0.00   29.07
01:16:41     all    0.00   58.19    8.52    0.00    0.00    3.99    0.00    0.00    0.00   29.30
01:16:42     all    0.00   56.45    9.98    0.00    0.00    4.69    0.00    0.00    0.00   28.88
01:16:43     all    0.00   56.49   15.00    0.00    0.00    5.91    0.00    0.00    0.00   22.60
01:16:44     all    0.03   57.15   14.94    0.00    0.00    6.19    0.00    0.00    0.00   21.70
01:16:45     all    0.00   59.20   14.40    0.00    0.00    5.68    0.00    0.00    0.00   20.73
01:16:46     all    0.00   60.14   13.39    0.00    0.00    5.22    0.00    0.00    0.00   21.24
01:16:47     all    0.03   61.50   15.86    0.00    0.00    5.94    0.00    0.00    0.00   16.67
01:16:48     all    0.03   64.12   16.26    0.00    0.00    5.81    0.00    0.00    0.00   13.78
01:16:49     all    0.00   74.49   10.86    0.00    0.00    3.20    0.00    0.00    0.00   11.46
01:16:50     all    0.06   72.47    9.45    0.00    0.00    2.61    0.00    0.00    0.00   15.40
01:16:51     all    0.03   78.68   10.20    0.00    0.00    2.73    0.00    0.00    0.00    8.35
01:16:52     all    0.00   72.56   11.80    0.00    0.00    3.86    0.00    0.00    0.00   11.77
01:16:53     all    0.03   72.79   13.57    0.00    0.00    4.75    0.00    0.00    0.00    8.86
01:16:54     all    0.03   71.29   16.05    0.00    0.00    4.97    0.00    0.00    0.00    7.66
01:16:55     all    0.00   73.53   13.91    0.00    0.00    5.52    0.00    0.00    0.00    7.03
01:16:56     all    0.06   69.25   18.67    0.00    0.00    5.90    0.00    0.00    0.00    6.12
01:16:57     all    0.00   70.18    9.33    0.00    0.00    3.44    0.00    0.00    0.00   17.06
01:16:58     all    0.00   80.49   10.45    0.00    0.00    2.98    0.00    0.00    0.00    6.09
01:16:59     all    0.00   84.91    9.42    0.00    0.00    2.63    0.00    0.00    0.00    3.04
01:17:00     all    0.50   84.02    9.88    0.00    0.00    2.35    0.00    0.00    0.00    3.25
01:17:01     all    0.00   88.14    6.87    0.00    0.00    2.10    0.00    0.00    0.00    2.89
01:17:02     all    0.03   90.90    5.24    0.00    0.00    1.38    0.00    0.00    0.00    2.45
01:17:03     all    0.00   91.87    4.50    0.00    0.00    1.50    0.00    0.00    0.00    2.13
01:17:04     all    0.00   88.51    7.19    0.00    0.00    1.85    0.00    0.00    0.00    2.45
01:17:05     all    0.03   84.06    7.84    0.00    0.00    2.87    0.00    0.00    0.00    5.20
01:17:06     all    0.00   80.90    9.58    0.00    0.00    3.62    0.00    0.00    0.00    5.89
01:17:07     all    0.00   72.27   11.22    0.00    0.00    4.55    0.00    0.00    0.00   11.96
01:17:08     all    0.00   70.77   11.86    0.00    0.00    4.87    0.00    0.00    0.00   12.50
01:17:09     all    0.00   83.32    5.37    0.00    0.00    1.76    0.00    0.00    0.00    9.55
01:17:10     all    0.13   85.39    3.86    0.00    0.00    1.03    0.00    0.00    0.00    9.60
01:17:11     all    0.03   80.84    7.88    0.00    0.00    2.07    0.00    0.00    0.00    9.17
01:17:12     all    0.09   79.47    8.55    0.06    0.00    2.77    0.00    0.00    0.00    9.06
01:17:13     all    0.09   78.78    9.19    0.00    0.00    2.64    0.00    0.00    0.00    9.29
01:17:14     all    0.03   75.89   11.84    0.00    0.00    3.78    0.00    0.00    0.00    8.47
01:17:15     all    0.00   66.65   12.99    0.00    0.00    5.17    0.00    0.00    0.00   15.19
01:17:16     all    0.03   55.08   11.68    0.00    0.00    5.81    0.00    0.00    0.00   27.40
01:17:17     all    0.00   59.34    9.12    0.13    0.00    4.80    0.00    0.00    0.00   26.61
01:17:18     all    0.00   60.22    8.79    0.00    0.00    4.65    0.00    0.00    0.00   26.34
01:17:19     all    0.00   61.26   12.68    0.00    0.00    5.26    0.00    0.00    0.00   20.81
01:17:20     all    0.10   57.01   10.00    0.00    0.00    4.73    0.00    0.00    0.00   28.17
01:17:21     all    0.03   56.77   14.60    0.00    0.00    5.38    0.00    0.00    0.00   23.21
01:17:22     all    0.00   53.99   14.26    0.00    0.00    6.25    0.00    0.00    0.00   25.50
01:17:23     all    0.00   55.06   14.35    0.00    0.00    6.20    0.00    0.00    0.00   24.38
01:17:24     all    0.03   53.45   16.73    0.00    0.00    7.13    0.00    0.00    0.00   22.66
01:17:25     all    0.03   51.36   16.55    0.00    0.00    7.90    0.00    0.00    0.00   24.16
01:17:26     all    0.00   45.50   12.56    0.00    0.00    5.93    0.00    0.00    0.00   36.01
01:17:27     all    0.00   39.20   11.75    0.00    0.00    5.12    0.00    0.00    0.00   43.93
01:17:28     all    0.00   51.27   13.07    0.00    0.00    5.75    0.00    0.00    0.00   29.92
01:17:29     all    0.00   55.70   12.72    0.00    0.00    5.83    0.00    0.00    0.00   25.76
01:17:30     all    0.13   56.26   12.69    0.00    0.00    5.68    0.00    0.00    0.00   25.24
01:17:31     all    0.00   56.20   12.65    0.00    0.00    5.73    0.00    0.00    0.00   25.43
01:17:32     all    0.03   56.18    8.60    0.00    0.00    3.38    0.00    0.00    0.00   31.82
01:17:33     all    0.03   68.37    8.61    0.00    0.00    2.57    0.00    0.00    0.00   20.41
01:17:34     all    0.00   63.53    9.32    0.00    0.00    3.34    0.00    0.00    0.00   23.82
01:17:35     all    0.00   59.16   11.16    0.00    0.00    4.84    0.00    0.00    0.00   24.84
01:17:36     all    0.00   56.92   11.04    0.00    0.00    5.18    0.00    0.00    0.00   26.87
01:17:37     all    0.03   55.12   12.93    0.00    0.00    5.54    0.00    0.00    0.00   26.38
01:17:38     all    0.06   55.84   12.71    0.00    0.00    5.03    0.00    0.00    0.00   26.36
01:17:39     all    0.00   56.55   12.45    0.00    0.00    5.32    0.00    0.00    0.00   25.68
01:17:40     all    0.10   53.75   11.89    0.00    0.00    4.95    0.00    0.00    0.00   29.31
01:17:41     all    0.03   53.15   11.62    0.00    0.00    5.52    0.00    0.00    0.00   29.69
01:17:42     all    0.03   53.96   11.48    0.00    0.00    5.53    0.00    0.00    0.00   29.00
01:17:43     all    0.00   57.65   12.51    0.00    0.00    4.86    0.00    0.00    0.00   24.98
01:17:44     all    0.03   54.45   11.04    0.00    0.00    4.91    0.00    0.00    0.00   29.57
01:17:45     all    0.03   55.10   10.62    0.00    0.00    4.59    0.00    0.00    0.00   29.67
01:17:46     all    0.00   55.73    7.05    0.00    0.00    2.59    0.00    0.00    0.00   34.63
01:17:47     all    0.03   58.32    6.41    0.00    0.00    2.17    0.00    0.00    0.00   33.07
01:17:48     all    0.03   57.80    7.14    0.00    0.00    2.18    0.00    0.00    0.00   32.85
01:17:49     all    0.00   55.00    6.49    0.00    0.00    2.49    0.00    0.00    0.00   36.01
01:17:50     all    0.06   57.55    6.99    0.00    0.00    2.40    0.00    0.00    0.00   32.99
01:17:51     all    0.03   56.24    7.26    0.00    0.00    2.58    0.00    0.00    0.00   33.89
01:17:52     all    0.00   56.69    9.76    0.00    0.00    3.90    0.00    0.00    0.00   29.65
01:17:53     all    0.00   52.80   12.02    0.00    0.00    5.19    0.00    0.00    0.00   29.98
01:17:54     all    0.03   46.38    6.61    0.00    0.00    2.92    0.00    0.00    0.00   44.07
01:17:55     all    0.00   42.72    5.93    0.00    0.00    2.36    0.00    0.00    0.00   49.00
01:17:56     all    0.03   20.07    5.02    0.00    0.00    2.33    0.00    0.00    0.00   72.55
01:17:57     all    0.00    5.72    2.14    0.00    0.00    0.91    0.00    0.00    0.00   91.23
01:17:58     all    0.00    9.70    2.68    0.00    0.00    1.39    0.00    0.00    0.00   86.23
01:17:59     all    0.00   10.31    3.32    0.00    0.00    1.52    0.00    0.00    0.00   84.85
01:18:00     all    0.38    7.62    3.15    0.00    0.00    1.57    0.00    0.00    0.00   87.28
01:18:01     all    0.00    7.07    2.31    0.00    0.00    1.11    0.00    0.00    0.00   89.51
01:18:02     all    0.03    7.41    3.06    0.00    0.00    1.17    0.00    0.00    0.00   88.34
01:18:03     all    0.00    7.38    2.79    0.00    0.00    1.04    0.00    0.00    0.00   88.79
01:18:04     all    0.00    7.56    2.66    0.00    0.00    1.27    0.00    0.00    0.00   88.52
01:18:05     all    0.00    7.30    2.81    0.00    0.00    1.33    0.00    0.00    0.00   88.56
01:18:06     all    0.00    7.40    2.47    0.00    0.00    1.42    0.00    0.00    0.00   88.71
01:18:07     all    0.00    7.42    2.89    0.00    0.00    1.42    0.00    0.00    0.00   88.27
01:18:08     all    0.00    7.15    2.62    0.00    0.00    1.61    0.00    0.00    0.00   88.62
01:18:09     all    0.00    7.86    2.89    0.00    0.00    1.76    0.00    0.00    0.00   87.49
01:18:10     all    0.06    7.70    2.90    0.00    0.00    1.67    0.00    0.00    0.00   87.66
01:18:11     all    0.03    7.67    3.14    0.00    0.00    1.01    0.00    0.00    0.00   88.15
01:18:12     all    0.00    7.71    3.07    0.00    0.00    1.17    0.00    0.00    0.00   88.05
01:18:13     all    0.03    7.07    3.19    0.06    0.00    1.36    0.00    0.00    0.00   88.30
01:18:14     all    0.00    7.84    2.89    0.00    0.00    0.92    0.00    0.00    0.00   88.35
01:18:15     all    0.00    7.88    2.78    0.00    0.00    1.33    0.00    0.00    0.00   88.01
01:18:16     all    0.03    8.02    2.71    0.00    0.00    0.95    0.00    0.00    0.00   88.29
01:18:17     all    0.00    7.56    3.00    0.00    0.00    1.14    0.00    0.00    0.00   88.30
01:18:18     all    0.00    7.90    3.37    0.00    0.00    1.26    0.00    0.00    0.00   87.48
01:18:19     all    0.03    7.89    2.95    0.00    0.00    0.92    0.00    0.00    0.00   88.22
01:18:20     all    0.06    7.95    3.13    0.00    0.00    1.04    0.00    0.00    0.00   87.81
01:18:21     all    0.00   13.46    3.84    0.00    0.00    1.65    0.00    0.00    0.00   81.05
01:18:22     all    0.00    6.01    2.12    0.00    0.00    0.79    0.00    0.00    0.00   91.08
01:18:23     all    0.00    7.52    2.76    0.00    0.00    0.83    0.00    0.00    0.00   88.89
01:18:24     all    0.00    7.80    2.81    0.00    0.00    1.14    0.00    0.00    0.00   88.26
01:18:25     all    0.06    8.17    2.66    0.00    0.00    1.17    0.00    0.00    0.00   87.93
01:18:26     all    0.00    7.78    2.57    0.00    0.00    1.21    0.00    0.00    0.00   88.44
01:18:27     all    0.00    8.19    2.97    0.00    0.00    1.27    0.00    0.00    0.00   87.57
01:18:28     all    0.00    7.77    2.82    0.00    0.00    1.05    0.00    0.00    0.00   88.36
01:18:29     all    0.00    8.11    3.00    0.00    0.00    1.29    0.00    0.00    0.00   87.59
01:18:30     all    0.13    7.97    3.28    0.00    0.00    1.26    0.00    0.00    0.00   87.37
01:18:31     all    0.00    8.23    2.91    0.00    0.00    1.14    0.00    0.00    0.00   87.71
01:18:32     all    0.03    7.90    3.04    0.00    0.00    1.33    0.00    0.00    0.00   87.70

Average:     all    0.03   49.13    8.43    0.00    0.00    3.04    0.00    0.00    0.00   39.37
