Linux 4.20.0+ (eternitystorage) 	01/14/24 	_x86_64_	(32 CPU)

22:30:30     CPU    %usr   %nice    %sys %iowait    %irq   %soft  %steal  %guest  %gnice   %idle
22:30:31     all    0.00    0.03    0.00    0.00    0.00    0.00    0.00    0.00    0.00   99.97
22:30:32     all    0.00    0.00    0.00    0.00    0.00    0.00    0.00    0.00    0.00  100.00
22:30:33     all    0.00    0.03    0.09    0.00    0.00    0.00    0.00    0.00    0.00   99.87
22:30:34     all    0.00    0.00    0.47    0.00    0.00    0.00    0.00    0.00    0.00   99.53
22:30:35     all    0.00    0.00    0.97    0.00    0.00    0.03    0.00    0.00    0.00   99.00
22:30:36     all    0.00    0.03    0.63    0.00    0.00    0.03    0.00    0.00    0.00   99.31
22:30:37     all    0.03    0.00    0.50    0.00    0.00    0.03    0.00    0.00    0.00   99.44
22:30:38     all    0.00    0.03    0.25    0.00    0.00    0.03    0.00    0.00    0.00   99.69
22:30:39     all    0.00    0.00    0.00    0.00    0.00    0.00    0.00    0.00    0.00  100.00
22:30:40     all    0.06    0.00    0.09    0.00    0.00    0.00    0.00    0.00    0.00   99.84
22:30:41     all    0.00    0.03    0.03    0.00    0.00    0.00    0.00    0.00    0.00   99.94
22:30:42     all    0.00    0.00    0.00    0.00    0.00    0.00    0.00    0.00    0.00  100.00
22:30:43     all    0.00    0.03    0.00    0.00    0.00    0.00    0.00    0.00    0.00   99.97
22:30:44     all    0.03    0.00    0.03    0.00    0.00    0.00    0.00    0.00    0.00   99.94
22:30:45     all    0.00    0.00    0.03    0.00    0.00    0.00    0.00    0.00    0.00   99.97
22:30:46     all    0.00    0.03    0.00    0.00    0.00    0.00    0.00    0.00    0.00   99.97
22:30:47     all    0.00    0.00    0.00    0.00    0.00    0.00    0.00    0.00    0.00  100.00
22:30:48     all    0.00    0.03    0.03    0.00    0.00    0.00    0.00    0.00    0.00   99.94
22:30:49     all    0.00    0.00    0.00    0.00    0.00    0.00    0.00    0.00    0.00  100.00
22:30:50     all    0.06    0.00    0.53    0.00    0.00    0.00    0.00    0.00    0.00   99.41
22:30:51     all    0.00    0.03    0.94    0.00    0.00    0.06    0.00    0.00    0.00   98.97
22:30:52     all    0.00    0.00    1.51    0.00    0.00    0.06    0.00    0.00    0.00   98.43
22:30:53     all    0.00    0.03    3.20    0.00    0.00    0.13    0.00    0.00    0.00   96.64
22:30:54     all    0.03    0.00    3.84    0.00    0.00    0.28    0.00    0.00    0.00   95.85
22:30:55     all    0.00    0.00    4.16    0.00    0.00    0.35    0.00    0.00    0.00   95.50
22:30:56     all    0.00    0.03    3.92    0.00    0.00    0.25    0.00    0.00    0.00   95.80
22:30:57     all    0.00    0.00    4.37    0.00    0.00    0.31    0.00    0.00    0.00   95.32
22:30:58     all    0.00    0.03    4.21    0.00    0.00    0.41    0.00    0.00    0.00   95.35
22:30:59     all    0.00    0.00    3.73    0.00    0.00    0.22    0.00    0.00    0.00   96.05
22:31:00     all    0.57    0.00    4.16    0.00    0.00    0.25    0.00    0.00    0.00   95.02
22:31:01     all    0.06    0.03    3.85    0.00    0.00    0.25    0.00    0.00    0.00   95.80
22:31:02     all    0.00    0.00    3.94    0.00    0.00    0.28    0.00    0.00    0.00   95.77
22:31:03     all    0.00    0.03    4.27    0.00    0.00    0.25    0.00    0.00    0.00   95.44
22:31:04     all    0.03    0.00    3.75    0.00    0.00    0.32    0.00    0.00    0.00   95.90
22:31:05     all    0.00    0.00    4.00    0.00    0.00    0.28    0.00    0.00    0.00   95.72
22:31:06     all    0.00    0.03    3.91    0.00    0.00    0.35    0.00    0.00    0.00   95.72
22:31:07     all    0.00    0.00    4.12    0.00    0.00    0.28    0.00    0.00    0.00   95.59
22:31:08     all    0.00    0.03    4.12    0.00    0.00    0.19    0.00    0.00    0.00   95.66
22:31:09     all    0.00    0.00    4.30    0.00    0.00    0.31    0.00    0.00    0.00   95.38
22:31:10     all    0.09    0.00    4.18    0.00    0.00    0.31    0.00    0.00    0.00   95.41
22:31:11     all    0.00    0.03    3.85    0.00    0.00    0.32    0.00    0.00    0.00   95.80
22:31:12     all    0.00    0.00    4.25    0.00    0.00    0.31    0.00    0.00    0.00   95.44
22:31:13     all    0.00    0.03    4.12    0.00    0.00    0.38    0.00    0.00    0.00   95.47
22:31:14     all    0.00    0.00    3.98    0.00    0.00    0.19    0.00    0.00    0.00   95.83
22:31:15     all    0.03    0.00    4.22    0.00    0.00    0.25    0.00    0.00    0.00   95.50
22:31:16     all    0.00    0.03    4.12    0.00    0.00    0.38    0.00    0.00    0.00   95.47
22:31:17     all    0.00    0.00    4.09    0.00    0.00    0.41    0.00    0.00    0.00   95.50
22:31:18     all    0.00    0.03    4.34    0.00    0.00    0.28    0.00    0.00    0.00   95.35
22:31:19     all    0.00    0.00    4.27    0.00    0.00    0.31    0.00    0.00    0.00   95.41
22:31:20     all    0.06    0.00    4.58    0.00    0.00    0.44    0.00    0.00    0.00   94.92
22:31:21     all    0.00    0.03    3.91    0.00    0.00    0.22    0.00    0.00    0.00   95.83
22:31:22     all    0.00    0.00    4.43    0.00    0.00    0.25    0.00    0.00    0.00   95.32
22:31:23     all    0.00    0.03    4.13    0.00    0.00    0.25    0.00    0.00    0.00   95.59
22:31:24     all    0.03    0.00    4.06    0.00    0.00    0.22    0.00    0.00    0.00   95.68
22:31:25     all    0.00    0.00    4.00    0.00    0.00    0.25    0.00    0.00    0.00   95.75
22:31:26     all    0.00    0.03    4.19    0.00    0.00    0.19    0.00    0.00    0.00   95.59
22:31:27     all    0.00    0.00    4.24    0.00    0.00    0.22    0.00    0.00    0.00   95.54
22:31:28     all    0.00    0.03    4.09    0.00    0.00    0.25    0.00    0.00    0.00   95.62
22:31:29     all    0.00    0.00    4.12    0.00    0.00    0.22    0.00    0.00    0.00   95.66
22:31:30     all    0.09    0.00    4.52    0.00    0.00    0.28    0.00    0.00    0.00   95.11
22:31:31     all    0.03    0.03    4.22    0.00    0.00    0.19    0.00    0.00    0.00   95.53
22:31:32     all    0.00    0.00    4.12    0.00    0.00    0.13    0.00    0.00    0.00   95.75
22:31:33     all    0.00    0.03    4.24    0.00    0.00    0.28    0.00    0.00    0.00   95.45
22:31:34     all    0.00    0.00    4.12    0.00    0.00    0.41    0.00    0.00    0.00   95.47
22:31:35     all    0.00    0.00    4.03    0.00    0.00    0.31    0.00    0.00    0.00   95.65
22:31:36     all    0.00    0.03    4.39    0.00    0.00    0.34    0.00    0.00    0.00   95.23
22:31:37     all    0.00    0.00    4.31    0.00    0.00    0.25    0.00    0.00    0.00   95.44
22:31:38     all    0.00    0.03    4.12    0.00    0.00    0.31    0.00    0.00    0.00   95.53
22:31:39     all    0.00    0.00    3.97    0.00    0.00    0.38    0.00    0.00    0.00   95.65
22:31:40     all    0.09    0.00    3.75    0.00    0.00    0.44    0.00    0.00    0.00   95.71
22:31:41     all    0.00    0.03    4.43    0.00    0.00    0.13    0.00    0.00    0.00   95.41
22:31:42     all    0.00    0.00    4.57    0.00    0.00    0.31    0.00    0.00    0.00   95.11
22:31:43     all    0.00    0.03    3.94    0.00    0.00    0.25    0.00    0.00    0.00   95.78
22:31:44     all    0.03    0.00    4.52    0.00    0.00    0.25    0.00    0.00    0.00   95.20
22:31:45     all    0.00    0.03    4.21    0.00    0.00    0.31    0.00    0.00    0.00   95.44
22:31:46     all    0.00    0.00    4.49    0.00    0.00    0.31    0.00    0.00    0.00   95.20
22:31:47     all    0.00    0.03    4.00    0.00    0.00    0.35    0.00    0.00    0.00   95.62
22:31:48     all    0.00    0.00    4.16    0.00    0.00    0.22    0.00    0.00    0.00   95.62
22:31:49     all    0.00    0.00    4.04    0.00    0.00    0.22    0.00    0.00    0.00   95.74
22:31:50     all    0.06    0.03    3.92    0.00    0.00    0.22    0.00    0.00    0.00   95.77
22:31:51     all    0.00    0.00    4.03    0.00    0.00    0.25    0.00    0.00    0.00   95.71
22:31:52     all    0.00    0.03    3.88    0.00    0.00    0.25    0.00    0.00    0.00   95.83
22:31:53     all    0.00    0.00    3.79    0.00    0.00    0.28    0.00    0.00    0.00   95.93
22:31:54     all    0.03    0.00    4.42    0.00    0.00    0.34    0.00    0.00    0.00   95.20
22:31:55     all    0.00    0.03    3.85    0.00    0.00    0.22    0.00    0.00    0.00   95.90
22:31:56     all    0.00    0.00    4.10    0.00    0.00    0.22    0.00    0.00    0.00   95.68
22:31:57     all    0.00    0.03    4.15    0.00    0.00    0.25    0.00    0.00    0.00   95.56
22:31:58     all    0.00    0.00    3.81    0.00    0.00    0.32    0.00    0.00    0.00   95.87
22:31:59     all    0.19    0.00    4.09    0.00    0.00    0.22    0.00    0.00    0.00   95.50
22:32:00     all    0.57    0.03    4.07    0.00    0.00    0.28    0.00    0.00    0.00   95.05
22:32:01     all    0.06    0.00    4.19    0.00    0.00    0.25    0.00    0.00    0.00   95.50
22:32:02     all    0.00    0.03    4.42    0.00    0.00    0.44    0.00    0.00    0.00   95.11
22:32:03     all    0.00    0.00    4.34    0.00    0.00    0.19    0.00    0.00    0.00   95.47
22:32:04     all    0.00    0.00    4.25    0.00    0.00    0.19    0.00    0.00    0.00   95.56
22:32:05     all    0.00    0.03    4.00    0.00    0.00    0.25    0.00    0.00    0.00   95.71
22:32:06     all    0.00    0.00    4.27    0.00    0.00    0.41    0.00    0.00    0.00   95.32
22:32:07     all    0.00    0.03    3.64    0.00    0.00    0.22    0.00    0.00    0.00   96.11
22:32:08     all    0.00    0.00    3.97    0.00    0.00    0.32    0.00    0.00    0.00   95.71
22:32:09     all    0.00    0.00    4.07    0.00    0.00    0.19    0.00    0.00    0.00   95.74
22:32:10     all    0.06    0.03    4.13    0.00    0.00    0.32    0.00    0.00    0.00   95.46
22:32:11     all    0.00    0.00    4.30    0.00    0.00    0.35    0.00    0.00    0.00   95.35
22:32:12     all    0.03    0.03    4.09    0.00    0.00    0.19    0.00    0.00    0.00   95.65
22:32:13     all    0.00    0.00    4.15    0.00    0.00    0.38    0.00    0.00    0.00   95.47
22:32:14     all    0.00    0.00    4.51    0.00    0.00    0.34    0.00    0.00    0.00   95.15
22:32:15     all    0.00    0.03    4.21    0.00    0.00    0.31    0.00    0.00    0.00   95.44
22:32:16     all    0.00    0.00    4.01    0.00    0.00    0.22    0.00    0.00    0.00   95.77
22:32:17     all    0.00    0.03    4.22    0.00    0.00    0.25    0.00    0.00    0.00   95.50
22:32:18     all    0.00    0.00    4.15    0.00    0.00    0.22    0.00    0.00    0.00   95.62
22:32:19     all    0.00    0.00    4.15    0.00    0.00    0.31    0.00    0.00    0.00   95.54
22:32:20     all    0.06    0.03    4.49    0.00    0.00    0.22    0.00    0.00    0.00   95.20
22:32:21     all    0.00    0.00    4.01    0.00    0.00    0.22    0.00    0.00    0.00   95.77
22:32:22     all    0.00    0.03    4.15    0.00    0.00    0.22    0.00    0.00    0.00   95.59
22:32:23     all    0.00    0.00    3.85    0.00    0.00    0.32    0.00    0.00    0.00   95.84
22:32:24     all    0.03    0.00    3.96    0.00    0.00    0.28    0.00    0.00    0.00   95.72
22:32:25     all    0.00    0.03    3.88    0.00    0.00    0.19    0.00    0.00    0.00   95.90
22:32:26     all    0.00    0.00    4.21    0.00    0.00    0.28    0.00    0.00    0.00   95.51
22:32:27     all    0.00    0.03    4.21    0.00    0.00    0.35    0.00    0.00    0.00   95.41
22:32:28     all    0.00    0.00    4.28    0.00    0.00    0.13    0.00    0.00    0.00   95.60
22:32:29     all    0.00    0.00    4.01    0.00    0.00    0.19    0.00    0.00    0.00   95.81
22:32:30     all    0.09    0.03    3.80    0.00    0.00    0.19    0.00    0.00    0.00   95.89
22:32:31     all    0.00    0.00    4.09    0.00    0.00    0.25    0.00    0.00    0.00   95.65
22:32:32     all    0.00    0.03    4.13    0.00    0.00    0.22    0.00    0.00    0.00   95.62
22:32:33     all    0.00    0.00    4.10    0.00    0.00    0.25    0.00    0.00    0.00   95.65
22:32:34     all    0.22    0.00    4.15    0.00    0.00    0.31    0.00    0.00    0.00   95.31
22:32:35     all    0.00    0.03    4.03    0.00    0.00    0.28    0.00    0.00    0.00   95.65
22:32:36     all    0.00    0.00    4.22    0.00    0.00    0.19    0.00    0.00    0.00   95.59
22:32:37     all    0.00    0.03    4.09    0.00    0.00    0.25    0.00    0.00    0.00   95.62
22:32:38     all    0.00    0.00    4.33    0.00    0.00    0.41    0.00    0.00    0.00   95.26
22:32:39     all    0.00    0.00    3.72    0.00    0.00    0.28    0.00    0.00    0.00   95.99
22:32:40     all    0.09    0.03    4.28    0.00    0.00    0.28    0.00    0.00    0.00   95.31
22:32:41     all    0.00    0.00    4.25    0.00    0.00    0.16    0.00    0.00    0.00   95.59
22:32:42     all    0.00    0.03    4.22    0.00    0.00    0.19    0.00    0.00    0.00   95.56
22:32:43     all    0.00    0.00    4.04    0.00    0.00    0.25    0.00    0.00    0.00   95.71
22:32:44     all    0.00    0.00    4.15    0.00    0.00    0.25    0.00    0.00    0.00   95.59
22:32:45     all    0.00    0.03    4.24    0.00    0.00    0.35    0.00    0.00    0.00   95.38
22:32:46     all    0.00    0.00    4.46    0.00    0.00    0.22    0.00    0.00    0.00   95.32
22:32:47     all    0.00    0.03    3.88    0.00    0.00    0.19    0.00    0.00    0.00   95.90
22:32:48     all    0.00    0.00    4.19    0.00    0.00    0.22    0.00    0.00    0.00   95.59
22:32:49     all    0.00    0.00    3.91    0.00    0.00    0.32    0.00    0.00    0.00   95.77
22:32:50     all    0.06    0.03    4.24    0.00    0.00    0.31    0.00    0.00    0.00   95.35
22:32:51     all    0.00    0.00    4.34    0.00    0.00    0.16    0.00    0.00    0.00   95.50
22:32:52     all    0.00    0.03    3.94    0.00    0.00    0.25    0.00    0.00    0.00   95.78
22:32:53     all    0.00    0.00    4.22    0.00    0.00    0.19    0.00    0.00    0.00   95.59
22:32:54     all    0.06    0.00    3.97    0.00    0.00    0.31    0.00    0.00    0.00   95.65
22:32:55     all    0.00    0.03    4.03    0.00    0.00    0.28    0.00    0.00    0.00   95.66
22:32:56     all    0.00    0.00    3.85    0.00    0.00    0.22    0.00    0.00    0.00   95.93
22:32:57     all    0.00    0.03    4.27    0.00    0.00    0.31    0.00    0.00    0.00   95.38
22:32:58     all    0.00    0.00    4.13    0.00    0.00    0.16    0.00    0.00    0.00   95.72
22:32:59     all    0.00    0.00    3.76    0.00    0.00    0.28    0.00    0.00    0.00   95.96
22:33:00     all    0.54    0.03    4.12    0.00    0.00    0.41    0.00    0.00    0.00   94.90
22:33:01     all    0.09    0.00    4.21    0.00    0.00    0.28    0.00    0.00    0.00   95.41
22:33:02     all    0.00    0.03    4.42    0.00    0.00    0.28    0.00    0.00    0.00   95.26
22:33:03     all    0.00    0.00    3.79    0.00    0.00    0.19    0.00    0.00    0.00   96.02
22:33:04     all    0.00    0.00    4.18    0.00    0.00    0.25    0.00    0.00    0.00   95.57
22:33:05     all    0.00    0.03    4.29    0.00    0.00    0.28    0.00    0.00    0.00   95.39
22:33:06     all    0.00    0.00    4.15    0.00    0.00    0.25    0.00    0.00    0.00   95.60
22:33:07     all    0.00    0.03    4.10    0.00    0.00    0.22    0.00    0.00    0.00   95.65
22:33:08     all    0.00    0.00    4.34    0.00    0.00    0.28    0.00    0.00    0.00   95.38
22:33:09     all    0.00    0.00    4.21    0.00    0.00    0.31    0.00    0.00    0.00   95.47
22:33:10     all    0.09    0.03    3.97    0.00    0.00    0.32    0.00    0.00    0.00   95.59
22:33:11     all    0.00    0.00    4.36    0.00    0.00    0.44    0.00    0.00    0.00   95.20
22:33:12     all    0.00    0.03    4.13    0.00    0.00    0.28    0.00    0.00    0.00   95.56
22:33:13     all    0.00    0.00    4.42    0.00    0.00    0.41    0.00    0.00    0.00   95.17
22:33:14     all    0.00    0.00    4.46    0.00    0.00    0.25    0.00    0.00    0.00   95.29
22:33:15     all    0.00    0.03    4.34    0.00    0.00    0.28    0.00    0.00    0.00   95.35
22:33:16     all    0.00    0.00    4.07    0.00    0.00    0.25    0.00    0.00    0.00   95.68
22:33:17     all    0.00    0.03    3.86    0.00    0.00    0.19    0.00    0.00    0.00   95.92
22:33:18     all    0.00    0.00    3.82    0.00    0.00    0.22    0.00    0.00    0.00   95.95
22:33:19     all    0.00    0.00    3.91    0.00    0.00    0.25    0.00    0.00    0.00   95.84
22:33:20     all    0.06    0.03    4.39    0.00    0.00    0.38    0.00    0.00    0.00   95.14
22:33:21     all    0.00    0.00    4.30    0.00    0.00    0.25    0.00    0.00    0.00   95.45
22:33:22     all    0.00    0.03    4.07    0.00    0.00    0.16    0.00    0.00    0.00   95.74
22:33:23     all    0.00    0.00    4.06    0.00    0.00    0.35    0.00    0.00    0.00   95.59
22:33:24     all    0.03    0.00    3.88    0.00    0.00    0.22    0.00    0.00    0.00   95.86
22:33:25     all    0.00    0.03    4.13    0.00    0.00    0.25    0.00    0.00    0.00   95.59
22:33:26     all    0.00    0.00    3.42    0.00    0.00    0.35    0.00    0.00    0.00   96.23
22:33:27     all    0.00    0.03    4.34    0.00    0.00    0.16    0.00    0.00    0.00   95.47
22:33:28     all    0.00    0.00    4.15    0.00    0.00    0.35    0.00    0.00    0.00   95.50
22:33:29     all    0.00    0.03    3.82    0.00    0.00    0.25    0.00    0.00    0.00   95.89
22:33:30     all    0.06    0.00    4.65    0.00    0.00    0.25    0.00    0.00    0.00   95.04
22:33:31     all    0.00    0.03    4.18    0.00    0.00    0.35    0.00    0.00    0.00   95.44
22:33:32     all    0.00    0.00    4.19    0.00    0.00    0.22    0.00    0.00    0.00   95.59
22:33:33     all    0.00    0.00    4.19    0.00    0.00    0.22    0.00    0.00    0.00   95.59
22:33:34     all    0.03    0.03    3.88    0.00    0.00    0.35    0.00    0.00    0.00   95.71
22:33:35     all    0.00    0.00    4.37    0.00    0.00    0.31    0.00    0.00    0.00   95.32
22:33:36     all    0.00    0.03    4.40    0.00    0.00    0.28    0.00    0.00    0.00   95.29
22:33:37     all    0.00    0.00    4.25    0.00    0.00    0.28    0.00    0.00    0.00   95.47
22:33:38     all    0.00    0.00    4.13    0.00    0.00    0.25    0.00    0.00    0.00   95.62
22:33:39     all    0.00    0.03    4.12    0.00    0.00    0.31    0.00    0.00    0.00   95.53
22:33:40     all    0.06    0.00    4.43    0.00    0.00    0.28    0.00    0.00    0.00   95.22
22:33:41     all    0.00    0.03    4.06    0.00    0.00    0.28    0.00    0.00    0.00   95.62
22:33:42     all    0.00    0.00    4.01    0.00    0.00    0.25    0.00    0.00    0.00   95.74
22:33:43     all    0.00    0.00    3.82    0.00    0.00    0.32    0.00    0.00    0.00   95.86
22:33:44     all    0.03    0.03    4.37    0.00    0.00    0.25    0.00    0.00    0.00   95.32
22:33:45     all    0.00    0.00    4.10    0.00    0.00    0.25    0.00    0.00    0.00   95.65
22:33:46     all    0.00    0.03    4.00    0.00    0.00    0.35    0.00    0.00    0.00   95.62
22:33:47     all    0.00    0.00    4.13    0.00    0.00    0.22    0.00    0.00    0.00   95.65
22:33:48     all    0.00    0.00    3.79    0.00    0.00    0.22    0.00    0.00    0.00   95.99
22:33:49     all    0.00    0.03    4.10    0.00    0.00    0.19    0.00    0.00    0.00   95.68
22:33:50     all    0.06    0.00    4.01    0.00    0.00    0.38    0.00    0.00    0.00   95.55
22:33:51     all    0.00    0.03    3.76    0.00    0.00    0.28    0.00    0.00    0.00   95.92
22:33:52     all    0.00    0.00    4.19    0.00    0.00    0.25    0.00    0.00    0.00   95.56
22:33:53     all    0.00    0.00    4.31    0.00    0.00    0.31    0.00    0.00    0.00   95.38
22:33:54     all    0.00    0.03    4.19    0.00    0.00    0.25    0.00    0.00    0.00   95.53
22:33:55     all    0.00    0.00    3.79    0.00    0.00    0.32    0.00    0.00    0.00   95.89
22:33:56     all    0.00    0.03    4.06    0.00    0.00    0.41    0.00    0.00    0.00   95.50
22:33:57     all    0.00    0.00    4.22    0.00    0.00    0.28    0.00    0.00    0.00   95.50
22:33:58     all    0.00    0.00    3.98    0.00    0.00    0.16    0.00    0.00    0.00   95.86
22:33:59     all    0.00    0.03    4.25    0.00    0.00    0.28    0.00    0.00    0.00   95.44
22:34:00     all    0.38    0.00    4.28    0.00    0.00    0.44    0.00    0.00    0.00   94.90
22:34:01     all    0.00    0.03    3.83    0.00    0.00    0.19    0.00    0.00    0.00   95.95
22:34:02     all    0.00    0.00    3.97    0.00    0.00    0.38    0.00    0.00    0.00   95.65
22:34:03     all    0.00    0.00    3.98    0.00    0.00    0.19    0.00    0.00    0.00   95.83
22:34:04     all    0.00    0.03    4.15    0.00    0.00    0.28    0.00    0.00    0.00   95.53
22:34:05     all    0.00    0.00    4.27    0.00    0.00    0.22    0.00    0.00    0.00   95.51
22:34:06     all    0.00    0.03    4.03    0.00    0.00    0.31    0.00    0.00    0.00   95.62
22:34:07     all    0.00    0.00    3.91    0.00    0.00    0.32    0.00    0.00    0.00   95.77
22:34:08     all    0.03    0.00    3.94    0.00    0.00    0.22    0.00    0.00    0.00   95.80
22:34:09     all    0.00    0.03    4.43    0.00    0.00    0.19    0.00    0.00    0.00   95.35
22:34:10     all    0.06    0.00    4.21    0.00    0.00    0.41    0.00    0.00    0.00   95.32
22:34:11     all    0.00    0.03    4.27    0.00    0.00    0.35    0.00    0.00    0.00   95.35
22:34:12     all    0.00    0.00    3.97    0.00    0.00    0.28    0.00    0.00    0.00   95.74
22:34:13     all    0.00    0.00    4.15    0.00    0.00    0.35    0.00    0.00    0.00   95.50
22:34:14     all    0.03    0.03    3.77    0.00    0.00    0.25    0.00    0.00    0.00   95.92
22:34:15     all    0.00    0.00    3.40    0.00    0.00    0.25    0.00    0.00    0.00   96.35
22:34:16     all    0.00    0.03    3.83    0.00    0.00    0.60    0.00    0.00    0.00   95.54
22:34:17     all    0.00    0.00    7.51    0.00    0.00    3.93    0.00    0.00    0.00   88.56
22:34:18     all    0.00    0.16    8.04    0.00    0.00    4.41    0.00    0.00    0.00   87.39
22:34:19     all    0.00    0.19   11.58    0.00    0.00    5.27    0.00    0.00    0.00   82.96
22:34:20     all    0.03    0.03   18.22    0.00    0.00    6.71    0.00    0.00    0.00   75.01
22:34:21     all    0.00    0.10   17.75    0.00    0.00    6.34    0.00    0.00    0.00   75.81
22:34:22     all    0.00    0.03   17.14    0.00    0.00    6.46    0.00    0.00    0.00   76.36
22:34:23     all    0.00    2.55   15.60    0.00    0.00    6.64    0.00    0.00    0.00   75.20
22:34:24     all    0.03    0.82   15.78    0.00    0.00    6.55    0.00    0.00    0.00   76.82
22:34:25     all    0.00    0.06   16.70    0.00    0.00    6.86    0.00    0.00    0.00   76.37
22:34:26     all    0.00    0.03   16.97    0.00    0.00    6.91    0.00    0.00    0.00   76.09
22:34:27     all    0.00    0.06   17.14    0.00    0.00    6.51    0.00    0.00    0.00   76.28
22:34:28     all    0.00    0.06   17.35    0.00    0.00    7.18    0.00    0.00    0.00   75.40
22:34:29     all    0.00    0.07   16.38    0.00    0.00    6.81    0.00    0.00    0.00   76.74
22:34:30     all    0.13    0.10   17.98    0.00    0.00    6.63    0.00    0.00    0.00   75.16
22:34:31     all    0.00    2.41   19.58    0.00    0.00    8.90    0.00    0.00    0.00   69.11
22:34:32     all    0.00    2.08   17.62    0.00    0.00    7.82    0.00    0.00    0.00   72.49
22:34:33     all    0.00    0.23   21.72    0.00    0.00    7.00    0.00    0.00    0.00   71.06
22:34:34     all    0.00    0.10   22.98    0.00    0.00    7.52    0.00    0.00    0.00   69.41
22:34:35     all    0.00    1.58   22.40    0.00    0.00    7.27    0.00    0.00    0.00   68.75
22:34:36     all    0.00    1.96   22.89    0.00    0.00    6.69    0.00    0.00    0.00   68.47
22:34:37     all    0.00    0.06   23.00    0.00    0.00    7.92    0.00    0.00    0.00   69.01
22:34:38     all    0.00    0.06   23.00    0.00    0.00    7.75    0.00    0.00    0.00   69.19
22:34:39     all    0.00    0.10   22.84    0.00    0.00    7.40    0.00    0.00    0.00   69.66
22:34:40     all    0.06    3.75   21.41    0.00    0.00    6.89    0.00    0.00    0.00   67.88
22:34:41     all    0.00    0.67   22.14    0.00    0.00    8.19    0.00    0.00    0.00   68.99
22:34:42     all    0.00    0.06   23.15    0.00    0.00    7.53    0.00    0.00    0.00   69.25
22:34:43     all    0.00    0.10   22.60    0.00    0.00    7.70    0.00    0.00    0.00   69.60
22:34:44     all    0.22    0.51   23.11    0.00    0.00    7.54    0.00    0.00    0.00   68.61
22:34:45     all    0.00    3.31   22.12    0.00    0.00    6.84    0.00    0.00    0.00   67.74
22:34:46     all    0.00    0.58   22.46    0.00    0.00    7.28    0.00    0.00    0.00   69.68
22:34:47     all    0.00    0.13   22.81    0.00    0.00    7.36    0.00    0.00    0.00   69.71
22:34:48     all    0.00    0.06   21.68    0.00    0.00    7.91    0.00    0.00    0.00   70.34
22:34:49     all    0.00    0.32   26.15    0.00    0.00    8.82    0.00    0.00    0.00   64.71
22:34:50     all    0.06    2.76   27.31    0.00    0.00    8.71    0.00    0.00    0.00   61.15
22:34:51     all    0.00    1.08   25.66    0.00    0.00    9.06    0.00    0.00    0.00   64.20
22:34:52     all    0.00    1.98   30.34    0.00    0.00    9.59    0.00    0.00    0.00   58.09
22:34:53     all    0.00    0.16   30.37    0.00    0.00    9.41    0.00    0.00    0.00   60.06
22:34:54     all    0.00    0.03   31.39    0.00    0.00   10.17    0.00    0.00    0.00   58.40
22:34:55     all    0.00    3.41   31.41    0.00    0.00   11.14    0.00    0.00    0.00   54.04
22:34:56     all    0.00    1.20   31.54    0.00    0.00   10.38    0.00    0.00    0.00   56.88
22:34:57     all    0.00    2.84   32.99    0.00    0.00    9.77    0.00    0.00    0.00   54.39
22:34:58     all    0.00    0.32   33.34    0.00    0.00    9.84    0.00    0.00    0.00   56.50
22:34:59     all    0.00    0.10   32.70    0.00    0.00   10.27    0.00    0.00    0.00   56.94
22:35:00     all    0.32    0.79   33.25    0.00    0.00   10.20    0.00    0.00    0.00   55.45
22:35:01     all    0.03    3.26   33.23    0.00    0.00    9.80    0.00    0.00    0.00   53.68
22:35:02     all    0.00    5.99   33.05    0.00    0.00    9.90    0.00    0.00    0.00   51.06
22:35:03     all    0.00    3.03   31.60    0.00    0.00   10.96    0.00    0.00    0.00   54.41
22:35:04     all    0.00    1.18   33.03    0.00    0.00    9.80    0.00    0.00    0.00   56.00
22:35:05     all    0.00    0.51   33.48    0.00    0.00   10.11    0.00    0.00    0.00   55.90
22:35:06     all    0.00    0.06   34.08    0.00    0.00    9.93    0.00    0.00    0.00   55.92
22:35:07     all    0.00    0.35   33.56    0.00    0.00   10.53    0.00    0.00    0.00   55.57
22:35:08     all    0.00    1.91   33.84    0.00    0.00    9.82    0.00    0.00    0.00   54.43
22:35:09     all    0.00    0.10   34.84    0.00    0.00    9.42    0.00    0.00    0.00   55.65
22:35:10     all    0.06    1.24   34.07    0.00    0.00    9.89    0.00    0.00    0.00   54.74
22:35:11     all    0.00    3.22   33.54    0.00    0.00   10.28    0.00    0.00    0.00   52.96
22:35:12     all    0.00    0.86   33.39    0.00    0.00   10.26    0.00    0.00    0.00   55.50
22:35:13     all    0.00    2.48   32.99    0.00    0.00   10.48    0.00    0.00    0.00   54.04
22:35:14     all    0.03    2.88   33.40    0.00    0.00   10.45    0.00    0.00    0.00   53.24
22:35:15     all    0.00    3.63   33.78    0.00    0.00    9.88    0.00    0.00    0.00   52.71
22:35:16     all    0.00    5.10   33.95    0.00    0.00    9.85    0.00    0.00    0.00   51.11
22:35:17     all    0.00    4.68   34.13    0.00    0.00    9.57    0.00    0.00    0.00   51.62
22:35:18     all    0.00    0.13   34.10    0.00    0.00    9.96    0.00    0.00    0.00   55.82
22:35:19     all    0.00    0.10   34.31    0.00    0.00    9.80    0.00    0.00    0.00   55.80
22:35:20     all    0.06    0.10   34.00    0.00    0.00   10.04    0.00    0.00    0.00   55.80
22:35:21     all    0.00    0.06   33.44    0.00    0.00   10.32    0.00    0.00    0.00   56.18
22:35:22     all    0.03    0.09   34.08    0.00    0.00    9.99    0.00    0.00    0.00   55.80
22:35:23     all    0.00    0.06   33.41    0.00    0.00   10.67    0.00    0.00    0.00   55.86
22:35:24     all    0.00    0.16   33.85    0.00    0.00   10.10    0.00    0.00    0.00   55.89
22:35:25     all    0.00    2.99   33.94    0.00    0.00    9.76    0.00    0.00    0.00   53.32
22:35:26     all    0.00    1.05   34.65    0.00    0.00    9.27    0.00    0.00    0.00   55.03
22:35:27     all    0.00    1.40   34.05    0.00    0.00    9.74    0.00    0.00    0.00   54.81
22:35:28     all    0.00    1.75   33.81    0.00    0.00   10.17    0.00    0.00    0.00   54.27
22:35:29     all    0.00    0.06   33.66    0.00    0.00   10.07    0.00    0.00    0.00   56.20
22:35:30     all    0.06    4.37   33.31    0.00    0.00   10.18    0.00    0.00    0.00   52.07
22:35:31     all    0.00    4.38   33.93    0.00    0.00    9.74    0.00    0.00    0.00   51.95
22:35:32     all    0.00    3.32   34.07    0.00    0.00    9.78    0.00    0.00    0.00   52.82
22:35:33     all    0.00    1.30   34.76    0.00    0.00    9.35    0.00    0.00    0.00   54.60
22:35:34     all    0.00    0.10   33.83    0.00    0.00    9.78    0.00    0.00    0.00   56.29
22:35:35     all    0.00    2.04   33.97    0.00    0.00    9.83    0.00    0.00    0.00   54.17
22:35:36     all    0.00    3.29   33.27    0.00    0.00   10.19    0.00    0.00    0.00   53.26
22:35:37     all    0.00    1.83   34.52    0.00    0.00    9.74    0.00    0.00    0.00   53.91
22:35:38     all    0.00    4.62   33.73    0.00    0.00    9.95    0.00    0.00    0.00   51.69
22:35:39     all    0.00    2.62   33.94    0.00    0.00   10.18    0.00    0.00    0.00   53.26
22:35:40     all    0.06    0.06   33.51    0.00    0.00   10.42    0.00    0.00    0.00   55.94
22:35:41     all    0.00    0.13   34.24    0.00    0.00    9.72    0.00    0.00    0.00   55.91
22:35:42     all    0.00    0.03   33.42    0.00    0.00   10.55    0.00    0.00    0.00   56.00
22:35:43     all    0.00    0.09   33.57    0.00    0.00   10.57    0.00    0.00    0.00   55.77
22:35:44     all    0.00    0.13   34.30    0.00    0.00    9.97    0.00    0.00    0.00   55.60
22:35:45     all    0.00    0.06   34.12    0.00    0.00   10.48    0.00    0.00    0.00   55.34
22:35:46     all    0.03    1.23   32.99    0.00    0.00   11.33    0.00    0.00    0.00   54.42
22:35:47     all    0.00    0.13   33.78    0.00    0.00   10.55    0.00    0.00    0.00   55.54
22:35:48     all    0.00    1.99   33.11    0.00    0.00   10.85    0.00    0.00    0.00   54.05
22:35:49     all    0.00    4.06   34.00    0.00    0.00   10.66    0.00    0.00    0.00   51.28
22:35:50     all    0.06    0.76   33.90    0.00    0.00   10.29    0.00    0.00    0.00   54.99
22:35:51     all    0.00    2.16   33.70    0.00    0.00   10.22    0.00    0.00    0.00   53.92
22:35:52     all    0.00    6.47   33.00    0.00    0.00   10.55    0.00    0.00    0.00   49.98
22:35:53     all    0.10    3.50   34.27    0.00    0.00    9.73    0.00    0.00    0.00   52.42
22:35:54     all    0.00    0.95   33.82    0.00    0.00   10.13    0.00    0.00    0.00   55.10
22:35:55     all    0.00    0.13   33.51    0.00    0.00   10.24    0.00    0.00    0.00   56.12
22:35:56     all    0.03    0.06   34.13    0.00    0.00    9.92    0.00    0.00    0.00   55.86
22:35:57     all    0.03    0.03   33.44    0.00    0.00   10.30    0.00    0.00    0.00   56.19
22:35:58     all    0.00    2.54   33.58    0.00    0.00   10.24    0.00    0.00    0.00   53.65
22:35:59     all    0.00    1.56   33.70    0.00    0.00   10.05    0.00    0.00    0.00   54.69
22:36:00     all    0.44    0.13   33.67    0.00    0.00   11.01    0.00    0.00    0.00   54.75
22:36:01     all    0.00    0.89   33.26    0.00    0.00   10.57    0.00    0.00    0.00   55.28
22:36:02     all    0.00    1.18   33.24    0.00    0.00   11.87    0.00    0.00    0.00   53.71
22:36:03     all    0.00    0.13   33.39    0.00    0.00   10.97    0.00    0.00    0.00   55.52
22:36:04     all    0.00    0.13   33.00    0.00    0.00   10.61    0.00    0.00    0.00   56.26
22:36:05     all    0.03    0.13   34.43    0.00    0.00    9.79    0.00    0.00    0.00   55.62
22:36:06     all    0.00    0.13   33.77    0.00    0.00   10.15    0.00    0.00    0.00   55.96
22:36:07     all    0.03    0.06   34.41    0.00    0.00    9.68    0.00    0.00    0.00   55.82
22:36:08     all    0.03    0.13   34.05    0.00    0.00    9.94    0.00    0.00    0.00   55.84
22:36:09     all    0.00    1.14   33.66    0.00    0.00   10.57    0.00    0.00    0.00   54.64
22:36:10     all    0.06    2.00   33.57    0.00    0.00   10.66    0.00    0.00    0.00   53.71
22:36:11     all    0.03    7.34   34.10    0.00    0.00    9.92    0.00    0.00    0.00   48.61
22:36:12     all    0.00   12.79   33.73    0.00    0.00    9.16    0.00    0.00    0.00   44.32
22:36:13     all    0.00    7.64   34.04    0.00    0.00    9.57    0.00    0.00    0.00   48.75
22:36:14     all    0.03    2.07   33.73    0.00    0.00   10.10    0.00    0.00    0.00   54.08
22:36:15     all    0.00   22.17   31.13    0.00    0.00   10.03    0.00    0.00    0.00   36.68
22:36:16     all    0.00   23.32   30.83    0.00    0.00   10.43    0.00    0.00    0.00   35.42
22:36:17     all    0.06    8.70   28.75    0.00    0.00   11.02    0.00    0.00    0.00   51.47
22:36:18     all    0.00    6.47   29.09    0.00    0.00   11.86    0.00    0.00    0.00   52.58
22:36:19     all    0.00    8.09   28.37    0.00    0.00   11.84    0.00    0.00    0.00   51.70
22:36:20     all    0.06    0.13   29.68    0.00    0.00   11.50    0.00    0.00    0.00   58.63
22:36:21     all    0.00    0.06   29.68    0.00    0.00   11.69    0.00    0.00    0.00   58.56
22:36:22     all    0.03    0.13   29.79    0.00    0.00   11.55    0.00    0.00    0.00   58.50
22:36:23     all    0.03    0.13   30.26    0.00    0.00   11.47    0.00    0.00    0.00   58.11
22:36:24     all    0.03    0.06   29.01    0.00    0.00   12.02    0.00    0.00    0.00   58.87
22:36:25     all    0.00    0.16   29.39    0.00    0.00   12.27    0.00    0.00    0.00   58.18
22:36:26     all    0.00    0.16   30.75    0.00    0.00   10.36    0.00    0.00    0.00   58.73
22:36:27     all    0.03    2.53   29.31    0.00    0.00   11.47    0.00    0.00    0.00   56.66
22:36:28     all    0.03    2.97   29.61    0.00    0.00   11.50    0.00    0.00    0.00   55.89
22:36:29     all    0.00    0.64   29.51    0.00    0.00   11.73    0.00    0.00    0.00   58.12
22:36:30     all    0.10    0.74   29.18    0.00    0.00   11.91    0.00    0.00    0.00   58.07
22:36:31     all    0.03    0.67   29.25    0.00    0.00   11.71    0.00    0.00    0.00   58.34
22:36:32     all    0.00    0.10   29.82    0.00    0.00   11.42    0.00    0.00    0.00   58.66
22:36:33     all    0.00    0.06   28.48    0.00    0.00   11.27    0.00    0.00    0.00   60.19
22:36:34     all    0.03    0.94   27.76    0.00    0.00   11.36    0.00    0.00    0.00   59.92
22:36:35     all    0.00    9.25   30.23    0.00    0.00   10.76    0.00    0.00    0.00   49.76
22:36:36     all    0.03    9.79   32.10    0.00    0.00    9.66    0.00    0.00    0.00   48.42
22:36:37     all    0.00   24.74   29.45    0.00    0.00   10.45    0.00    0.00    0.00   35.35
22:36:38     all    0.00   32.13   30.95    0.00    0.00    9.68    0.00    0.00    0.00   27.24
22:36:39     all    0.03   32.02   30.02    0.00    0.00    9.93    0.00    0.00    0.00   28.00
22:36:40     all    0.10   13.37   28.72    0.00    0.00   10.87    0.00    0.00    0.00   46.95
22:36:41     all    0.00   32.18   28.26    0.00    0.00    9.57    0.00    0.00    0.00   29.99
22:36:42     all    0.00   47.85   24.00    0.00    0.00    8.81    0.00    0.00    0.00   19.34
22:36:43     all    0.00   49.28   22.88    0.00    0.00    9.39    0.00    0.00    0.00   18.45
22:36:44     all    0.00   37.74   22.92    0.00    0.00   10.15    0.00    0.00    0.00   29.19
22:36:45     all    0.00   42.71   22.81    0.00    0.00   10.18    0.00    0.00    0.00   24.31
22:36:46     all    0.06   37.35   23.12    0.00    0.00    9.73    0.00    0.00    0.00   29.72
22:36:47     all    0.00   41.24   23.50    0.00    0.00    9.67    0.00    0.00    0.00   25.59
22:36:48     all    0.00   48.96   23.46    0.00    0.00    9.20    0.00    0.00    0.00   18.37
22:36:49     all    0.00   50.00   25.35    0.00    0.00    9.29    0.00    0.00    0.00   15.35
22:36:50     all    0.10   49.35   25.78    0.00    0.00    9.20    0.00    0.00    0.00   15.58
22:36:51     all    0.03   37.06   26.78    0.00    0.00    9.02    0.00    0.00    0.00   27.10
22:36:52     all    0.03   42.76   24.89    0.00    0.00    8.53    0.00    0.00    0.00   23.78
22:36:53     all    0.00   17.03   24.47    0.00    0.00    8.60    0.00    0.00    0.00   49.90
22:36:54     all    0.03   29.45   19.34    0.00    0.00    7.44    0.00    0.00    0.00   43.73
22:36:55     all    0.03   51.87   15.19    0.00    0.00    6.56    0.00    0.00    0.00   26.36
22:36:56     all    0.03   52.29   15.12    0.00    0.00    6.61    0.00    0.00    0.00   25.95
22:36:57     all    0.00   51.44   15.43    0.00    0.00    7.10    0.00    0.00    0.00   26.03
22:36:58     all    0.00   52.48   14.99    0.00    0.00    6.93    0.00    0.00    0.00   25.60
22:36:59     all    0.03   51.85   17.27    0.00    0.00    7.90    0.00    0.00    0.00   22.95
22:37:00     all    0.52   50.85   16.03    0.00    0.00    7.20    0.00    0.00    0.00   25.39
22:37:01     all    0.03   51.11   18.14    0.00    0.00    7.13    0.00    0.00    0.00   23.58
22:37:02     all    0.07   46.84   16.66    0.00    0.00    7.69    0.00    0.00    0.00   28.74
22:37:03     all    0.00   27.09   18.72    0.00    0.00    8.80    0.00    0.00    0.00   45.39
22:37:04     all    0.00   32.20   16.84    0.00    0.00    7.58    0.00    0.00    0.00   43.38
22:37:05     all    0.00   51.66   15.75    0.00    0.00    6.62    0.00    0.00    0.00   25.97
22:37:06     all    0.00   49.43   17.26    0.00    0.00    7.60    0.00    0.00    0.00   25.70
22:37:07     all    0.00   51.51   18.06    0.00    0.00    7.19    0.00    0.00    0.00   23.23
22:37:08     all    0.00   51.70   22.69    0.00    0.00    8.49    0.00    0.00    0.00   17.12
22:37:09     all    0.03   51.44   30.33    0.00    0.00    8.94    0.00    0.00    0.00    9.26
22:37:10     all    0.06   51.36   29.59    0.00    0.00    8.62    0.00    0.00    0.00   10.37
22:37:11     all    0.03   52.23   27.00    0.00    0.00    8.26    0.00    0.00    0.00   12.48
22:37:12     all    0.00   52.08   24.19    0.00    0.00    9.62    0.00    0.00    0.00   14.11
22:37:13     all    0.00   52.45   21.51    0.00    0.00    8.32    0.00    0.00    0.00   17.71
22:37:14     all    0.06   57.34   23.70    0.00    0.00    7.77    0.00    0.00    0.00   11.12
22:37:15     all    0.00   57.14   26.58    0.00    0.00    7.90    0.00    0.00    0.00    8.38
22:37:16     all    0.00   52.92   27.98    0.00    0.00   10.00    0.00    0.00    0.00    9.10
22:37:17     all    0.03   51.16   28.58    0.00    0.00    9.86    0.00    0.00    0.00   10.37
22:37:18     all    0.00   51.32   27.31    0.00    0.00   10.69    0.00    0.00    0.00   10.69
22:37:19     all    0.03   51.34   27.97    0.00    0.00    9.24    0.00    0.00    0.00   11.43
22:37:20     all    0.16   51.13   28.13    0.00    0.00   10.10    0.00    0.00    0.00   10.48
22:37:21     all    0.00   51.81   27.41    0.00    0.00    9.85    0.00    0.00    0.00   10.92
22:37:22     all    0.03   51.26   27.93    0.00    0.00    9.97    0.00    0.00    0.00   10.80
22:37:23     all    0.00   51.66   28.49    0.00    0.00    9.54    0.00    0.00    0.00   10.31
22:37:24     all    0.00   50.94   28.59    0.00    0.00   10.52    0.00    0.00    0.00    9.95
22:37:25     all    0.00   50.65   30.74    0.00    0.00    9.48    0.00    0.00    0.00    9.13
22:37:26     all    0.00   52.58   24.33    0.00    0.00    8.55    0.00    0.00    0.00   14.54
22:37:27     all    0.03   53.17   25.98    0.00    0.00    8.12    0.00    0.00    0.00   12.70
22:37:28     all    0.03   51.44   29.27    0.00    0.00    9.31    0.00    0.00    0.00    9.95
22:37:29     all    0.00   52.16   27.45    0.00    0.00    9.14    0.00    0.00    0.00   11.24
22:37:30     all    0.10   51.15   28.46    0.00    0.00    8.85    0.00    0.00    0.00   11.44
22:37:31     all    0.03   51.08   27.58    0.00    0.00    9.87    0.00    0.00    0.00   11.43
22:37:32     all    0.00   50.77   28.34    0.00    0.00    9.52    0.00    0.00    0.00   11.37
22:37:33     all    0.00   50.90   28.83    0.00    0.00    8.88    0.00    0.00    0.00   11.39
22:37:34     all    0.00   51.29   28.60    0.00    0.00    8.62    0.00    0.00    0.00   11.49
22:37:35     all    0.06   51.23   29.07    0.00    0.00    9.37    0.00    0.00    0.00   10.27
22:37:36     all    0.00   51.59   28.80    0.00    0.00    8.83    0.00    0.00    0.00   10.78
22:37:37     all    0.00   51.51   29.88    0.00    0.00    8.79    0.00    0.00    0.00    9.82
22:37:38     all    0.00   50.46   29.61    0.00    0.00    9.47    0.00    0.00    0.00   10.46
22:37:39     all    0.00   52.20   28.56    0.00    0.00    8.80    0.00    0.00    0.00   10.43
22:37:40     all    0.10   52.05   28.72    0.00    0.00    8.17    0.00    0.00    0.00   10.96
22:37:41     all    0.03   51.05   30.17    0.00    0.00    8.91    0.00    0.00    0.00    9.84
22:37:42     all    0.00   51.79   26.39    0.00    0.00    8.35    0.00    0.00    0.00   13.47
22:37:43     all    0.03   52.63   24.53    0.00    0.00    7.99    0.00    0.00    0.00   14.81
22:37:44     all    0.00   53.20   25.22    0.00    0.00    8.29    0.00    0.00    0.00   13.30
22:37:45     all    0.00   53.00   22.48    0.00    0.00    8.04    0.00    0.00    0.00   16.47
22:37:46     all    0.03   53.21   18.23    0.00    0.00    6.72    0.00    0.00    0.00   21.81
22:37:47     all    0.00   64.47   16.18    0.00    0.00    5.01    0.00    0.00    0.00   14.33
22:37:48     all    0.00   72.91   13.72    0.00    0.00    4.50    0.00    0.00    0.00    8.87
22:37:49     all    0.03   64.62   15.00    0.00    0.00    5.18    0.00    0.00    0.00   15.16
22:37:50     all    0.03   61.83   17.18    0.00    0.00    6.58    0.00    0.00    0.00   14.37
22:37:51     all    0.00   52.42   17.69    0.00    0.00    7.72    0.00    0.00    0.00   22.17
22:37:52     all    0.00   60.18   17.42    0.00    0.00    5.97    0.00    0.00    0.00   16.43
22:37:53     all    0.03   64.10   16.27    0.00    0.00    5.42    0.00    0.00    0.00   14.18
22:37:54     all    0.03   62.53   18.35    0.00    0.00    6.64    0.00    0.00    0.00   12.45
22:37:55     all    0.00   55.86   17.87    0.00    0.00    7.49    0.00    0.00    0.00   18.78
22:37:56     all    0.00   54.44   19.13    0.00    0.00    7.94    0.00    0.00    0.00   18.48
22:37:57     all    0.00   53.10   19.29    0.00    0.00    7.65    0.00    0.00    0.00   19.97
22:37:58     all    0.03   53.22   18.18    0.00    0.00    8.34    0.00    0.00    0.00   20.23
22:37:59     all    0.00   52.63   18.96    0.00    0.00    8.13    0.00    0.00    0.00   20.28
22:38:00     all    0.23   54.19   19.66    0.00    0.00    7.37    0.00    0.00    0.00   18.56
22:38:01     all    0.26   56.07   18.49    0.00    0.00    7.25    0.00    0.00    0.00   17.93
22:38:02     all    0.00   53.69   19.03    0.00    0.00    7.54    0.00    0.00    0.00   19.75
22:38:03     all    0.07   51.84   20.04    0.00    0.00    7.82    0.00    0.00    0.00   20.23
22:38:04     all    0.00   53.43   21.20    0.00    0.00    7.79    0.00    0.00    0.00   17.58
22:38:05     all    0.00   55.16   24.83    0.00    0.00   10.34    0.00    0.00    0.00    9.67
22:38:06     all    0.03   53.22   25.49    0.00    0.00    9.40    0.00    0.00    0.00   11.87
22:38:07     all    0.00   52.58   23.07    0.00    0.00    9.70    0.00    0.00    0.00   14.66
22:38:08     all    0.00   52.07   21.83    0.00    0.00    8.99    0.00    0.00    0.00   17.11
22:38:09     all    0.00   59.56   21.20    0.00    0.00    8.67    0.00    0.00    0.00   10.57
22:38:10     all    0.03   58.84   25.25    0.00    0.00    8.85    0.00    0.00    0.00    7.03
22:38:11     all    0.03   54.08   28.08    0.00    0.00   10.59    0.00    0.00    0.00    7.23
22:38:12     all    0.00   51.72   27.10    0.00    0.00   10.56    0.00    0.00    0.00   10.62
22:38:13     all    0.00   52.46   23.26    0.00    0.00    9.59    0.00    0.00    0.00   14.68
22:38:14     all    0.03   52.92   19.59    0.00    0.00    8.22    0.00    0.00    0.00   19.23
22:38:15     all    0.00   53.98   20.29    0.00    0.00    8.12    0.00    0.00    0.00   17.62
22:38:16     all    0.00   53.31   20.36    0.00    0.00    7.56    0.00    0.00    0.00   18.77
22:38:17     all    0.00   52.54   19.23    0.00    0.00    8.11    0.00    0.00    0.00   20.12
22:38:18     all    0.00   53.92   18.71    0.00    0.00    7.73    0.00    0.00    0.00   19.64
22:38:19     all    0.03   52.46   19.97    0.00    0.00    8.22    0.00    0.00    0.00   19.32
22:38:20     all    0.10   53.06   21.16    0.00    0.00    7.65    0.00    0.00    0.00   18.03
22:38:21     all    0.00   51.95   20.29    0.00    0.00    8.53    0.00    0.00    0.00   19.22
22:38:22     all    0.00   52.64   20.05    0.00    0.00    8.29    0.00    0.00    0.00   19.02
22:38:23     all    0.00   52.69   19.82    0.00    0.00    8.49    0.00    0.00    0.00   19.00
22:38:24     all    0.03   51.99   18.89    0.00    0.00    8.01    0.00    0.00    0.00   21.07
22:38:25     all    0.03   52.96   14.36    0.00    0.00    6.97    0.00    0.00    0.00   25.68
22:38:26     all    0.00   54.83   13.33    0.00    0.00    6.98    0.00    0.00    0.00   24.86
22:38:27     all    0.03   53.47   15.36    0.00    0.00    6.10    0.00    0.00    0.00   25.04
22:38:28     all    0.00   66.01   16.23    0.00    0.00    5.91    0.00    0.00    0.00   11.85
22:38:29     all    0.03   65.73   14.85    0.00    0.00    5.96    0.00    0.00    0.00   13.43
22:38:30     all    0.10   64.87   16.68    0.00    0.00    6.13    0.00    0.00    0.00   12.22
22:38:31     all    0.00   64.88   18.69    0.00    0.00    6.92    0.00    0.00    0.00    9.51
22:38:32     all    0.03   63.60   20.87    0.00    0.00    7.08    0.00    0.00    0.00    8.42
22:38:33     all    0.03   64.61   19.66    0.00    0.00    7.02    0.00    0.00    0.00    8.68
22:38:34     all    0.00   63.22   19.98    0.00    0.00    7.23    0.00    0.00    0.00    9.56
22:38:35     all    0.03   58.06   20.19    0.00    0.00    8.21    0.00    0.00    0.00   13.51
22:38:36     all    0.00   57.10   22.50    0.00    0.00    8.72    0.00    0.00    0.00   11.67
22:38:37     all    0.00   57.41   20.91    0.00    0.00    8.21    0.00    0.00    0.00   13.47
22:38:38     all    0.03   54.59   19.29    0.00    0.00    8.21    0.00    0.00    0.00   17.88
22:38:39     all    0.00   54.47   18.77    0.00    0.00    8.21    0.00    0.00    0.00   18.55
22:38:40     all    0.10   52.05   18.80    0.00    0.00    8.23    0.00    0.00    0.00   20.82
22:38:41     all    0.03   54.96   18.04    0.00    0.00    7.19    0.00    0.00    0.00   19.78
22:38:42     all    0.00   55.42   17.65    0.00    0.00    7.91    0.00    0.00    0.00   19.02
22:38:43     all    0.00   53.80   18.52    0.00    0.00    8.32    0.00    0.00    0.00   19.36
22:38:44     all    0.00   56.83   14.41    0.00    0.00    6.36    0.00    0.00    0.00   22.40
22:38:45     all    0.03   53.86   12.50    0.00    0.00    6.59    0.00    0.00    0.00   27.01
22:38:46     all    0.00   53.97   12.93    0.00    0.00    6.61    0.00    0.00    0.00   26.50
22:38:47     all    0.00   52.36   12.96    0.00    0.00    5.95    0.00    0.00    0.00   28.73
22:38:48     all    0.03   61.16   14.59    0.00    0.00    5.28    0.00    0.00    0.00   18.94
22:38:49     all    0.03   65.84   16.57    0.00    0.00    6.46    0.00    0.00    0.00   11.10
22:38:50     all    0.06   69.22   15.10    0.00    0.00    6.49    0.00    0.00    0.00    9.13
22:38:51     all    0.03   69.05   14.79    0.00    0.00    5.59    0.00    0.00    0.00   10.54
22:38:52     all    0.00   73.73   10.71    0.00    0.00    4.19    0.00    0.00    0.00   11.37
22:38:53     all    0.03   72.21   11.30    0.00    0.00    4.20    0.00    0.00    0.00   12.25
22:38:54     all    0.00   62.87   13.71    0.00    0.00    5.28    0.00    0.00    0.00   18.15
22:38:55     all    0.00   57.69   14.71    0.00    0.00    6.99    0.00    0.00    0.00   20.61
22:38:56     all    0.06   55.04   14.63    0.00    0.00    7.09    0.00    0.00    0.00   23.17
22:38:57     all    0.00   54.11   12.30    0.00    0.00    6.28    0.00    0.00    0.00   27.30
22:38:58     all    0.00   54.55   14.57    0.00    0.00    5.80    0.00    0.00    0.00   25.08
22:38:59     all    0.06   62.00   15.00    0.00    0.00    6.01    0.00    0.00    0.00   16.92
22:39:00     all    0.45   66.69   14.80    0.00    0.00    5.86    0.00    0.00    0.00   12.20
22:39:01     all    0.32   68.49   14.84    0.00    0.00    5.16    0.00    0.00    0.00   11.19
22:39:02     all    0.00   64.58   14.87    0.00    0.00    5.53    0.00    0.00    0.00   15.03
22:39:03     all    0.00   66.67   14.92    0.00    0.00    5.31    0.00    0.00    0.00   13.10
22:39:04     all    0.00   64.47   14.62    0.00    0.00    6.03    0.00    0.00    0.00   14.87
22:39:05     all    0.00   67.57   15.46    0.00    0.00    5.67    0.00    0.00    0.00   11.30
22:39:06     all    0.00   53.96   16.66    0.00    0.00    7.06    0.00    0.00    0.00   22.33
22:39:07     all    0.03   51.92   17.43    0.00    0.00    6.99    0.00    0.00    0.00   23.63
22:39:08     all    0.03   52.54   18.26    0.00    0.00    7.65    0.00    0.00    0.00   21.52
22:39:09     all    0.00   52.67   17.42    0.00    0.00    8.30    0.00    0.00    0.00   21.61
22:39:10     all    0.00   52.19   18.65    0.00    0.00    7.98    0.00    0.00    0.00   21.17
22:39:11     all    0.00   51.78   18.64    0.00    0.00    7.59    0.00    0.00    0.00   21.98
22:39:12     all    0.03   52.27   19.79    0.00    0.00    8.01    0.00    0.00    0.00   19.89
22:39:13     all    0.00   52.24   17.59    0.00    0.00    8.01    0.00    0.00    0.00   22.16
22:39:14     all    0.00   52.24   18.39    0.00    0.00    8.20    0.00    0.00    0.00   21.17
22:39:15     all    0.03   52.23   17.15    0.00    0.00    8.23    0.00    0.00    0.00   22.36
22:39:16     all    0.00   52.22   17.61    0.00    0.00    6.88    0.00    0.00    0.00   23.29
22:39:17     all    0.00   53.76   18.11    0.00    0.00    7.92    0.00    0.00    0.00   20.21
22:39:18     all    0.03   51.77   16.72    0.00    0.00    8.26    0.00    0.00    0.00   23.23
22:39:19     all    0.00   53.82   13.59    0.00    0.00    6.34    0.00    0.00    0.00   26.24
22:39:20     all    0.07   54.17   19.28    0.00    0.00    7.56    0.00    0.00    0.00   18.93
22:39:21     all    0.03   52.87   16.97    0.00    0.00    8.26    0.00    0.00    0.00   21.87
22:39:22     all    0.00   54.47   12.15    0.00    0.00    6.14    0.00    0.00    0.00   27.25
22:39:23     all    0.00   58.24   14.21    0.00    0.00    6.14    0.00    0.00    0.00   21.41
22:39:24     all    0.03   66.46   14.38    0.00    0.00    5.55    0.00    0.00    0.00   13.58
22:39:25     all    0.00   66.80   14.58    0.00    0.00    5.12    0.00    0.00    0.00   13.49
22:39:26     all    0.03   64.39   15.36    0.00    0.00    6.42    0.00    0.00    0.00   13.80
22:39:27     all    0.00   67.63   15.39    0.00    0.00    6.23    0.00    0.00    0.00   10.75
22:39:28     all    0.00   64.96   16.49    0.00    0.00    6.51    0.00    0.00    0.00   12.05
22:39:29     all    0.03   55.74   17.39    0.00    0.00    7.77    0.00    0.00    0.00   19.08
22:39:30     all    0.10   51.95   18.38    0.00    0.00    7.82    0.00    0.00    0.00   21.75
22:39:31     all    0.06   51.87   17.97    0.00    0.00    7.78    0.00    0.00    0.00   22.32
22:39:32     all    0.06   52.66   18.29    0.00    0.00    7.83    0.00    0.00    0.00   21.15
22:39:33     all    0.00   54.56   17.02    0.00    0.00    7.44    0.00    0.00    0.00   20.98
22:39:34     all    0.00   54.35   17.71    0.00    0.00    7.81    0.00    0.00    0.00   20.13
22:39:35     all    0.00   53.66   16.98    0.00    0.00    7.82    0.00    0.00    0.00   21.53
22:39:36     all    0.03   54.02   17.27    0.00    0.00    7.75    0.00    0.00    0.00   20.93
22:39:37     all    0.03   57.53   16.36    0.00    0.00    7.18    0.00    0.00    0.00   18.90
22:39:38     all    0.00   54.61   15.01    0.00    0.00    7.62    0.00    0.00    0.00   22.76
22:39:39     all    0.00   56.77   13.44    0.00    0.00    6.21    0.00    0.00    0.00   23.58
22:39:40     all    0.06   58.38   13.42    0.00    0.00    5.97    0.00    0.00    0.00   22.16
22:39:41     all    0.00   58.30   12.30    0.00    0.00    5.91    0.00    0.00    0.00   23.49
22:39:42     all    0.03   53.26   12.70    0.00    0.00    5.91    0.00    0.00    0.00   28.09
22:39:43     all    0.00   53.07   12.02    0.00    0.00    6.21    0.00    0.00    0.00   28.70
22:39:44     all    0.03   54.20   12.14    0.00    0.00    5.62    0.00    0.00    0.00   28.00
22:39:45     all    0.00   55.90   11.03    0.00    0.00    5.76    0.00    0.00    0.00   27.31
22:39:46     all    0.00   58.18   11.66    0.00    0.00    5.80    0.00    0.00    0.00   24.36
22:39:47     all    0.03   54.19   11.75    0.00    0.00    6.33    0.00    0.00    0.00   27.71
22:39:48     all    0.00   54.46   13.44    0.00    0.00    6.25    0.00    0.00    0.00   25.86
22:39:49     all    0.00   54.54   11.88    0.00    0.00    6.12    0.00    0.00    0.00   27.45
22:39:50     all    0.10   61.47   14.24    0.00    0.00    6.52    0.00    0.00    0.00   17.67
22:39:51     all    0.00   70.22   16.05    0.00    0.00    5.32    0.00    0.00    0.00    8.41
22:39:52     all    0.03   69.21   15.84    0.00    0.00    6.54    0.00    0.00    0.00    8.38
22:39:53     all    0.03   67.89   16.34    0.00    0.00    5.95    0.00    0.00    0.00    9.78
22:39:54     all    0.00   64.50   16.76    0.00    0.00    6.67    0.00    0.00    0.00   12.07
22:39:55     all    0.00   57.40   17.99    0.00    0.00    8.33    0.00    0.00    0.00   16.28
22:39:56     all    0.03   52.90   17.95    0.00    0.00    7.75    0.00    0.00    0.00   21.37
22:39:57     all    0.00   52.68   18.56    0.00    0.00    7.77    0.00    0.00    0.00   20.99
22:39:58     all    0.03   52.57   16.39    0.00    0.00    7.44    0.00    0.00    0.00   23.57
22:39:59     all    0.00   52.30   13.73    0.00    0.00    6.91    0.00    0.00    0.00   27.06
22:40:00     all    0.52   52.46   13.05    0.00    0.00    6.72    0.00    0.00    0.00   27.24
22:40:01     all    0.00   51.98   14.00    0.00    0.00    6.74    0.00    0.00    0.00   27.28
22:40:02     all    0.00   52.25   12.56    0.00    0.00    5.84    0.00    0.00    0.00   29.35
22:40:03     all    0.03   53.19    9.13    0.00    0.00    5.15    0.00    0.00    0.00   32.50
22:40:04     all    0.06   57.57    8.62    0.00    0.00    4.21    0.00    0.00    0.00   29.53
22:40:05     all    0.00   58.94    9.20    0.00    0.00    4.34    0.00    0.00    0.00   27.52
22:40:06     all    0.00   63.14    7.56    0.00    0.00    3.32    0.00    0.00    0.00   25.99
22:40:07     all    0.03   63.32    6.29    0.00    0.00    3.23    0.00    0.00    0.00   27.12
22:40:08     all    0.00   61.45    8.15    0.00    0.00    4.00    0.00    0.00    0.00   26.41
22:40:09     all    0.00   61.35    8.25    0.00    0.00    4.30    0.00    0.00    0.00   26.10
22:40:10     all    0.06   61.01    8.63    0.00    0.00    4.11    0.00    0.00    0.00   26.19
22:40:11     all    0.03   58.55    9.10    0.00    0.00    4.27    0.00    0.00    0.00   28.04
22:40:12     all    0.00   66.48   10.58    0.00    0.00    4.49    0.00    0.00    0.00   18.44
22:40:13     all    0.00   71.66   11.55    0.00    0.00    4.29    0.00    0.00    0.00   12.50
22:40:14     all    0.03   71.56   11.80    0.00    0.00    4.45    0.00    0.00    0.00   12.15
22:40:15     all    0.03   60.61   13.39    0.00    0.00    6.11    0.00    0.00    0.00   19.86
22:40:16     all    0.00   54.69   13.97    0.00    0.00    7.00    0.00    0.00    0.00   24.33
22:40:17     all    0.03   55.55   14.58    0.00    0.00    6.85    0.00    0.00    0.00   22.99
22:40:18     all    0.00   59.68   14.03    0.00    0.00    6.74    0.00    0.00    0.00   19.55
22:40:19     all    0.03   54.40   13.10    0.00    0.00    6.42    0.00    0.00    0.00   26.04
22:40:20     all    0.10   61.96    9.34    0.00    0.00    4.66    0.00    0.00    0.00   23.95
22:40:21     all    0.00   64.38    9.11    0.00    0.00    4.28    0.00    0.00    0.00   22.24
22:40:22     all    0.00   67.13    8.72    0.00    0.00    4.20    0.00    0.00    0.00   19.95
22:40:23     all    0.06   59.48    8.50    0.00    0.00    4.80    0.00    0.00    0.00   27.16
22:40:24     all    0.00   57.86    8.20    0.00    0.00    4.81    0.00    0.00    0.00   29.12
22:40:25     all    0.03   61.35    7.59    0.00    0.00    3.89    0.00    0.00    0.00   27.14
22:40:26     all    0.00   65.04    7.24    0.00    0.00    3.25    0.00    0.00    0.00   24.47
22:40:27     all    0.00   85.27    3.53    0.00    0.00    1.48    0.00    0.00    0.00    9.73
22:40:28     all    0.03   95.80    2.48    0.00    0.00    0.47    0.00    0.00    0.00    1.22
22:40:29     all    0.00   98.16    1.19    0.00    0.00    0.34    0.00    0.00    0.00    0.31
22:40:30     all    0.06   98.47    1.00    0.00    0.00    0.28    0.00    0.00    0.00    0.19
22:40:31     all    0.03   99.03    0.62    0.00    0.00    0.22    0.00    0.00    0.00    0.09
22:40:32     all    0.00   89.24    5.81    0.00    0.00    2.08    0.00    0.00    0.00    2.86
22:40:33     all    0.03   77.56   11.00    0.00    0.00    4.48    0.00    0.00    0.00    6.93
22:40:34     all    0.03   72.62   11.85    0.00    0.00    4.57    0.00    0.00    0.00   10.93
22:40:35     all    0.00   71.53   11.86    0.00    0.00    4.30    0.00    0.00    0.00   12.30
22:40:36     all    0.03   67.57   12.30    0.00    0.00    5.22    0.00    0.00    0.00   14.88
22:40:37     all    0.00   65.76   12.30    0.00    0.00    4.42    0.00    0.00    0.00   17.52
22:40:38     all    0.03   55.04   12.78    0.00    0.00    6.21    0.00    0.00    0.00   25.94
22:40:39     all    0.03   52.32   14.43    0.00    0.00    7.10    0.00    0.00    0.00   26.11
22:40:40     all    0.07   52.09   13.89    0.00    0.00    7.27    0.00    0.00    0.00   26.68
22:40:41     all    0.03   53.98   13.79    0.00    0.00    7.12    0.00    0.00    0.00   25.07
22:40:42     all    0.03   55.34   13.59    0.00    0.00    6.25    0.00    0.00    0.00   24.79
22:40:43     all    0.00   55.67   14.69    0.00    0.00    7.04    0.00    0.00    0.00   22.60
22:40:44     all    0.00   53.24   13.98    0.00    0.00    6.91    0.00    0.00    0.00   25.86
22:40:45     all    0.03   55.37   14.38    0.00    0.00    6.56    0.00    0.00    0.00   23.66
22:40:46     all    0.00   54.65   14.36    0.00    0.00    7.38    0.00    0.00    0.00   23.61
22:40:47     all    0.00   56.02   15.06    0.00    0.00    6.78    0.00    0.00    0.00   22.14
22:40:48     all    0.00   54.78   14.89    0.00    0.00    6.88    0.00    0.00    0.00   23.45
22:40:49     all    0.00   55.13   14.64    0.00    0.00    7.13    0.00    0.00    0.00   23.10
22:40:50     all    0.13   59.24   15.65    0.00    0.00    6.63    0.00    0.00    0.00   18.35
22:40:51     all    0.00   53.78   15.55    0.00    0.00    7.43    0.00    0.00    0.00   23.24
22:40:52     all    0.03   54.87   16.07    0.00    0.00    6.99    0.00    0.00    0.00   22.04
22:40:53     all    0.03   52.41   15.62    0.00    0.00    7.49    0.00    0.00    0.00   24.45
22:40:54     all    0.00   54.52   14.71    0.00    0.00    6.61    0.00    0.00    0.00   24.17
22:40:55     all    0.03   53.97   14.49    0.00    0.00    6.81    0.00    0.00    0.00   24.70
22:40:56     all    0.00   51.47   15.20    0.00    0.00    7.74    0.00    0.00    0.00   25.59
22:40:57     all    0.00   53.17   15.85    0.00    0.00    7.53    0.00    0.00    0.00   23.45
22:40:58     all    0.00   52.26   14.57    0.00    0.00    8.09    0.00    0.00    0.00   25.08
22:40:59     all    0.00   52.42   16.05    0.00    0.00    7.75    0.00    0.00    0.00   23.79
22:41:00     all    0.56   51.86   16.54    0.00    0.00    7.61    0.00    0.00    0.00   23.43
22:41:01     all    0.03   51.97   15.16    0.00    0.00    8.59    0.00    0.00    0.00   24.24
22:41:02     all    0.00   53.04   14.97    0.00    0.00    8.10    0.00    0.00    0.00   23.89
22:41:03     all    0.00   52.49   16.50    0.00    0.00    8.20    0.00    0.00    0.00   22.80
22:41:04     all    0.10   53.63   15.61    0.00    0.00    7.39    0.00    0.00    0.00   23.27
22:41:05     all    0.00   55.57   13.58    0.00    0.00    7.09    0.00    0.00    0.00   23.76
22:41:06     all    0.00   53.95   18.76    0.00    0.00    8.03    0.00    0.00    0.00   19.25
22:41:07     all    0.03   52.81   17.65    0.00    0.00    8.17    0.00    0.00    0.00   21.34
22:41:08     all    0.00   52.64   17.90    0.00    0.00    8.70    0.00    0.00    0.00   20.76
22:41:09     all    0.03   52.32   16.92    0.00    0.00    7.90    0.00    0.00    0.00   22.83
22:41:10     all    0.06   60.37    7.84    0.00    0.00    4.10    0.00    0.00    0.00   27.62
22:41:11     all    0.00   75.31    9.94    0.00    0.00    3.86    0.00    0.00    0.00   10.89
22:41:12     all    0.03   61.76   13.55    0.00    0.00    6.28    0.00    0.00    0.00   18.39
22:41:13     all    0.00   52.51   15.02    0.00    0.00    7.28    0.00    0.00    0.00   25.18
22:41:14     all    0.00   52.54   15.88    0.00    0.00    8.09    0.00    0.00    0.00   23.48
22:41:15     all    0.00   52.19   16.00    0.00    0.00    7.82    0.00    0.00    0.00   23.99
22:41:16     all    0.00   52.41   14.62    0.00    0.00    6.69    0.00    0.00    0.00   26.29
22:41:17     all    0.00   52.36   16.05    0.00    0.00    7.85    0.00    0.00    0.00   23.74
22:41:18     all    0.00   52.92   15.36    0.00    0.00    7.65    0.00    0.00    0.00   24.06
22:41:19     all    0.03   52.26   14.75    0.00    0.00    7.03    0.00    0.00    0.00   25.93
22:41:20     all    0.07   53.61   14.20    0.00    0.00    7.02    0.00    0.00    0.00   25.11
22:41:21     all    0.00   51.36   15.67    0.00    0.00    7.36    0.00    0.00    0.00   25.62
22:41:22     all    0.07   52.61   14.02    0.00    0.00    7.19    0.00    0.00    0.00   26.11
22:41:23     all    0.00   52.24   14.50    0.00    0.00    7.30    0.00    0.00    0.00   25.96
22:41:24     all    0.00   52.21   15.00    0.00    0.00    7.19    0.00    0.00    0.00   25.61
22:41:25     all    0.03   54.11   10.62    0.00    0.00    5.58    0.00    0.00    0.00   29.65
22:41:26     all    0.03   56.60   10.21    0.00    0.00    4.83    0.00    0.00    0.00   28.33
22:41:27     all    0.00   67.70   11.57    0.00    0.00    5.05    0.00    0.00    0.00   15.69
22:41:28     all    0.00   65.83   11.01    0.00    0.00    5.36    0.00    0.00    0.00   17.80
22:41:29     all    0.00   64.07   11.87    0.00    0.00    5.40    0.00    0.00    0.00   18.66
22:41:30     all    0.10   52.27   14.41    0.00    0.00    7.58    0.00    0.00    0.00   25.65
22:41:31     all    0.00   52.01   14.87    0.00    0.00    8.12    0.00    0.00    0.00   25.00
22:41:32     all    0.00   51.99   14.56    0.00    0.00    7.86    0.00    0.00    0.00   25.59
22:41:33     all    0.00   53.48   13.76    0.00    0.00    7.25    0.00    0.00    0.00   25.51
22:41:34     all    0.03   53.38    9.70    0.00    0.00    5.26    0.00    0.00    0.00   31.62
22:41:35     all    0.00   52.32    9.97    0.00    0.00    5.81    0.00    0.00    0.00   31.90
22:41:36     all    0.00   52.61    9.51    0.00    0.00    5.46    0.00    0.00    0.00   32.42
22:41:37     all    0.00   52.35   10.20    0.00    0.00    5.55    0.00    0.00    0.00   31.89
22:41:38     all    0.00   54.79    9.36    0.00    0.00    5.19    0.00    0.00    0.00   30.66
22:41:39     all    0.03   53.81    9.66    0.00    0.00    5.56    0.00    0.00    0.00   30.94
22:41:40     all    0.06   57.41   10.62    0.00    0.00    5.15    0.00    0.00    0.00   26.75
22:41:41     all    0.00   57.41    9.33    0.00    0.00    4.75    0.00    0.00    0.00   28.51
22:41:42     all    0.03   53.44   10.93    0.00    0.00    5.08    0.00    0.00    0.00   30.53
22:41:43     all    0.00   55.06    9.92    0.00    0.00    5.38    0.00    0.00    0.00   29.64
22:41:44     all    0.00   55.79    9.48    0.00    0.00    5.66    0.00    0.00    0.00   29.08
22:41:45     all    0.06   53.65    9.19    0.00    0.00    5.58    0.00    0.00    0.00   31.52
22:41:46     all    0.00   52.99    9.52    0.00    0.00    5.69    0.00    0.00    0.00   31.81
22:41:47     all    0.03   54.32    8.93    0.00    0.00    4.79    0.00    0.00    0.00   31.93
22:41:48     all    0.00   61.52    5.74    0.00    0.00    2.55    0.00    0.00    0.00   30.19
22:41:49     all    0.00   61.04    7.39    0.00    0.00    2.30    0.00    0.00    0.00   29.26
22:41:50     all    0.10   56.39   10.58    0.00    0.00    4.24    0.00    0.00    0.00   28.70
22:41:51     all    0.00   55.68   14.16    0.00    0.00    6.52    0.00    0.00    0.00   23.64
22:41:52     all    0.03   52.10   14.37    0.00    0.00    5.95    0.00    0.00    0.00   27.54
22:41:53     all    0.00   51.91   15.75    0.00    0.00    6.00    0.00    0.00    0.00   26.34
22:41:54     all    0.00   51.39   17.75    0.00    0.00    6.04    0.00    0.00    0.00   24.82
22:41:55     all    0.03   45.50   20.77    0.00    0.00    7.26    0.00    0.00    0.00   26.44
22:41:56     all    0.00   21.64   22.38    0.00    0.00    8.00    0.00    0.00    0.00   47.98
22:41:57     all    0.00   31.72   20.08    0.00    0.00    7.10    0.00    0.00    0.00   41.10
22:41:58     all    0.03   36.72   17.49    0.00    0.00    6.22    0.00    0.00    0.00   39.54
22:41:59     all    0.00   47.06   17.78    0.00    0.00    6.30    0.00    0.00    0.00   28.86
22:42:00     all    0.59   48.79   21.01    0.00    0.00    6.60    0.00    0.00    0.00   23.01
22:42:01     all    0.13   51.69   19.82    0.00    0.00    7.14    0.00    0.00    0.00   21.22
22:42:02     all    0.00   52.55   21.33    0.00    0.00    7.63    0.00    0.00    0.00   18.49
22:42:03     all    0.03   49.93   20.40    0.00    0.00    7.77    0.00    0.00    0.00   21.86
22:42:04     all    0.03   41.34   20.96    0.00    0.00    7.72    0.00    0.00    0.00   29.94
22:42:05     all    0.00   32.70   18.24    0.00    0.00    6.58    0.00    0.00    0.00   42.48
22:42:06     all    0.00   23.69   15.25    0.00    0.00    6.59    0.00    0.00    0.00   54.46
22:42:07     all    0.00   36.83   17.84    0.00    0.00    7.30    0.00    0.00    0.00   38.03
22:42:08     all    0.00   24.49   21.13    0.00    0.00    8.28    0.00    0.00    0.00   46.10
22:42:09     all    0.07   48.39   18.89    0.00    0.00    7.52    0.00    0.00    0.00   25.13
22:42:10     all    0.10   50.28   20.56    0.00    0.00    7.79    0.00    0.00    0.00   21.28
22:42:11     all    0.00   28.74   22.58    0.00    0.00    7.82    0.00    0.00    0.00   40.86
22:42:12     all    0.03   24.31   20.39    0.00    0.00    7.90    0.00    0.00    0.00   47.37
22:42:13     all    0.03   49.79   13.67    0.00    0.00    6.43    0.00    0.00    0.00   30.08
22:42:14     all    0.00   41.03   12.58    0.00    0.00    5.59    0.00    0.00    0.00   40.80
22:42:15     all    0.00   47.40   11.92    0.00    0.00    5.62    0.00    0.00    0.00   35.06
22:42:16     all    0.00   48.78   11.71    0.00    0.00    5.79    0.00    0.00    0.00   33.72
22:42:17     all    0.00   48.39   12.06    0.00    0.00    5.23    0.00    0.00    0.00   34.32
22:42:18     all    0.00   49.62   12.60    0.00    0.00    5.13    0.00    0.00    0.00   32.66
22:42:19     all    0.00   52.39   12.74    0.00    0.00    5.29    0.00    0.00    0.00   29.58
22:42:20     all    0.16   52.43   12.60    0.00    0.00    5.58    0.00    0.00    0.00   29.23
22:42:21     all    0.03   55.05   12.64    0.00    0.00    6.40    0.00    0.00    0.00   25.87
22:42:22     all    0.00   47.36   12.30    0.00    0.00    5.57    0.00    0.00    0.00   34.77
22:42:23     all    0.03   49.16    9.71    0.00    0.00    4.82    0.00    0.00    0.00   36.28
22:42:24     all    0.03   48.39   10.22    0.00    0.00    4.35    0.00    0.00    0.00   37.01
22:42:25     all    0.00   51.93   11.37    0.00    0.00    4.41    0.00    0.00    0.00   32.30
22:42:26     all    0.03   53.47   11.05    0.00    0.00    5.25    0.00    0.00    0.00   30.20
22:42:27     all    0.00   51.07   10.83    0.00    0.00    5.20    0.00    0.00    0.00   32.90
22:42:28     all    0.00   55.21   13.04    0.00    0.00    5.17    0.00    0.00    0.00   26.57
22:42:29     all    0.00   56.61   12.58    0.00    0.00    5.48    0.00    0.00    0.00   25.32
22:42:30     all    0.13   55.25   12.52    0.00    0.00    5.35    0.00    0.00    0.00   26.75
22:42:31     all    0.00   55.65   12.14    0.00    0.00    4.97    0.00    0.00    0.00   27.24
22:42:32     all    0.06   54.50   12.45    0.00    0.00    5.94    0.00    0.00    0.00   27.04
22:42:33     all    0.00   47.15   14.07    0.00    0.00    5.50    0.00    0.00    0.00   33.28
22:42:34     all    0.00   23.78   13.24    0.00    0.00    5.34    0.00    0.00    0.00   57.64
22:42:35     all    0.00   44.49   12.38    0.00    0.00    5.24    0.00    0.00    0.00   37.89
22:42:36     all    0.00   44.75   11.96    0.00    0.00    4.96    0.00    0.00    0.00   38.33
22:42:37     all    0.03   47.93   11.44    0.00    0.00    5.40    0.00    0.00    0.00   35.20
22:42:38     all    0.03   47.73   12.57    0.00    0.00    5.19    0.00    0.00    0.00   34.48
22:42:39     all    0.00   43.42   11.45    0.00    0.00    5.77    0.00    0.00    0.00   39.35
22:42:40     all    0.10   42.29   13.31    0.00    0.00    6.02    0.00    0.00    0.00   38.28
22:42:41     all    0.03   36.68   15.56    0.00    0.00    7.03    0.00    0.00    0.00   40.69
22:42:42     all    0.00   19.59   15.87    0.00    0.00    6.75    0.00    0.00    0.00   57.79
22:42:43     all    0.06   11.13   18.45    0.00    0.00    6.99    0.00    0.00    0.00   63.36
22:42:44     all    0.00   17.10   16.78    0.00    0.00    7.03    0.00    0.00    0.00   59.10
22:42:45     all    0.00   34.60   14.57    0.00    0.00    6.88    0.00    0.00    0.00   43.95
22:42:46     all    0.03   30.96   14.95    0.00    0.00    6.73    0.00    0.00    0.00   47.33
22:42:47     all    0.00   16.35   12.44    0.00    0.00    6.78    0.00    0.00    0.00   64.43
22:42:48     all    0.00   30.68   10.94    0.00    0.00    5.60    0.00    0.00    0.00   52.78
22:42:49     all    0.03   36.62   10.78    0.00    0.00    5.32    0.00    0.00    0.00   47.24
22:42:50     all    0.10   36.87   10.81    0.00    0.00    5.41    0.00    0.00    0.00   46.81
22:42:51     all    0.00   36.66   10.25    0.00    0.00    4.80    0.00    0.00    0.00   48.29
22:42:52     all    0.03   36.29   11.07    0.00    0.00    5.05    0.00    0.00    0.00   47.56
22:42:53     all    0.00   35.76   11.23    0.00    0.00    6.08    0.00    0.00    0.00   46.93
22:42:54     all    0.03   13.37   14.52    0.00    0.00    6.92    0.00    0.00    0.00   65.16
22:42:55     all    0.00    0.10   18.50    0.00    0.00    8.77    0.00    0.00    0.00   72.63
22:42:56     all    0.00    0.74   17.48    0.00    0.00    8.71    0.00    0.00    0.00   73.07
22:42:57     all    0.00    1.16   17.61    0.00    0.00    9.21    0.00    0.00    0.00   72.02
22:42:58     all    0.03   16.56   15.29    0.00    0.00    6.99    0.00    0.00    0.00   61.13
22:42:59     all    0.00   11.60   14.93    0.00    0.00    7.55    0.00    0.00    0.00   65.93
22:43:00     all    0.39    9.48   15.73    0.00    0.00    8.22    0.00    0.00    0.00   66.18
22:43:01     all    0.03    5.18   15.90    0.00    0.00    8.21    0.00    0.00    0.00   70.68

Average:     all    0.02   27.03   15.08    0.00    0.00    5.36    0.00    0.00    0.00   52.52
