Linux 4.20.0+ (eternitystorage) 	01/14/24 	_x86_64_	(32 CPU)

19:37:49     CPU    %usr   %nice    %sys %iowait    %irq   %soft  %steal  %guest  %gnice   %idle
19:37:50     all    0.09    0.00    0.09    0.00    0.00    0.00    0.00    0.00    0.00   99.81
19:37:51     all    0.00    0.00    0.03    0.00    0.00    0.00    0.00    0.00    0.00   99.97
19:37:52     all    0.00    0.00    0.34    0.00    0.00    0.03    0.00    0.00    0.00   99.62
19:37:53     all    0.00    0.00    0.00    0.00    0.00    0.00    0.00    0.00    0.00  100.00
19:37:54     all    0.00    0.00    0.00    0.00    0.00    0.00    0.00    0.00    0.00  100.00
19:37:55     all    0.00    0.00    0.00    0.00    0.00    0.00    0.00    0.00    0.00  100.00
19:37:56     all    0.00    0.00    0.41    0.00    0.00    0.03    0.00    0.00    0.00   99.56
19:37:57     all    0.03    0.00    0.19    0.00    0.00    0.00    0.00    0.00    0.00   99.78
19:37:58     all    0.00    0.00    0.00    0.00    0.00    0.00    0.00    0.00    0.00  100.00
19:37:59     all    0.00    0.00    0.06    0.00    0.00    0.00    0.00    0.00    0.00   99.94
19:38:00     all    0.47    0.00    0.25    0.00    0.00    0.03    0.00    0.00    0.00   99.25
19:38:01     all    0.00    0.00    0.00    0.00    0.00    0.00    0.00    0.00    0.00  100.00
19:38:02     all    0.00    0.00    0.06    0.00    0.00    0.00    0.00    0.00    0.00   99.94
19:38:03     all    0.00    0.00    0.06    0.00    0.00    0.00    0.00    0.00    0.00   99.94
19:38:04     all    0.00    0.00    0.00    0.00    0.00    0.00    0.00    0.00    0.00  100.00
19:38:05     all    0.03    0.00    0.03    0.00    0.00    0.00    0.00    0.00    0.00   99.94
19:38:06     all    0.00    0.00    0.06    0.00    0.00    0.00    0.00    0.00    0.00   99.94
19:38:07     all    0.00    0.00    0.00    0.00    0.00    0.00    0.00    0.00    0.00  100.00
19:38:08     all    0.00    0.00    0.06    0.00    0.00    0.00    0.00    0.00    0.00   99.94
19:38:09     all    0.00    0.00    0.69    0.00    0.00    0.00    0.00    0.00    0.00   99.31
19:38:10     all    0.13    0.00    0.66    0.00    0.00    0.00    0.00    0.00    0.00   99.22
19:38:11     all    0.03    0.00    0.60    0.00    0.00    0.00    0.00    0.00    0.00   99.37
19:38:12     all    0.00    0.00    0.81    0.00    0.00    0.03    0.00    0.00    0.00   99.15
19:38:13     all    0.00    0.00    1.22    0.00    0.00    0.03    0.00    0.00    0.00   98.75
19:38:14     all    0.03    0.00    1.29    0.00    0.00    0.03    0.00    0.00    0.00   98.65
19:38:15     all    0.03    0.00    1.35    0.00    0.00    0.03    0.00    0.00    0.00   98.59
19:38:16     all    0.00    0.00    1.32    0.00    0.00    0.03    0.00    0.00    0.00   98.65
19:38:17     all    0.00    0.00    1.32    0.06    0.00    0.03    0.00    0.00    0.00   98.59
19:38:18     all    0.03    0.00    1.47    0.00    0.00    0.03    0.00    0.00    0.00   98.47
19:38:19     all    0.00    0.00    1.41    0.00    0.00    0.00    0.00    0.00    0.00   98.59
19:38:20     all    0.06    0.00    1.26    0.00    0.00    0.06    0.00    0.00    0.00   98.62
19:38:21     all    0.03    0.00    1.31    0.00    0.00    0.03    0.00    0.00    0.00   98.62
19:38:22     all    0.00    0.00    1.10    0.00    0.00    0.03    0.00    0.00    0.00   98.87
19:38:23     all    0.00    0.00    1.35    0.00    0.00    0.03    0.00    0.00    0.00   98.62
19:38:24     all    0.00    0.00    1.22    0.00    0.00    0.09    0.00    0.00    0.00   98.68
19:38:25     all    0.00    0.00    1.35    0.00    0.00    0.03    0.00    0.00    0.00   98.62
19:38:26     all    0.03    0.00    1.22    0.00    0.00    0.03    0.00    0.00    0.00   98.71
19:38:27     all    0.00    0.00    1.25    0.00    0.00    0.03    0.00    0.00    0.00   98.72
19:38:28     all    0.00    0.00    1.47    0.00    0.00    0.00    0.00    0.00    0.00   98.53
19:38:29     all    0.00    0.00    1.44    0.00    0.00    0.00    0.00    0.00    0.00   98.56
19:38:30     all    0.09    0.00    1.38    0.00    0.00    0.03    0.00    0.00    0.00   98.49
19:38:31     all    0.03    0.00    1.29    0.00    0.00    0.00    0.00    0.00    0.00   98.68
19:38:32     all    0.00    0.00    1.29    0.00    0.00    0.06    0.00    0.00    0.00   98.65
19:38:33     all    0.00    0.00    1.38    0.00    0.00    0.09    0.00    0.00    0.00   98.53
19:38:34     all    0.00    0.00    1.13    0.00    0.00    0.03    0.00    0.00    0.00   98.84
19:38:35     all    0.03    0.00    1.47    0.00    0.00    0.03    0.00    0.00    0.00   98.47
19:38:36     all    0.00    0.00    1.07    0.00    0.00    0.03    0.00    0.00    0.00   98.90
19:38:37     all    0.00    0.00    1.53    0.00    0.00    0.00    0.00    0.00    0.00   98.47
19:38:38     all    0.00    0.00    1.32    0.00    0.00    0.00    0.00    0.00    0.00   98.68
19:38:39     all    0.00    0.00    1.38    0.00    0.00    0.03    0.00    0.00    0.00   98.59
19:38:40     all    0.09    0.00    1.26    0.00    0.00    0.00    0.00    0.00    0.00   98.65
19:38:41     all    0.03    0.00    1.25    0.00    0.00    0.03    0.00    0.00    0.00   98.68
19:38:42     all    0.00    0.00    1.41    0.00    0.00    0.00    0.00    0.00    0.00   98.59
19:38:43     all    0.03    0.00    1.13    0.00    0.00    0.03    0.00    0.00    0.00   98.81
19:38:44     all    0.00    0.00    1.32    0.00    0.00    0.03    0.00    0.00    0.00   98.65
19:38:45     all    0.00    0.00    1.32    0.00    0.00    0.06    0.00    0.00    0.00   98.62
19:38:46     all    0.00    0.00    1.25    0.00    0.00    0.00    0.00    0.00    0.00   98.75
19:38:47     all    0.03    0.00    1.47    0.00    0.00    0.06    0.00    0.00    0.00   98.44
19:38:48     all    0.00    0.00    1.44    0.00    0.00    0.03    0.00    0.00    0.00   98.53
19:38:49     all    0.00    0.00    1.41    0.00    0.00    0.03    0.00    0.00    0.00   98.56
19:38:50     all    0.16    0.00    1.07    0.00    0.00    0.03    0.00    0.00    0.00   98.75
19:38:51     all    0.00    0.00    1.22    0.00    0.00    0.00    0.00    0.00    0.00   98.78
19:38:52     all    0.00    0.00    1.44    0.00    0.00    0.03    0.00    0.00    0.00   98.53
19:38:53     all    0.03    0.00    1.35    0.00    0.00    0.06    0.00    0.00    0.00   98.56
19:38:54     all    0.00    0.00    1.19    0.00    0.00    0.00    0.00    0.00    0.00   98.81
19:38:55     all    0.00    0.00    1.19    0.00    0.00    0.00    0.00    0.00    0.00   98.81
19:38:56     all    0.00    0.00    1.44    0.00    0.00    0.06    0.00    0.00    0.00   98.50
19:38:57     all    0.03    0.00    1.38    0.00    0.00    0.00    0.00    0.00    0.00   98.59
19:38:58     all    0.00    0.00    1.44    0.00    0.00    0.03    0.00    0.00    0.00   98.53
19:38:59     all    0.00    0.00    1.25    0.00    0.00    0.00    0.00    0.00    0.00   98.75
19:39:00     all    0.50    0.00    1.59    0.00    0.00    0.16    0.00    0.00    0.00   97.75
19:39:01     all    0.03    0.00    1.25    0.00    0.00    0.00    0.00    0.00    0.00   98.71
19:39:02     all    0.00    0.00    1.22    0.00    0.00    0.00    0.00    0.00    0.00   98.78
19:39:03     all    0.00    0.00    1.38    0.00    0.00    0.00    0.00    0.00    0.00   98.62
19:39:04     all    0.03    0.00    1.47    0.00    0.00    0.03    0.00    0.00    0.00   98.47
19:39:05     all    0.00    0.00    1.22    0.00    0.00    0.00    0.00    0.00    0.00   98.78
19:39:06     all    0.00    0.00    1.44    0.00    0.00    0.03    0.00    0.00    0.00   98.53
19:39:07     all    0.00    0.00    1.29    0.00    0.00    0.06    0.00    0.00    0.00   98.65
19:39:08     all    0.00    0.00    1.04    0.00    0.00    0.00    0.00    0.00    0.00   98.96
19:39:09     all    0.03    0.00    1.38    0.00    0.00    0.06    0.00    0.00    0.00   98.53
19:39:10     all    0.13    0.00    1.38    0.00    0.00    0.00    0.00    0.00    0.00   98.49
19:39:11     all    0.00    0.00    1.22    0.00    0.00    0.06    0.00    0.00    0.00   98.72
19:39:12     all    0.00    0.00    1.22    0.00    0.00    0.00    0.00    0.00    0.00   98.78
19:39:13     all    0.03    0.00    1.29    0.00    0.00    0.03    0.00    0.00    0.00   98.65
19:39:14     all    0.00    0.00    1.38    0.00    0.00    0.03    0.00    0.00    0.00   98.59
19:39:15     all    0.00    0.00    1.47    0.00    0.00    0.03    0.00    0.00    0.00   98.50
19:39:16     all    0.00    0.00    1.19    0.00    0.00    0.06    0.00    0.00    0.00   98.74
19:39:17     all    0.00    0.00    1.38    0.00    0.00    0.06    0.00    0.00    0.00   98.56
19:39:18     all    0.03    0.00    1.62    0.00    0.00    0.00    0.00    0.00    0.00   98.34
19:39:19     all    0.00    0.00    1.44    0.00    0.00    0.03    0.00    0.00    0.00   98.53
19:39:20     all    0.13    0.00    1.44    0.00    0.00    0.00    0.00    0.00    0.00   98.43
19:39:21     all    0.00    0.00    1.22    0.00    0.00    0.06    0.00    0.00    0.00   98.71
19:39:22     all    0.00    0.00    1.22    0.00    0.00    0.06    0.00    0.00    0.00   98.71
19:39:23     all    0.00    0.00    1.16    0.00    0.00    0.00    0.00    0.00    0.00   98.84
19:39:24     all    0.03    0.00    1.22    0.00    0.00    0.00    0.00    0.00    0.00   98.74
19:39:25     all    0.00    0.00    1.38    0.00    0.00    0.03    0.00    0.00    0.00   98.59
19:39:26     all    0.00    0.00    1.07    0.00    0.00    0.06    0.00    0.00    0.00   98.87
19:39:27     all    0.00    0.00    1.32    0.00    0.00    0.03    0.00    0.00    0.00   98.65
19:39:28     all    0.00    0.00    1.32    0.00    0.00    0.00    0.00    0.00    0.00   98.68
19:39:29     all    0.03    0.00    1.32    0.00    0.00    0.03    0.00    0.00    0.00   98.62
19:39:30     all    0.06    0.00    1.47    0.00    0.00    0.03    0.00    0.00    0.00   98.43
19:39:31     all    0.00    0.00    1.29    0.00    0.00    0.00    0.00    0.00    0.00   98.71
19:39:32     all    0.34    0.00    1.32    0.00    0.00    0.03    0.00    0.00    0.00   98.31
19:39:33     all    0.03    0.00    1.38    0.00    0.00    0.00    0.00    0.00    0.00   98.59
19:39:34     all    0.00    0.00    1.28    0.00    0.00    0.03    0.00    0.00    0.00   98.68
19:39:35     all    0.00    0.00    1.25    0.00    0.00    0.03    0.00    0.00    0.00   98.71
19:39:36     all    0.00    0.00    1.03    0.00    0.00    0.03    0.00    0.00    0.00   98.93
19:39:37     all    0.00    0.00    1.25    0.00    0.00    0.00    0.00    0.00    0.00   98.75
19:39:38     all    0.00    0.00    1.22    0.00    0.00    0.03    0.00    0.00    0.00   98.74
19:39:39     all    0.03    0.00    1.19    0.00    0.00    0.00    0.00    0.00    0.00   98.78
19:39:40     all    0.09    0.00    1.38    0.00    0.00    0.03    0.00    0.00    0.00   98.50
19:39:41     all    0.03    0.00    1.16    0.00    0.00    0.03    0.00    0.00    0.00   98.78
19:39:42     all    0.03    0.00    1.22    0.00    0.00    0.06    0.00    0.00    0.00   98.68
19:39:43     all    0.00    0.00    1.19    0.00    0.00    0.03    0.00    0.00    0.00   98.78
19:39:44     all    0.03    0.00    1.35    0.00    0.00    0.00    0.00    0.00    0.00   98.62
19:39:45     all    0.00    0.00    1.32    0.00    0.00    0.09    0.00    0.00    0.00   98.59
19:39:46     all    0.00    0.00    1.25    0.00    0.00    0.00    0.00    0.00    0.00   98.75
19:39:47     all    0.00    0.00    1.32    0.00    0.00    0.06    0.00    0.00    0.00   98.62
19:39:48     all    0.00    0.00    1.19    0.00    0.00    0.09    0.00    0.00    0.00   98.71
19:39:49     all    0.00    0.00    1.32    0.00    0.00    0.06    0.00    0.00    0.00   98.62
19:39:50     all    0.16    0.00    1.38    0.00    0.00    0.00    0.00    0.00    0.00   98.46
19:39:51     all    0.00    0.00    1.22    0.00    0.00    0.00    0.00    0.00    0.00   98.78
19:39:52     all    0.00    0.00    1.07    0.00    0.00    0.00    0.00    0.00    0.00   98.93
19:39:53     all    0.00    0.00    1.38    0.00    0.00    0.03    0.00    0.00    0.00   98.59
19:39:54     all    0.03    0.00    1.47    0.00    0.00    0.00    0.00    0.00    0.00   98.50
19:39:55     all    0.00    0.00    1.22    0.00    0.00    0.00    0.00    0.00    0.00   98.78
19:39:56     all    0.00    0.00    1.19    0.00    0.00    0.03    0.00    0.00    0.00   98.78
19:39:57     all    0.00    0.00    1.35    0.00    0.00    0.03    0.00    0.00    0.00   98.62
19:39:58     all    0.00    0.00    1.28    0.00    0.00    0.03    0.00    0.00    0.00   98.68
19:39:59     all    0.00    0.00    1.32    0.00    0.00    0.06    0.00    0.00    0.00   98.62
19:40:00     all    0.38    0.00    1.69    0.00    0.00    0.00    0.00    0.00    0.00   97.93
19:40:01     all    0.00    0.00    1.29    0.00    0.00    0.00    0.00    0.00    0.00   98.71
19:40:02     all    0.00    0.00    1.16    0.00    0.00    0.00    0.00    0.00    0.00   98.84
19:40:03     all    0.03    0.00    1.25    0.00    0.00    0.03    0.00    0.00    0.00   98.68
19:40:04     all    0.00    0.00    1.41    0.00    0.00    0.03    0.00    0.00    0.00   98.56
19:40:05     all    0.00    0.00    1.53    0.00    0.00    0.06    0.00    0.00    0.00   98.41
19:40:06     all    0.00    0.00    1.41    0.00    0.00    0.00    0.00    0.00    0.00   98.59
19:40:07     all    0.03    0.00    1.35    0.00    0.00    0.03    0.00    0.00    0.00   98.59
19:40:08     all    0.00    0.00    1.35    0.00    0.00    0.06    0.00    0.00    0.00   98.59
19:40:09     all    0.00    0.00    1.32    0.00    0.00    0.03    0.00    0.00    0.00   98.65
19:40:10     all    0.09    0.00    1.63    0.00    0.00    0.03    0.00    0.00    0.00   98.25
19:40:11     all    0.00    0.00    1.32    0.00    0.00    0.09    0.00    0.00    0.00   98.59
19:40:12     all    0.00    0.00    1.32    0.00    0.00    0.00    0.00    0.00    0.00   98.68
19:40:13     all    0.03    0.00    1.25    0.00    0.00    0.03    0.00    0.00    0.00   98.68
19:40:14     all    0.00    0.00    1.41    0.00    0.00    0.03    0.00    0.00    0.00   98.56
19:40:15     all    0.00    0.00    1.29    0.00    0.00    0.00    0.00    0.00    0.00   98.71
19:40:16     all    0.03    0.00    1.38    0.00    0.00    0.03    0.00    0.00    0.00   98.56
19:40:17     all    0.00    0.00    1.25    0.00    0.00    0.03    0.00    0.00    0.00   98.71
19:40:18     all    0.00    0.00    1.41    0.00    0.00    0.00    0.00    0.00    0.00   98.59
19:40:19     all    0.03    0.00    1.16    0.00    0.00    0.03    0.00    0.00    0.00   98.78
19:40:20     all    0.13    0.00    1.44    0.00    0.00    0.09    0.00    0.00    0.00   98.34
19:40:21     all    0.00    0.00    1.16    0.00    0.00    0.00    0.00    0.00    0.00   98.84
19:40:22     all    0.06    0.00    1.28    0.00    0.00    0.03    0.00    0.00    0.00   98.62
19:40:23     all    0.00    0.00    1.41    0.00    0.00    0.03    0.00    0.00    0.00   98.56
19:40:24     all    0.00    0.00    1.13    0.00    0.00    0.06    0.00    0.00    0.00   98.81
19:40:25     all    0.03    0.00    1.35    0.00    0.00    0.06    0.00    0.00    0.00   98.56
19:40:26     all    0.00    0.00    1.25    0.00    0.00    0.06    0.00    0.00    0.00   98.68
19:40:27     all    0.00    0.00    1.35    0.00    0.00    0.03    0.00    0.00    0.00   98.62
19:40:28     all    0.00    0.00    1.22    0.00    0.00    0.00    0.00    0.00    0.00   98.78
19:40:29     all    0.00    0.00    1.07    0.00    0.00    0.06    0.00    0.00    0.00   98.87
19:40:30     all    0.09    0.00    1.41    0.00    0.00    0.03    0.00    0.00    0.00   98.46
19:40:31     all    0.00    0.00    1.44    0.00    0.00    0.06    0.00    0.00    0.00   98.50
19:40:32     all    0.00    0.00    1.22    0.00    0.00    0.03    0.00    0.00    0.00   98.74
19:40:33     all    0.00    0.00    1.44    0.00    0.00    0.03    0.00    0.00    0.00   98.53
19:40:34     all    0.03    0.00    1.32    0.00    0.00    0.00    0.00    0.00    0.00   98.65
19:40:35     all    0.00    0.00    1.32    0.00    0.00    0.06    0.00    0.00    0.00   98.62
19:40:36     all    0.00    0.00    1.38    0.00    0.00    0.03    0.00    0.00    0.00   98.59
19:40:37     all    0.00    0.00    1.32    0.00    0.00    0.00    0.00    0.00    0.00   98.68
19:40:38     all    0.03    0.00    1.07    0.00    0.00    0.03    0.00    0.00    0.00   98.87
19:40:39     all    0.00    0.00    1.19    0.00    0.00    0.00    0.00    0.00    0.00   98.81
19:40:40     all    0.09    0.00    1.50    0.00    0.00    0.06    0.00    0.00    0.00   98.34
19:40:41     all    0.00    0.00    1.38    0.00    0.00    0.00    0.00    0.00    0.00   98.62
19:40:42     all    0.03    0.00    1.38    0.00    0.00    0.06    0.00    0.00    0.00   98.53
19:40:43     all    0.00    0.00    1.22    0.00    0.00    0.00    0.00    0.00    0.00   98.78
19:40:44     all    0.00    0.00    1.10    0.00    0.00    0.06    0.00    0.00    0.00   98.84
19:40:45     all    0.00    0.00    1.29    0.00    0.00    0.00    0.00    0.00    0.00   98.71
19:40:46     all    0.03    0.00    1.47    0.00    0.00    0.03    0.00    0.00    0.00   98.47
19:40:47     all    0.00    0.00    1.41    0.00    0.00    0.03    0.00    0.00    0.00   98.56
19:40:48     all    0.03    0.00    1.32    0.00    0.00    0.03    0.00    0.00    0.00   98.62
19:40:49     all    0.00    0.00    1.13    0.00    0.00    0.06    0.00    0.00    0.00   98.81
19:40:50     all    0.13    0.00    1.29    0.00    0.00    0.03    0.00    0.00    0.00   98.56
19:40:51     all    0.03    0.00    1.62    0.00    0.00    0.00    0.00    0.00    0.00   98.34
19:40:52     all    0.00    0.00    1.38    0.00    0.00    0.00    0.00    0.00    0.00   98.62
19:40:53     all    0.00    0.00    1.47    0.00    0.00    0.03    0.00    0.00    0.00   98.50
19:40:54     all    0.00    0.00    1.44    0.00    0.00    0.03    0.00    0.00    0.00   98.53
19:40:55     all    0.03    0.00    1.47    0.00    0.00    0.03    0.00    0.00    0.00   98.47
19:40:56     all    0.00    0.00    1.28    0.00    0.00    0.06    0.00    0.00    0.00   98.65
19:40:57     all    0.00    0.00    1.41    0.00    0.00    0.00    0.00    0.00    0.00   98.59
19:40:58     all    0.03    0.00    1.29    0.00    0.00    0.03    0.00    0.00    0.00   98.65
19:40:59     all    0.00    0.00    1.13    0.00    0.00    0.00    0.00    0.00    0.00   98.87
19:41:00     all    0.38    0.00    1.60    0.00    0.00    0.09    0.00    0.00    0.00   97.93
19:41:01     all    0.03    0.00    1.44    0.00    0.00    0.03    0.00    0.00    0.00   98.50
19:41:02     all    0.00    0.00    1.35    0.00    0.00    0.00    0.00    0.00    0.00   98.65
19:41:03     all    0.03    0.00    1.32    0.00    0.00    0.06    0.00    0.00    0.00   98.59
19:41:04     all    0.03    0.00    1.44    0.00    0.00    0.00    0.00    0.00    0.00   98.53
19:41:05     all    0.00    0.00    1.44    0.00    0.00    0.03    0.00    0.00    0.00   98.53
19:41:06     all    0.00    0.00    1.22    0.00    0.00    0.03    0.00    0.00    0.00   98.75
19:41:07     all    0.00    0.00    1.35    0.00    0.00    0.03    0.00    0.00    0.00   98.62
19:41:08     all    0.00    0.00    1.28    0.00    0.00    0.03    0.00    0.00    0.00   98.68
19:41:09     all    0.00    0.00    1.16    0.00    0.00    0.00    0.00    0.00    0.00   98.84
19:41:10     all    0.13    0.00    1.47    0.00    0.00    0.03    0.00    0.00    0.00   98.37
19:41:11     all    0.00    0.00    1.29    0.00    0.00    0.00    0.00    0.00    0.00   98.71
19:41:12     all    0.00    0.00    1.35    0.00    0.00    0.06    0.00    0.00    0.00   98.59
19:41:13     all    0.00    0.00    1.29    0.00    0.00    0.03    0.00    0.00    0.00   98.68
19:41:14     all    0.00    0.00    1.41    0.00    0.00    0.03    0.00    0.00    0.00   98.56
19:41:15     all    0.03    0.00    1.47    0.00    0.00    0.03    0.00    0.00    0.00   98.47
19:41:16     all    0.03    0.00    1.07    0.00    0.00    0.06    0.00    0.00    0.00   98.84
19:41:17     all    0.00    0.00    1.22    0.00    0.00    0.03    0.00    0.00    0.00   98.75
19:41:18     all    0.03    0.00    1.44    0.28    0.00    0.03    0.00    0.00    0.00   98.22
19:41:19     all    0.00    0.00    1.32    0.00    0.00    0.00    0.00    0.00    0.00   98.68
19:41:20     all    0.09    0.00    1.44    0.00    0.00    0.06    0.00    0.00    0.00   98.40
19:41:21     all    0.03    0.00    1.32    0.00    0.00    0.03    0.00    0.00    0.00   98.62
19:41:22     all    0.00    0.00    1.22    0.00    0.00    0.03    0.00    0.00    0.00   98.75
19:41:23     all    0.03    0.00    1.19    0.00    0.00    0.00    0.00    0.00    0.00   98.78
19:41:24     all    0.00    0.00    1.35    0.00    0.00    0.00    0.00    0.00    0.00   98.65
19:41:25     all    0.00    0.00    1.22    0.00    0.00    0.06    0.00    0.00    0.00   98.72
19:41:26     all    0.03    0.00    0.69    0.00    0.00    0.00    0.00    0.00    0.00   99.28
19:41:27     all    0.00    0.00    0.75    0.00    0.00    0.03    0.00    0.00    0.00   99.22
19:41:28     all    0.00    0.00    2.43    0.00    0.00    1.01    0.00    0.00    0.00   96.57
19:41:29     all    0.03    2.98    5.45    0.00    0.00    2.98    0.00    0.00    0.00   88.57
19:41:30     all    0.10   35.16    5.97    0.00    0.00    2.04    0.00    0.00    0.00   56.72
19:41:31     all    0.00   35.34    5.99    0.00    0.00    2.10    0.00    0.00    0.00   56.57
19:41:32     all    0.00   33.74    5.90    0.00    0.00    2.41    0.00    0.00    0.00   57.95
19:41:33     all    0.03   36.24    5.79    0.00    0.00    1.79    0.00    0.00    0.00   56.15
19:41:34     all    0.00   33.71    6.29    0.00    0.00    2.03    0.00    0.00    0.00   57.97
19:41:35     all    0.00   33.63    5.66    0.00    0.00    2.05    0.00    0.00    0.00   58.66
19:41:36     all    0.00   34.43    5.71    0.00    0.00    2.14    0.00    0.00    0.00   57.73
19:41:37     all    0.00   34.41    5.75    0.00    0.00    1.85    0.00    0.00    0.00   58.00
19:41:38     all    0.03   35.39    5.85    0.00    0.00    1.95    0.00    0.00    0.00   56.78
19:41:39     all    0.03   34.11    5.55    0.00    0.00    2.23    0.00    0.00    0.00   58.07
19:41:40     all    0.06   33.86    5.97    0.00    0.00    2.35    0.00    0.00    0.00   57.75
19:41:41     all    0.03   35.37    6.38    0.00    0.00    2.13    0.00    0.00    0.00   56.09
19:41:42     all    0.00   35.24    5.88    0.00    0.00    1.95    0.00    0.00    0.00   56.92
19:41:43     all    0.00   33.59    5.78    0.00    0.00    1.89    0.00    0.00    0.00   58.74
19:41:44     all    0.00   34.92    5.79    0.00    0.00    1.92    0.00    0.00    0.00   57.37
19:41:45     all    0.00   35.31    6.17    0.00    0.00    1.81    0.00    0.00    0.00   56.71
19:41:46     all    0.00   33.29    5.48    0.00    0.00    2.17    0.00    0.00    0.00   59.06
19:41:47     all    0.00   35.62    5.86    0.00    0.00    2.04    0.00    0.00    0.00   56.48
19:41:48     all    0.03   35.16    5.60    0.00    0.00    1.86    0.00    0.00    0.00   57.35
19:41:49     all    0.00   34.32    5.36    0.00    0.00    1.89    0.00    0.00    0.00   58.43
19:41:50     all    0.06   34.61    6.09    0.00    0.00    1.66    0.00    0.00    0.00   57.58
19:41:51     all    0.03   34.94    5.81    0.00    0.00    1.88    0.00    0.00    0.00   57.33
19:41:52     all    0.00   33.66    5.97    0.00    0.00    2.19    0.00    0.00    0.00   58.18
19:41:53     all    0.00   34.21    5.90    0.00    0.00    2.14    0.00    0.00    0.00   57.75
19:41:54     all    0.00   33.06    5.38    0.00    0.00    2.11    0.00    0.00    0.00   59.46
19:41:55     all    0.00   33.75    5.01    0.00    0.00    2.36    0.00    0.00    0.00   58.88
19:41:56     all    0.03   34.96    5.44    0.00    0.00    2.23    0.00    0.00    0.00   57.35
19:41:57     all    0.03   33.92    5.56    0.00    0.00    2.32    0.00    0.00    0.00   58.18
19:41:58     all    0.00   34.90    5.17    0.00    0.00    2.23    0.00    0.00    0.00   57.69
19:41:59     all    0.03   32.65    5.38    0.00    0.00    1.88    0.00    0.00    0.00   60.05
19:42:00     all    0.22   33.77    6.61    0.00    0.00    2.30    0.00    0.00    0.00   57.10
19:42:01     all    0.03   35.48    8.48    0.00    0.00    3.92    0.00    0.00    0.00   52.09
19:42:02     all    0.00   30.62    5.76    0.00    0.00    1.91    0.00    0.00    0.00   61.72
19:42:03     all    0.00   34.63    5.52    0.00    0.00    2.23    0.00    0.00    0.00   57.62
19:42:04     all    0.00   44.27    6.54    0.00    0.00    2.51    0.00    0.00    0.00   46.68
19:42:05     all    0.03   39.03    6.08    0.00    0.00    2.40    0.00    0.00    0.00   52.46
19:42:06     all    0.00   37.30    5.76    0.00    0.00    2.51    0.00    0.00    0.00   54.42
19:42:07     all    0.00   37.67    6.02    0.00    0.00    1.99    0.00    0.00    0.00   54.32
19:42:08     all    0.03   38.09    6.50    0.00    0.00    2.47    0.00    0.00    0.00   52.90
19:42:09     all    0.00   36.07    6.14    0.00    0.00    2.51    0.00    0.00    0.00   55.28
19:42:10     all    0.06   38.46    5.21    0.00    0.00    2.12    0.00    0.00    0.00   54.14
19:42:11     all    0.06   37.28    5.96    0.00    0.00    2.45    0.00    0.00    0.00   54.24
19:42:12     all    0.00   36.60    5.97    0.00    0.00    2.11    0.00    0.00    0.00   55.32
19:42:13     all    0.00   37.34    5.54    0.00    0.00    2.11    0.00    0.00    0.00   55.01
19:42:14     all    0.00   37.50    6.11    0.00    0.00    2.40    0.00    0.00    0.00   54.00
19:42:15     all    0.00   36.61    4.95    0.00    0.00    1.86    0.00    0.00    0.00   56.58
19:42:16     all    0.03   37.91    5.85    0.00    0.00    2.10    0.00    0.00    0.00   54.10
19:42:17     all    0.00   36.16    5.52    0.00    0.00    2.27    0.00    0.00    0.00   56.05
19:42:18     all    0.00   36.29    5.90    0.00    0.00    2.25    0.00    0.00    0.00   55.56
19:42:19     all    0.00   34.00    5.61    0.00    0.00    1.95    0.00    0.00    0.00   58.44
19:42:20     all    0.10   38.08    5.53    0.00    0.00    2.19    0.00    0.00    0.00   54.10
19:42:21     all    0.00   37.29    5.69    0.00    0.00    2.24    0.00    0.00    0.00   54.78
19:42:22     all    0.00   36.57    5.35    0.00    0.00    2.15    0.00    0.00    0.00   55.93
19:42:23     all    0.00   36.84    6.02    0.00    0.00    2.58    0.00    0.00    0.00   54.57
19:42:24     all    0.00   36.66    5.74    0.00    0.00    2.20    0.00    0.00    0.00   55.39
19:42:25     all    0.00   38.15    5.87    0.00    0.00    2.33    0.00    0.00    0.00   53.64
19:42:26     all    0.03   37.32    5.23    0.00    0.00    1.99    0.00    0.00    0.00   55.43
19:42:27     all    0.03   35.86    5.07    0.00    0.00    1.98    0.00    0.00    0.00   57.05
19:42:28     all    0.00   34.84    5.16    0.00    0.00    1.79    0.00    0.00    0.00   58.21
19:42:29     all    0.03   22.64    3.79    0.00    0.00    1.61    0.00    0.00    0.00   71.93
19:42:30     all    0.06    2.58    0.91    0.00    0.00    0.35    0.00    0.00    0.00   96.10
19:42:31     all    0.03    2.98    1.07    0.00    0.00    0.31    0.00    0.00    0.00   95.60
19:42:32     all    0.00    2.80    0.91    0.00    0.00    0.35    0.00    0.00    0.00   95.94
19:42:33     all    0.00    2.80    0.82    0.00    0.00    0.22    0.00    0.00    0.00   96.16
19:42:34     all    0.03    2.80    1.01    0.00    0.00    0.32    0.00    0.00    0.00   95.84
19:42:35     all    0.00    2.89    0.97    0.00    0.00    0.28    0.00    0.00    0.00   95.85
19:42:36     all    0.00    2.92    1.13    0.00    0.00    0.38    0.00    0.00    0.00   95.57
19:42:37     all    0.03    2.77    0.97    0.00    0.00    0.22    0.00    0.00    0.00   96.01
19:42:38     all    0.00    2.93    1.07    0.00    0.00    0.22    0.00    0.00    0.00   95.78
19:42:39     all    0.00    2.67    0.75    0.00    0.00    0.25    0.00    0.00    0.00   96.32
19:42:40     all    0.16    2.68    0.98    0.00    0.00    0.25    0.00    0.00    0.00   95.94
19:42:41     all    0.00    2.93    1.01    0.00    0.00    0.13    0.00    0.00    0.00   95.94
19:42:42     all    0.00    2.93    0.76    0.00    0.00    0.28    0.00    0.00    0.00   96.03
19:42:43     all    0.03    2.77    1.20    0.00    0.00    0.22    0.00    0.00    0.00   95.78
19:42:44     all    0.00    2.77    0.82    0.00    0.00    0.13    0.00    0.00    0.00   96.29
19:42:45     all    0.03    2.99    0.88    0.00    0.00    0.25    0.00    0.00    0.00   95.84
19:42:46     all    0.00    2.80    0.98    0.00    0.00    0.22    0.00    0.00    0.00   96.00
19:42:47     all    0.00    2.92    1.03    0.00    0.00    0.31    0.00    0.00    0.00   95.74
19:42:48     all    0.03    2.98    1.22    0.00    0.00    0.38    0.00    0.00    0.00   95.39
19:42:49     all    0.03    2.73    0.91    0.00    0.00    0.35    0.00    0.00    0.00   95.98
19:42:50     all    0.09    3.00    0.73    0.00    0.00    0.19    0.00    0.00    0.00   95.99
19:42:51     all    0.00    2.74    0.88    0.00    0.00    0.19    0.00    0.00    0.00   96.18
19:42:52     all    0.00    2.96    1.01    0.00    0.00    0.28    0.00    0.00    0.00   95.75
19:42:53     all    0.00    2.83    0.82    0.00    0.00    0.31    0.00    0.00    0.00   96.04
19:42:54     all    0.03    2.83    0.97    0.00    0.00    0.13    0.00    0.00    0.00   96.04
19:42:55     all    0.03    2.80    1.07    0.00    0.00    0.41    0.00    0.00    0.00   95.70
19:42:56     all    0.00    2.90    0.82    0.00    0.00    0.35    0.00    0.00    0.00   95.94
19:42:57     all    0.00    2.99    0.95    0.00    0.00    0.25    0.00    0.00    0.00   95.81
19:42:58     all    0.00    2.76    1.16    0.00    0.00    0.25    0.00    0.00    0.00   95.83
19:42:59     all    0.00    2.86    1.13    0.00    0.00    0.38    0.00    0.00    0.00   95.63
19:43:00     all    0.44    2.83    0.88    0.00    0.00    0.31    0.00    0.00    0.00   95.53
19:43:01     all    0.00    2.93    0.76    0.00    0.00    0.22    0.00    0.00    0.00   96.09
19:43:02     all    0.00    2.73    0.91    0.00    0.00    0.22    0.00    0.00    0.00   96.13
19:43:03     all    0.00    2.96    1.04    0.00    0.00    0.19    0.00    0.00    0.00   95.82
19:43:04     all    0.00    2.97    0.66    0.00    0.00    0.13    0.00    0.00    0.00   96.24
19:43:05     all    0.00    2.73    1.13    0.00    0.00    0.25    0.00    0.00    0.00   95.89
19:43:06     all    0.00    2.77    1.07    0.00    0.00    0.28    0.00    0.00    0.00   95.88
19:43:07     all    0.00    2.95    0.97    0.00    0.00    0.31    0.00    0.00    0.00   95.76
19:43:08     all    0.00    2.93    0.88    0.00    0.00    0.16    0.00    0.00    0.00   96.03
19:43:09     all    0.06    2.96    0.72    0.00    0.00    0.19    0.00    0.00    0.00   96.06
19:43:10     all    0.06    2.82    1.07    0.00    0.00    0.25    0.00    0.00    0.00   95.79
19:43:11     all    0.19    2.86    0.82    0.00    0.00    0.19    0.00    0.00    0.00   95.94
19:43:12     all    0.03    2.96    1.01    0.00    0.00    0.28    0.00    0.00    0.00   95.72
19:43:13     all    0.00    2.80    1.01    0.00    0.00    0.09    0.00    0.00    0.00   96.10
19:43:14     all    0.03    2.69    1.19    0.00    0.00    0.38    0.00    0.00    0.00   95.71
19:43:15     all    0.00    2.73    0.88    0.00    0.00    0.31    0.00    0.00    0.00   96.08
19:43:16     all    0.00    2.93    0.79    0.00    0.00    0.25    0.00    0.00    0.00   96.03
19:43:17     all    0.00    2.83    0.98    0.00    0.00    0.13    0.00    0.00    0.00   96.06
19:43:18     all    0.00    2.74    0.85    0.00    0.00    0.19    0.00    0.00    0.00   96.22
19:43:19     all    0.00    2.96    0.69    0.00    0.00    0.25    0.00    0.00    0.00   96.09
19:43:20     all    0.09    2.73    1.10    0.00    0.00    0.38    0.00    0.00    0.00   95.70
19:43:21     all    0.00    2.96    1.04    0.00    0.00    0.38    0.00    0.00    0.00   95.63
19:43:22     all    0.03    2.74    0.85    0.00    0.00    0.35    0.00    0.00    0.00   96.04
19:43:23     all    0.00    2.96    0.82    0.00    0.00    0.28    0.00    0.00    0.00   95.94
19:43:24     all    0.00    2.96    0.88    0.00    0.00    0.35    0.00    0.00    0.00   95.81
19:43:25     all    0.00    2.71    0.76    0.00    0.00    0.16    0.00    0.00    0.00   96.38
19:43:26     all    0.03    2.96    0.88    0.00    0.00    0.25    0.00    0.00    0.00   95.87
19:43:27     all    0.00    2.77    0.76    0.00    0.00    0.16    0.00    0.00    0.00   96.32
19:43:28     all    0.03    2.96    0.91    0.00    0.00    0.25    0.00    0.00    0.00   95.85
19:43:29     all    0.00    2.80    0.91    0.00    0.00    0.22    0.00    0.00    0.00   96.07
19:43:30     all    0.13    2.88    1.44    0.00    0.00    0.41    0.00    0.00    0.00   95.15
19:43:31     all    0.00    2.85    1.07    0.00    0.00    0.28    0.00    0.00    0.00   95.80
19:43:32     all    0.00    2.74    0.88    0.00    0.00    0.25    0.00    0.00    0.00   96.13
19:43:33     all    0.03    2.96    0.82    0.00    0.00    0.35    0.00    0.00    0.00   95.84
19:43:34     all    0.00    2.70    1.19    0.00    0.00    0.34    0.00    0.00    0.00   95.77
19:43:35     all    0.03    2.77    0.66    0.00    0.00    0.19    0.00    0.00    0.00   96.35
19:43:36     all    0.00    2.73    0.94    0.00    0.00    0.25    0.00    0.00    0.00   96.08
19:43:37     all    0.03    2.89    0.82    0.00    0.00    0.22    0.00    0.00    0.00   96.04
19:43:38     all    0.03    2.67    0.88    0.00    0.00    0.22    0.00    0.00    0.00   96.19
19:43:39     all    0.00    2.71    0.79    0.00    0.00    0.25    0.00    0.00    0.00   96.26
19:43:40     all    0.06    2.93    0.91    0.00    0.00    0.35    0.00    0.00    0.00   95.75
19:43:41     all    0.03    2.74    0.98    0.00    0.00    0.38    0.00    0.00    0.00   95.88
19:43:42     all    0.00    2.87    0.94    0.00    0.00    0.25    0.00    0.00    0.00   95.94
19:43:43     all    0.03    2.80    1.04    0.00    0.00    0.22    0.00    0.00    0.00   95.91
19:43:44     all    0.03    2.83    0.85    0.00    0.00    0.16    0.00    0.00    0.00   96.13
19:43:45     all    0.00    3.86    1.58    0.00    0.00    0.60    0.00    0.00    0.00   93.95
19:43:46     all    0.00   11.27    3.34    0.00    0.00    1.58    0.00    0.00    0.00   83.81
19:43:47     all    0.03   22.86    4.77    0.00    0.00    1.78    0.00    0.00    0.00   70.56
19:43:48     all    0.00   26.62    4.14    0.00    0.00    1.78    0.00    0.00    0.00   67.46
19:43:49     all    0.03   34.47    5.96    0.00    0.00    2.13    0.00    0.00    0.00   57.41
19:43:50     all    0.13   35.07    5.53    0.00    0.00    2.21    0.00    0.00    0.00   57.07
19:43:51     all    0.00   35.46    5.57    0.00    0.00    2.16    0.00    0.00    0.00   56.81
19:43:52     all    0.10   36.80    5.15    0.00    0.00    2.32    0.00    0.00    0.00   55.64
19:43:53     all    0.00   34.08    6.17    0.00    0.00    2.10    0.00    0.00    0.00   57.65
19:43:54     all    0.00   36.73    5.71    0.00    0.00    1.91    0.00    0.00    0.00   55.64
19:43:55     all    0.00   40.19    5.44    0.00    0.00    2.27    0.00    0.00    0.00   52.10
19:43:56     all    0.00   44.21    6.81    0.00    0.00    2.19    0.00    0.00    0.00   46.79
19:43:57     all    0.00   41.54    5.98    0.00    0.00    2.50    0.00    0.00    0.00   49.98
19:43:58     all    0.03   41.10    6.81    0.00    0.00    2.34    0.00    0.00    0.00   49.71
19:43:59     all    0.00   39.64    5.37    0.00    0.00    2.46    0.00    0.00    0.00   52.53
19:44:00     all    0.45   36.96    5.86    0.00    0.00    2.18    0.00    0.00    0.00   54.56
19:44:01     all    0.00   27.59    5.47    0.00    0.00    1.92    0.00    0.00    0.00   65.01
19:44:02     all    0.03   35.33    6.04    0.00    0.00    2.26    0.00    0.00    0.00   56.34
19:44:03     all    0.00   44.76    6.09    0.00    0.00    2.20    0.00    0.00    0.00   46.96
19:44:04     all    0.03   43.28    6.49    0.00    0.00    2.04    0.00    0.00    0.00   48.15
19:44:05     all    0.00   44.41    5.97    0.00    0.00    2.17    0.00    0.00    0.00   47.44
19:44:06     all    0.00   43.79    6.02    0.00    0.00    2.36    0.00    0.00    0.00   47.83
19:44:07     all    0.03   42.56    5.84    0.00    0.00    2.52    0.00    0.00    0.00   49.04
19:44:08     all    0.03   42.68    6.30    0.00    0.00    2.42    0.00    0.00    0.00   48.57
19:44:09     all    0.00   40.71    6.24    0.00    0.00    2.36    0.00    0.00    0.00   50.70
19:44:10     all    0.10   34.93    5.21    0.00    0.00    2.12    0.00    0.00    0.00   57.65
19:44:11     all    0.00   28.53    5.25    0.00    0.00    2.39    0.00    0.00    0.00   63.83
19:44:12     all    0.00   29.23    5.36    0.00    0.00    2.10    0.00    0.00    0.00   63.31
19:44:13     all    0.00   34.32    5.60    0.00    0.00    2.42    0.00    0.00    0.00   57.66
19:44:14     all    0.00   43.59    6.28    0.00    0.00    2.14    0.00    0.00    0.00   47.99
19:44:15     all    0.00   42.96    6.09    0.00    0.00    2.35    0.00    0.00    0.00   48.60
19:44:16     all    0.00   43.51    5.64    0.00    0.00    2.42    0.00    0.00    0.00   48.42
19:44:17     all    0.00   44.07    6.35    0.00    0.00    2.23    0.00    0.00    0.00   47.35
19:44:18     all    0.00   48.68    6.48    0.00    0.00    2.70    0.00    0.00    0.00   42.14
19:44:19     all    0.00   48.85    7.16    0.00    0.00    2.49    0.00    0.00    0.00   41.50
19:44:20     all    0.13   48.74    7.25    0.00    0.00    2.46    0.00    0.00    0.00   41.42
19:44:21     all    0.00   55.48    7.98    0.00    0.00    2.82    0.00    0.00    0.00   33.73
19:44:22     all    0.00   52.20    6.98    0.00    0.00    2.80    0.00    0.00    0.00   38.03
19:44:23     all    0.00   56.54    7.47    0.00    0.00    3.17    0.00    0.00    0.00   32.82
19:44:24     all    0.00   54.34    7.34    0.00    0.00    2.77    0.00    0.00    0.00   35.55
19:44:25     all    0.00   55.79    7.81    0.00    0.00    3.07    0.00    0.00    0.00   33.33
19:44:26     all    0.00   40.50    7.34    0.00    0.00    2.66    0.00    0.00    0.00   49.50
19:44:27     all    0.00   52.61    8.02    0.00    0.00    3.17    0.00    0.00    0.00   36.20
19:44:28     all    0.00   53.54    8.56    0.00    0.00    3.27    0.00    0.00    0.00   34.63
19:44:29     all    0.00   55.23    8.51    0.00    0.00    2.91    0.00    0.00    0.00   33.34
19:44:30     all    0.13   53.11    8.57    0.00    0.00    3.19    0.00    0.00    0.00   35.01
19:44:31     all    0.03   57.38    7.76    0.00    0.00    2.71    0.00    0.00    0.00   32.12
19:44:32     all    0.00   58.17    7.95    0.00    0.00    2.82    0.00    0.00    0.00   31.06
19:44:33     all    0.00   55.57    8.63    0.00    0.00    2.57    0.00    0.00    0.00   33.24
19:44:34     all    0.03   53.02    7.71    0.00    0.00    2.94    0.00    0.00    0.00   36.30
19:44:35     all    0.00   54.73    7.93    0.00    0.00    2.99    0.00    0.00    0.00   34.35
19:44:36     all    0.00   57.46    7.75    0.00    0.00    3.02    0.00    0.00    0.00   31.77
19:44:37     all    0.00   56.36    8.15    0.00    0.00    3.01    0.00    0.00    0.00   32.48
19:44:38     all    0.00   56.94    8.43    0.00    0.00    3.01    0.00    0.00    0.00   31.62
19:44:39     all    0.03   52.47    7.88    0.00    0.00    2.41    0.00    0.00    0.00   37.22
19:44:40     all    0.16   56.83    8.43    0.00    0.00    2.63    0.00    0.00    0.00   31.96
19:44:41     all    0.00   57.50    7.57    0.00    0.00    2.95    0.00    0.00    0.00   31.98
19:44:42     all    0.00   56.23    7.87    0.00    0.00    2.63    0.00    0.00    0.00   33.26
19:44:43     all    0.00   54.22    8.04    0.00    0.00    2.89    0.00    0.00    0.00   34.85
19:44:44     all    0.03   56.56    8.39    0.00    0.00    3.26    0.00    0.00    0.00   31.76
19:44:45     all    0.00   54.59    7.84    0.00    0.00    3.05    0.00    0.00    0.00   34.52
19:44:46     all    0.00   55.18    7.78    0.00    0.00    2.73    0.00    0.00    0.00   34.31
19:44:47     all    0.03   52.80    7.53    0.00    0.00    2.45    0.00    0.00    0.00   37.19
19:44:48     all    0.03   51.77    6.97    0.00    0.00    2.92    0.00    0.00    0.00   38.31
19:44:49     all    0.00   46.47    6.06    0.00    0.00    2.19    0.00    0.00    0.00   45.28
19:44:50     all    0.10   51.09    6.76    0.00    0.00    2.48    0.00    0.00    0.00   39.58
19:44:51     all    0.00   56.10    8.79    0.00    0.00    2.77    0.00    0.00    0.00   32.35
19:44:52     all    0.00   53.77    7.77    0.00    0.00    3.02    0.00    0.00    0.00   35.43
19:44:53     all    0.00   52.55    7.39    0.00    0.00    2.89    0.00    0.00    0.00   37.17
19:44:54     all    0.03   56.69    7.21    0.00    0.00    2.56    0.00    0.00    0.00   33.50
19:44:55     all    0.00   55.51    8.04    0.00    0.00    2.91    0.00    0.00    0.00   33.54
19:44:56     all    0.00   55.43    6.96    0.00    0.00    2.52    0.00    0.00    0.00   35.08
19:44:57     all    0.03   54.36    7.83    0.00    0.00    2.97    0.00    0.00    0.00   34.80
19:44:58     all    0.00   54.44    7.35    0.00    0.00    2.67    0.00    0.00    0.00   35.53
19:44:59     all    0.03   51.64    7.97    0.00    0.00    3.06    0.00    0.00    0.00   37.29
19:45:00     all    0.54   53.45    7.95    0.00    0.00    2.71    0.00    0.00    0.00   35.34
19:45:01     all    0.00   56.87    6.69    0.00    0.00    2.08    0.00    0.00    0.00   34.36
19:45:02     all    0.00   52.96    7.11    0.00    0.00    2.40    0.00    0.00    0.00   37.52
19:45:03     all    0.00   54.84    8.27    0.00    0.00    2.92    0.00    0.00    0.00   33.96
19:45:04     all    0.00   34.94    5.90    0.00    0.00    2.52    0.00    0.00    0.00   56.64
19:45:05     all    0.00   45.82    6.99    0.00    0.00    2.52    0.00    0.00    0.00   44.67
19:45:06     all    0.03   53.88    7.98    0.00    0.00    2.72    0.00    0.00    0.00   35.39
19:45:07     all    0.00   55.53    7.56    0.00    0.00    2.90    0.00    0.00    0.00   34.01
19:45:08     all    0.00   54.09    7.02    0.00    0.00    2.96    0.00    0.00    0.00   35.92
19:45:09     all    0.03   56.71    7.40    0.00    0.00    2.69    0.00    0.00    0.00   33.17
19:45:10     all    0.06   51.81    8.28    0.00    0.00    2.62    0.00    0.00    0.00   37.23
19:45:11     all    0.03   54.28    7.51    0.00    0.00    2.66    0.00    0.00    0.00   35.51
19:45:12     all    0.00   53.41    7.72    0.00    0.00    2.90    0.00    0.00    0.00   35.97
19:45:13     all    0.00   51.44    6.81    0.00    0.00    2.85    0.00    0.00    0.00   38.90
19:45:14     all    0.03   47.33    6.78    0.00    0.00    2.63    0.00    0.00    0.00   43.22
19:45:15     all    0.00   52.29    7.82    0.00    0.00    2.85    0.00    0.00    0.00   37.04
19:45:16     all    0.00   50.30    7.38    0.00    0.00    2.41    0.00    0.00    0.00   39.90
19:45:17     all    0.03   39.67    7.07    0.00    0.00    2.53    0.00    0.00    0.00   50.70
19:45:18     all    0.00   44.14    5.96    0.00    0.00    2.43    0.00    0.00    0.00   47.47
19:45:19     all    0.00   41.13    6.03    0.00    0.00    2.50    0.00    0.00    0.00   50.34
19:45:20     all    0.13   40.81    6.37    0.00    0.00    2.37    0.00    0.00    0.00   50.32
19:45:21     all    0.00   37.55    6.18    0.00    0.00    2.53    0.00    0.00    0.00   53.73
19:45:22     all    0.00   36.43    5.67    0.00    0.00    2.32    0.00    0.00    0.00   55.58
19:45:23     all    0.00   25.42    5.65    0.00    0.00    2.25    0.00    0.00    0.00   66.68
19:45:24     all    0.00    3.14    1.07    0.00    0.00    0.31    0.00    0.00    0.00   95.47
19:45:25     all    0.00    2.90    0.76    0.00    0.00    0.09    0.00    0.00    0.00   96.25
19:45:26     all    0.03    7.54    2.53    0.00    0.00    0.63    0.00    0.00    0.00   89.27
19:45:27     all    0.00   12.57    3.66    0.00    0.00    1.51    0.00    0.00    0.00   82.27
19:45:28     all    0.03   12.44    4.21    0.00    0.00    1.60    0.00    0.00    0.00   81.72
19:45:29     all    0.00   10.77    3.70    0.00    0.00    1.56    0.00    0.00    0.00   83.97
19:45:30     all    0.13    3.81    1.64    0.00    0.00    0.76    0.00    0.00    0.00   93.67
19:45:31     all    0.00    2.87    0.76    0.00    0.00    0.19    0.00    0.00    0.00   96.18
19:45:32     all    0.03    3.88    1.23    0.00    0.00    0.50    0.00    0.00    0.00   94.36
19:45:33     all    0.00    5.21    1.74    0.00    0.00    0.70    0.00    0.00    0.00   92.35
19:45:34     all    0.03    4.94    2.08    0.00    0.00    0.57    0.00    0.00    0.00   92.39
19:45:35     all    0.00    5.28    1.98    0.00    0.00    0.88    0.00    0.00    0.00   91.86
19:45:36     all    0.00    5.10    1.79    0.00    0.00    0.91    0.00    0.00    0.00   92.19

Average:     all    0.03   14.84    2.95    0.00    0.00    0.89    0.00    0.00    0.00   81.30
