Linux 4.20.0+ (eternitystorage) 	01/14/24 	_x86_64_	(32 CPU)

21:49:05     CPU    %usr   %nice    %sys %iowait    %irq   %soft  %steal  %guest  %gnice   %idle
21:49:06     all    0.00    0.00    0.00    0.00    0.00    0.00    0.00    0.00    0.00  100.00
21:49:07     all    0.00    0.00    0.00    0.00    0.00    0.00    0.00    0.00    0.00  100.00
21:49:08     all    0.00    0.00    0.00    0.00    0.00    0.00    0.00    0.00    0.00  100.00
21:49:09     all    0.00    0.00    0.00    0.00    0.00    0.00    0.00    0.00    0.00  100.00
21:49:10     all    0.06    0.00    0.28    0.00    0.00    0.00    0.00    0.00    0.00   99.66
21:49:11     all    0.00    0.00    0.60    0.00    0.00    0.03    0.00    0.00    0.00   99.37
21:49:12     all    0.00    0.00    0.88    0.00    0.00    0.03    0.00    0.00    0.00   99.09
21:49:13     all    0.03    0.00    0.44    0.00    0.00    0.03    0.00    0.00    0.00   99.50
21:49:14     all    0.00    0.00    0.88    0.00    0.00    0.00    0.00    0.00    0.00   99.12
21:49:15     all    0.00    0.00    0.31    0.00    0.00    0.00    0.00    0.00    0.00   99.69
21:49:16     all    0.00    0.00    0.00    0.00    0.00    0.00    0.00    0.00    0.00  100.00
21:49:17     all    0.00    0.00    0.00    0.00    0.00    0.00    0.00    0.00    0.00  100.00
21:49:18     all    0.00    0.00    0.00    0.00    0.00    0.00    0.00    0.00    0.00  100.00
21:49:19     all    0.00    0.00    0.00    0.00    0.00    0.00    0.00    0.00    0.00  100.00
21:49:20     all    0.09    0.00    0.12    0.00    0.00    0.00    0.00    0.00    0.00   99.78
21:49:21     all    0.00    0.00    0.00    0.00    0.00    0.00    0.00    0.00    0.00  100.00
21:49:22     all    0.00    0.00    0.00    0.00    0.00    0.00    0.00    0.00    0.00  100.00
21:49:23     all    0.00    0.00    0.00    0.00    0.00    0.00    0.00    0.00    0.00  100.00
21:49:24     all    0.00    0.00    0.00    0.00    0.00    0.00    0.00    0.00    0.00  100.00
21:49:25     all    0.00    0.00    0.00    0.00    0.00    0.00    0.00    0.00    0.00  100.00
21:49:26     all    0.00    0.00    0.00    0.00    0.00    0.00    0.00    0.00    0.00  100.00
21:49:27     all    0.00    0.00    0.31    0.00    0.00    0.03    0.00    0.00    0.00   99.66
21:49:28     all    0.00    0.00    1.19    0.00    0.00    0.03    0.00    0.00    0.00   98.78
21:49:29     all    0.00    0.00    1.54    0.00    0.00    0.03    0.00    0.00    0.00   98.43
21:49:30     all    0.13    0.00    2.56    0.00    0.00    0.13    0.00    0.00    0.00   97.19
21:49:31     all    0.00    0.00    3.59    0.00    0.00    0.31    0.00    0.00    0.00   96.10
21:49:32     all    0.00    0.00    4.37    0.00    0.00    0.35    0.00    0.00    0.00   95.29
21:49:33     all    0.03    0.00    4.25    0.00    0.00    0.31    0.00    0.00    0.00   95.41
21:49:34     all    0.00    0.00    4.52    0.00    0.00    0.35    0.00    0.00    0.00   95.14
21:49:35     all    0.00    0.00    4.34    0.00    0.00    0.35    0.00    0.00    0.00   95.31
21:49:36     all    0.00    0.00    4.54    0.00    0.00    0.41    0.00    0.00    0.00   95.05
21:49:37     all    0.00    0.00    3.82    0.00    0.00    0.25    0.00    0.00    0.00   95.92
21:49:38     all    0.00    0.00    3.91    0.00    0.00    0.32    0.00    0.00    0.00   95.77
21:49:39     all    0.03    0.00    4.24    0.00    0.00    0.41    0.00    0.00    0.00   95.32
21:49:40     all    0.06    0.00    4.31    0.00    0.00    0.25    0.00    0.00    0.00   95.38
21:49:41     all    0.22    0.00    4.21    0.00    0.00    0.38    0.00    0.00    0.00   95.19
21:49:42     all    0.22    0.00    3.94    0.66    0.00    0.25    0.00    0.00    0.00   94.92
21:49:43     all    0.44    0.00    4.27    2.42    0.00    0.63    0.00    0.00    0.00   92.25
21:49:44     all    0.19    0.00    3.76    0.00    0.00    0.25    0.00    0.00    0.00   95.79
21:49:45     all    0.22    0.00    3.69    0.00    0.00    0.54    0.00    0.00    0.00   95.55
21:49:46     all    0.00    0.00    4.40    0.00    0.00    0.25    0.00    0.00    0.00   95.35
21:49:47     all    0.31    0.00    4.31    0.00    0.00    0.25    0.00    0.00    0.00   95.12
21:49:48     all    0.09    0.00    3.85    0.00    0.00    0.16    0.00    0.00    0.00   95.89
21:49:49     all    0.19    0.00    4.26    0.00    0.00    0.63    0.00    0.00    0.00   94.92
21:49:50     all    0.09    0.00    4.04    0.00    0.00    0.35    0.00    0.00    0.00   95.52
21:49:51     all    0.03    0.00    3.97    0.00    0.00    0.32    0.00    0.00    0.00   95.68
21:49:52     all    0.00    0.00    4.28    0.00    0.00    0.22    0.00    0.00    0.00   95.50
21:49:53     all    0.00    0.00    4.16    0.00    0.00    0.32    0.00    0.00    0.00   95.53
21:49:54     all    0.00    0.00    4.43    0.00    0.00    0.19    0.00    0.00    0.00   95.38
21:49:55     all    0.00    0.00    4.19    0.00    0.00    0.31    0.00    0.00    0.00   95.50
21:49:56     all    0.00    0.00    4.16    0.00    0.00    0.25    0.00    0.00    0.00   95.59
21:49:57     all    0.00    0.00    4.16    0.00    0.00    0.28    0.00    0.00    0.00   95.56
21:49:58     all    0.00    0.00    4.22    0.00    0.00    0.25    0.00    0.00    0.00   95.53
21:49:59     all    0.00    0.00    4.27    0.00    0.00    0.38    0.00    0.00    0.00   95.35
21:50:00     all    0.32    0.00    4.10    0.00    0.00    0.38    0.00    0.00    0.00   95.21
21:50:01     all    0.00    0.00    3.91    0.00    0.00    0.35    0.00    0.00    0.00   95.74
21:50:02     all    0.03    0.00    3.94    0.00    0.00    0.38    0.00    0.00    0.00   95.65
21:50:03     all    0.03    0.00    4.46    0.00    0.00    0.25    0.00    0.00    0.00   95.26
21:50:04     all    0.00    0.00    3.97    0.00    0.00    0.38    0.00    0.00    0.00   95.66
21:50:05     all    0.00    0.00    3.97    0.00    0.00    0.32    0.00    0.00    0.00   95.71
21:50:06     all    0.00    0.00    4.15    0.00    0.00    0.35    0.00    0.00    0.00   95.50
21:50:07     all    0.03    0.00    3.91    0.00    0.00    0.35    0.00    0.00    0.00   95.71
21:50:08     all    0.00    0.00    4.30    0.00    0.00    0.31    0.00    0.00    0.00   95.38
21:50:09     all    0.03    0.00    4.03    0.00    0.00    0.35    0.00    0.00    0.00   95.59
21:50:10     all    0.06    0.00    4.15    0.00    0.00    0.35    0.00    0.00    0.00   95.44
21:50:11     all    0.03    0.00    4.33    0.00    0.00    0.35    0.00    0.00    0.00   95.29
21:50:12     all    0.00    0.00    4.40    0.00    0.00    0.25    0.00    0.00    0.00   95.35
21:50:13     all    0.00    0.00    4.19    0.00    0.00    0.28    0.00    0.00    0.00   95.53
21:50:14     all    0.03    0.00    3.94    0.00    0.00    0.32    0.00    0.00    0.00   95.71
21:50:15     all    0.00    0.00    3.82    0.00    0.00    0.32    0.00    0.00    0.00   95.86
21:50:16     all    0.00    0.00    4.07    0.00    0.00    0.19    0.00    0.00    0.00   95.74
21:50:17     all    0.00    0.00    3.85    0.00    0.00    0.19    0.00    0.00    0.00   95.96
21:50:18     all    0.00    0.00    3.85    0.00    0.00    0.19    0.00    0.00    0.00   95.96
21:50:19     all    0.00    0.00    4.10    0.00    0.00    0.19    0.00    0.00    0.00   95.72
21:50:20     all    0.03    0.00    3.79    0.00    0.00    0.35    0.00    0.00    0.00   95.83
21:50:21     all    0.00    0.00    4.31    0.00    0.00    0.25    0.00    0.00    0.00   95.44
21:50:22     all    0.03    0.00    4.21    0.00    0.00    0.28    0.00    0.00    0.00   95.47
21:50:23     all    0.00    0.00    4.24    0.00    0.00    0.35    0.00    0.00    0.00   95.41
21:50:24     all    0.00    0.00    4.01    0.00    0.00    0.25    0.00    0.00    0.00   95.74
21:50:25     all    0.00    0.00    4.00    0.00    0.00    0.28    0.00    0.00    0.00   95.71
21:50:26     all    0.00    0.00    4.24    0.00    0.00    0.35    0.00    0.00    0.00   95.41
21:50:27     all    0.00    0.00    4.24    0.00    0.00    0.35    0.00    0.00    0.00   95.41
21:50:28     all    0.00    0.00    4.21    0.00    0.00    0.44    0.00    0.00    0.00   95.35
21:50:29     all    0.00    0.00    3.91    0.00    0.00    0.38    0.00    0.00    0.00   95.71
21:50:30     all    0.06    0.00    4.43    0.00    0.00    0.28    0.00    0.00    0.00   95.22
21:50:31     all    0.00    0.00    4.34    0.00    0.00    0.25    0.00    0.00    0.00   95.41
21:50:32     all    0.00    0.00    4.31    0.00    0.00    0.31    0.00    0.00    0.00   95.38
21:50:33     all    0.00    0.00    3.92    0.00    0.00    0.25    0.00    0.00    0.00   95.83
21:50:34     all    0.00    0.00    4.16    0.00    0.00    0.25    0.00    0.00    0.00   95.59
21:50:35     all    0.00    0.00    4.45    0.00    0.00    0.34    0.00    0.00    0.00   95.21
21:50:36     all    0.00    0.00    3.97    0.00    0.00    0.25    0.00    0.00    0.00   95.77
21:50:37     all    0.00    0.00    3.76    0.00    0.00    0.22    0.00    0.00    0.00   96.02
21:50:38     all    0.00    0.00    4.06    0.00    0.00    0.31    0.00    0.00    0.00   95.62
21:50:39     all    0.00    0.00    4.00    0.00    0.00    0.32    0.00    0.00    0.00   95.68
21:50:40     all    0.13    0.00    3.83    0.00    0.00    0.22    0.00    0.00    0.00   95.83
21:50:41     all    0.00    0.00    4.28    0.00    0.00    0.28    0.00    0.00    0.00   95.44
21:50:42     all    0.00    0.00    3.98    0.00    0.00    0.25    0.00    0.00    0.00   95.77
21:50:43     all    0.00    0.00    4.13    0.00    0.00    0.22    0.00    0.00    0.00   95.65
21:50:44     all    0.00    0.00    4.06    0.00    0.00    0.25    0.00    0.00    0.00   95.68
21:50:45     all    0.00    0.00    3.97    0.00    0.00    0.32    0.00    0.00    0.00   95.71
21:50:46     all    0.00    0.00    3.97    0.00    0.00    0.25    0.00    0.00    0.00   95.77
21:50:47     all    0.00    0.00    4.22    0.00    0.00    0.25    0.00    0.00    0.00   95.53
21:50:48     all    0.00    0.00    3.94    0.00    0.00    0.32    0.00    0.00    0.00   95.74
21:50:49     all    0.00    0.00    4.33    0.00    0.00    0.31    0.00    0.00    0.00   95.36
21:50:50     all    0.09    0.00    4.19    0.00    0.00    0.28    0.00    0.00    0.00   95.43
21:50:51     all    0.00    0.00    3.67    0.00    0.00    0.28    0.00    0.00    0.00   96.05
21:50:52     all    0.00    0.00    4.52    0.00    0.00    0.25    0.00    0.00    0.00   95.23
21:50:53     all    0.03    0.00    4.25    0.00    0.00    0.31    0.00    0.00    0.00   95.41
21:50:54     all    0.00    0.00    3.76    0.00    0.00    0.35    0.00    0.00    0.00   95.90
21:50:55     all    0.00    0.00    4.13    0.00    0.00    0.25    0.00    0.00    0.00   95.62
21:50:56     all    0.00    0.00    3.94    0.00    0.00    0.28    0.00    0.00    0.00   95.77
21:50:57     all    0.00    0.00    4.06    0.00    0.00    0.35    0.00    0.00    0.00   95.60
21:50:58     all    0.00    0.00    4.01    0.00    0.00    0.28    0.00    0.00    0.00   95.71
21:50:59     all    0.00    0.00    4.10    0.00    0.00    0.19    0.00    0.00    0.00   95.71
21:51:00     all    0.35    0.00    4.22    0.00    0.00    0.28    0.00    0.00    0.00   95.15
21:51:01     all    0.00    0.00    4.25    0.00    0.00    0.25    0.00    0.00    0.00   95.50
21:51:02     all    0.00    0.00    4.09    0.00    0.00    0.22    0.00    0.00    0.00   95.69
21:51:03     all    0.03    0.00    3.98    0.00    0.00    0.28    0.00    0.00    0.00   95.71
21:51:04     all    0.00    0.00    4.19    0.00    0.00    0.22    0.00    0.00    0.00   95.59
21:51:05     all    0.00    0.00    3.94    0.00    0.00    0.31    0.00    0.00    0.00   95.75
21:51:06     all    0.00    0.00    4.09    0.00    0.00    0.28    0.00    0.00    0.00   95.62
21:51:07     all    0.00    0.00    4.27    0.00    0.00    0.28    0.00    0.00    0.00   95.45
21:51:08     all    0.00    0.00    4.18    0.00    0.00    0.22    0.00    0.00    0.00   95.60
21:51:09     all    0.00    0.00    4.25    0.00    0.00    0.25    0.00    0.00    0.00   95.50
21:51:10     all    0.06    0.00    4.01    0.00    0.00    0.28    0.00    0.00    0.00   95.65
21:51:11     all    0.00    0.00    3.64    0.00    0.00    0.28    0.00    0.00    0.00   96.08
21:51:12     all    0.03    0.00    4.12    0.00    0.00    0.28    0.00    0.00    0.00   95.56
21:51:13     all    0.03    0.00    4.21    0.00    0.00    0.31    0.00    0.00    0.00   95.44
21:51:14     all    0.00    0.00    3.85    0.00    0.00    0.35    0.00    0.00    0.00   95.80
21:51:15     all    0.00    0.00    4.11    0.00    0.00    0.35    0.00    0.00    0.00   95.54
21:51:16     all    0.00    0.00    4.12    0.00    0.00    0.19    0.00    0.00    0.00   95.69
21:51:17     all    0.00    0.00    4.43    0.00    0.00    0.22    0.00    0.00    0.00   95.35
21:51:18     all    0.00    0.00    4.37    0.00    0.00    0.28    0.00    0.00    0.00   95.35
21:51:19     all    0.00    0.00    3.76    0.00    0.00    0.35    0.00    0.00    0.00   95.89
21:51:20     all    0.06    0.00    4.16    0.00    0.00    0.35    0.00    0.00    0.00   95.43
21:51:21     all    0.00    0.00    3.67    0.00    0.00    0.28    0.00    0.00    0.00   96.05
21:51:22     all    0.03    0.00    4.48    0.00    0.00    0.38    0.00    0.00    0.00   95.11
21:51:23     all    0.00    0.00    4.25    0.00    0.00    0.31    0.00    0.00    0.00   95.44
21:51:24     all    0.00    0.00    4.00    0.00    0.00    0.38    0.00    0.00    0.00   95.62
21:51:25     all    0.00    0.00    4.34    0.00    0.00    0.22    0.00    0.00    0.00   95.44
21:51:26     all    0.00    0.00    4.37    0.00    0.00    0.31    0.00    0.00    0.00   95.32
21:51:27     all    0.00    0.00    4.36    0.00    0.00    0.41    0.00    0.00    0.00   95.23
21:51:28     all    0.00    0.00    4.09    0.00    0.00    0.28    0.00    0.00    0.00   95.62
21:51:29     all    0.03    0.00    4.03    0.00    0.00    0.19    0.00    0.00    0.00   95.75
21:51:30     all    0.09    0.00    3.94    0.00    0.00    0.35    0.00    0.00    0.00   95.62
21:51:31     all    0.00    0.00    4.19    0.00    0.00    0.22    0.00    0.00    0.00   95.59
21:51:32     all    0.00    0.00    4.24    0.00    0.00    0.38    0.00    0.00    0.00   95.38
21:51:33     all    0.00    0.00    4.01    0.00    0.00    0.19    0.00    0.00    0.00   95.80
21:51:34     all    0.00    0.00    4.25    0.00    0.00    0.22    0.00    0.00    0.00   95.53
21:51:35     all    0.00    0.00    4.18    0.63    0.00    0.41    0.00    0.00    0.00   94.78
21:51:36     all    0.00    0.00    3.91    0.00    0.00    0.25    0.00    0.00    0.00   95.84
21:51:37     all    0.00    0.00    4.21    0.00    0.00    0.38    0.00    0.00    0.00   95.41
21:51:38     all    0.00    0.00    4.18    0.00    0.00    0.31    0.00    0.00    0.00   95.50
21:51:39     all    0.00    0.00    4.10    0.00    0.00    0.28    0.00    0.00    0.00   95.62
21:51:40     all    0.09    0.00    4.16    0.00    0.00    0.16    0.00    0.00    0.00   95.58
21:51:41     all    0.00    0.00    4.42    0.00    0.00    0.25    0.00    0.00    0.00   95.32
21:51:42     all    0.00    0.00    4.04    0.00    0.00    0.25    0.00    0.00    0.00   95.71
21:51:43     all    0.00    0.00    4.19    0.00    0.00    0.28    0.00    0.00    0.00   95.53
21:51:44     all    0.00    0.00    4.22    0.00    0.00    0.28    0.00    0.00    0.00   95.50
21:51:45     all    0.00    0.00    4.12    0.00    0.00    0.31    0.00    0.00    0.00   95.56
21:51:46     all    0.00    0.00    4.13    0.00    0.00    0.25    0.00    0.00    0.00   95.62
21:51:47     all    0.00    0.00    4.19    0.00    0.00    0.25    0.00    0.00    0.00   95.56
21:51:48     all    0.00    0.00    4.40    0.00    0.00    0.25    0.00    0.00    0.00   95.35
21:51:49     all    0.00    0.00    4.13    0.00    0.00    0.28    0.00    0.00    0.00   95.59
21:51:50     all    0.09    0.00    4.61    0.00    0.00    0.28    0.00    0.00    0.00   95.01
21:51:51     all    0.00    0.00    4.16    0.00    0.00    0.28    0.00    0.00    0.00   95.56
21:51:52     all    0.03    0.00    3.91    0.00    0.00    0.32    0.00    0.00    0.00   95.74
21:51:53     all    0.22    0.00    4.31    0.00    0.00    0.35    0.00    0.00    0.00   95.12
21:51:54     all    0.00    0.00    3.97    0.00    0.00    0.25    0.00    0.00    0.00   95.77
21:51:55     all    0.09    0.00    3.82    0.00    0.00    0.25    0.00    0.00    0.00   95.83
21:51:56     all    0.00    0.00    3.82    0.00    0.00    0.25    0.00    0.00    0.00   95.93
21:51:57     all    0.00    0.00    3.84    0.00    0.00    0.25    0.00    0.00    0.00   95.91
21:51:58     all    0.00    0.00    4.16    0.00    0.00    0.25    0.00    0.00    0.00   95.59
21:51:59     all    0.00    0.00    3.82    0.00    0.00    0.28    0.00    0.00    0.00   95.90
21:52:00     all    0.35    0.00    4.37    0.00    0.00    0.41    0.00    0.00    0.00   94.88
21:52:01     all    0.00    0.00    4.25    0.00    0.00    0.31    0.00    0.00    0.00   95.44
21:52:02     all    0.00    0.00    4.04    0.00    0.00    0.19    0.00    0.00    0.00   95.77
21:52:03     all    0.03    0.00    4.33    0.00    0.00    0.44    0.00    0.00    0.00   95.20
21:52:04     all    0.00    0.00    4.48    0.00    0.00    0.38    0.00    0.00    0.00   95.14
21:52:05     all    0.00    0.00    4.63    0.00    0.00    0.41    0.00    0.00    0.00   94.96
21:52:06     all    0.00    0.00    4.60    0.00    0.00    0.31    0.00    0.00    0.00   95.08
21:52:07     all    0.00    0.00    3.82    0.00    0.00    0.28    0.00    0.00    0.00   95.90
21:52:08     all    0.00    0.00    4.13    0.00    0.00    0.25    0.00    0.00    0.00   95.62
21:52:09     all    0.00    0.00    4.40    0.00    0.00    0.25    0.00    0.00    0.00   95.35
21:52:10     all    0.06    0.00    4.33    0.00    0.00    0.41    0.00    0.00    0.00   95.19
21:52:11     all    0.00    0.00    4.34    0.00    0.00    0.31    0.00    0.00    0.00   95.35
21:52:12     all    0.00    0.00    4.06    0.00    0.00    0.41    0.00    0.00    0.00   95.53
21:52:13     all    0.03    0.00    4.25    0.00    0.00    0.25    0.00    0.00    0.00   95.47
21:52:14     all    0.03    0.00    4.27    0.00    0.00    0.31    0.00    0.00    0.00   95.38
21:52:15     all    0.00    0.00    4.10    0.00    0.00    0.19    0.00    0.00    0.00   95.71
21:52:16     all    0.00    0.00    4.00    0.00    0.00    0.28    0.00    0.00    0.00   95.71
21:52:17     all    0.00    0.00    3.94    0.00    0.00    0.35    0.00    0.00    0.00   95.71
21:52:18     all    0.00    0.00    4.03    0.00    0.00    0.32    0.00    0.00    0.00   95.65
21:52:19     all    0.00    0.00    4.34    0.00    0.00    0.28    0.00    0.00    0.00   95.38
21:52:20     all    0.06    0.00    4.16    0.00    0.00    0.32    0.00    0.00    0.00   95.46
21:52:21     all    0.00    0.00    4.06    0.00    0.00    0.28    0.00    0.00    0.00   95.65
21:52:22     all    0.00    0.00    4.01    0.00    0.00    0.32    0.00    0.00    0.00   95.68
21:52:23     all    0.03    0.00    4.13    0.00    0.00    0.22    0.00    0.00    0.00   95.62
21:52:24     all    0.00    0.00    4.25    0.00    0.00    0.16    0.00    0.00    0.00   95.59
21:52:25     all    0.00    0.00    3.98    0.00    0.00    0.22    0.00    0.00    0.00   95.80
21:52:26     all    0.00    0.00    3.87    0.00    0.00    0.28    0.00    0.00    0.00   95.85
21:52:27     all    0.03    0.00    4.18    0.00    0.00    0.31    0.00    0.00    0.00   95.48
21:52:28     all    0.00    0.00    4.18    0.00    0.00    0.38    0.00    0.00    0.00   95.44
21:52:29     all    0.00    0.00    4.13    0.00    0.00    0.19    0.00    0.00    0.00   95.68
21:52:30     all    0.06    0.00    4.07    0.00    0.00    0.22    0.00    0.00    0.00   95.64
21:52:31     all    0.00    0.00    4.12    0.00    0.00    0.25    0.00    0.00    0.00   95.63
21:52:32     all    0.00    0.00    3.97    0.00    0.00    0.35    0.00    0.00    0.00   95.68
21:52:33     all    0.00    0.00    3.91    0.00    0.00    0.32    0.00    0.00    0.00   95.77
21:52:34     all    0.00    0.00    3.94    0.00    0.00    0.35    0.00    0.00    0.00   95.71
21:52:35     all    0.00    0.00    3.98    0.00    0.00    0.13    0.00    0.00    0.00   95.90
21:52:36     all    0.00    0.00    4.40    0.00    0.00    0.25    0.00    0.00    0.00   95.35
21:52:37     all    0.00    0.00    4.19    0.00    0.00    0.22    0.00    0.00    0.00   95.59
21:52:38     all    0.00    0.00    4.28    0.00    0.00    0.25    0.00    0.00    0.00   95.47
21:52:39     all    0.00    0.00    4.06    0.00    0.00    0.38    0.00    0.00    0.00   95.56
21:52:40     all    0.09    0.00    4.06    0.00    0.00    0.28    0.00    0.00    0.00   95.56
21:52:41     all    0.00    0.00    4.18    0.00    0.00    0.35    0.00    0.00    0.00   95.47
21:52:42     all    0.03    0.00    4.27    0.00    0.00    0.41    0.00    0.00    0.00   95.29
21:52:43     all    0.00    0.00    4.03    0.00    0.00    0.38    0.00    0.00    0.00   95.59
21:52:44     all    0.00    0.00    4.36    0.00    0.00    0.31    0.00    0.00    0.00   95.33
21:52:45     all    0.00    0.00    4.55    0.00    0.00    0.28    0.00    0.00    0.00   95.17
21:52:46     all    0.00    0.00    3.88    0.00    0.00    0.32    0.00    0.00    0.00   95.80
21:52:47     all    0.00    0.00    4.24    0.00    0.00    0.31    0.00    0.00    0.00   95.44
21:52:48     all    0.00    0.00    4.10    0.00    0.00    0.25    0.00    0.00    0.00   95.65
21:52:49     all    0.00    0.00    4.37    0.00    0.00    0.28    0.00    0.00    0.00   95.35
21:52:50     all    0.06    0.00    4.55    0.00    0.00    0.22    0.00    0.00    0.00   95.16
21:52:51     all    0.00    0.00    4.07    0.00    0.00    0.25    0.00    0.00    0.00   95.68
21:52:52     all    0.00    0.00    3.93    0.00    0.00    0.22    0.00    0.00    0.00   95.85
21:52:53     all    0.00    0.00    3.38    0.00    0.00    0.16    0.00    0.00    0.00   96.46
21:52:54     all    0.00    0.00    3.11    0.00    0.00    0.22    0.00    0.00    0.00   96.67
21:52:55     all    0.00    0.00    7.07    0.00    0.00    3.41    0.00    0.00    0.00   89.52
21:52:56     all    0.00    0.00    6.94    0.00    0.00    2.63    0.00    0.00    0.00   90.43
21:52:57     all    0.00    0.00   14.13    0.00    0.00    6.87    0.00    0.00    0.00   79.00
21:52:58     all    0.00    0.00   15.04    0.00    0.00    6.15    0.00    0.00    0.00   78.81
21:52:59     all    0.00    0.00   17.45    0.00    0.00    7.08    0.00    0.00    0.00   75.47
21:53:00     all    0.39    0.00   18.11    0.00    0.00    6.58    0.00    0.00    0.00   74.92
21:53:01     all    0.00    0.00   17.86    0.00    0.00    6.93    0.00    0.00    0.00   75.21
21:53:02     all    0.00    0.00   17.10    0.00    0.00    6.81    0.00    0.00    0.00   76.09
21:53:03     all    0.00    0.00   18.10    0.00    0.00    6.57    0.00    0.00    0.00   75.32
21:53:04     all    0.00    0.00   17.10    0.00    0.00    7.13    0.00    0.00    0.00   75.77
21:53:05     all    0.00    0.00   17.47    0.00    0.00    6.92    0.00    0.00    0.00   75.61
21:53:06     all    0.03    0.00   17.86    0.00    0.00    7.10    0.00    0.00    0.00   75.01
21:53:07     all    0.00    0.00   18.37    0.00    0.00    7.10    0.00    0.00    0.00   74.53
21:53:08     all    0.00    0.00   17.93    0.00    0.00    7.58    0.00    0.00    0.00   74.49
21:53:09     all    0.00    0.00   20.95    0.00    0.00    7.69    0.00    0.00    0.00   71.36
21:53:10     all    0.10    0.00   19.05    0.00    0.00    7.94    0.00    0.00    0.00   72.91
21:53:11     all    0.00    0.00   21.12    0.00    0.00    7.65    0.00    0.00    0.00   71.23
21:53:12     all    0.00    0.00   22.56    0.00    0.00    7.63    0.00    0.00    0.00   69.81
21:53:13     all    0.00    0.00   22.39    0.00    0.00    7.76    0.00    0.00    0.00   69.85
21:53:14     all    0.00    0.00   21.95    0.00    0.00    7.53    0.00    0.00    0.00   70.52
21:53:15     all    0.00    0.00   22.23    0.00    0.00    7.50    0.00    0.00    0.00   70.27
21:53:16     all    0.00    0.00   21.63    0.00    0.00    8.10    0.00    0.00    0.00   70.28
21:53:17     all    0.00    0.00   22.75    0.00    0.00    7.38    0.00    0.00    0.00   69.87
21:53:18     all    0.00    0.00   21.77    0.00    0.00    7.43    0.00    0.00    0.00   70.79
21:53:19     all    0.03    0.00   21.78    0.00    0.00    8.07    0.00    0.00    0.00   70.11
21:53:20     all    0.03    0.00   22.37    0.00    0.00    8.08    0.00    0.00    0.00   69.52
21:53:21     all    0.00    0.00   22.23    0.00    0.00    7.63    0.00    0.00    0.00   70.14
21:53:22     all    0.00    0.00   22.67    0.00    0.00    7.73    0.00    0.00    0.00   69.61
21:53:23     all    0.03    0.00   22.81    0.00    0.00    7.42    0.00    0.00    0.00   69.74
21:53:24     all    0.00    0.00   22.26    0.00    0.00    7.97    0.00    0.00    0.00   69.77
21:53:25     all    0.03    0.00   22.38    0.00    0.00    7.78    0.00    0.00    0.00   69.80
21:53:26     all    0.00    0.00   22.40    0.00    0.00    7.77    0.00    0.00    0.00   69.84
21:53:27     all    0.00    0.00   21.65    0.00    0.00    8.26    0.00    0.00    0.00   70.09
21:53:28     all    0.00    0.00   22.62    0.00    0.00    9.01    0.00    0.00    0.00   68.37
21:53:29     all    0.00    0.00   23.51    0.00    0.00    8.96    0.00    0.00    0.00   67.53
21:53:30     all    0.06    0.00   23.44    0.00    0.00    8.92    0.00    0.00    0.00   67.57
21:53:31     all    0.00    0.00   25.08    0.00    0.00    9.58    0.00    0.00    0.00   65.34
21:53:32     all    0.00    0.00   25.10    0.00    0.00   10.24    0.00    0.00    0.00   64.67
21:53:33     all    0.00    0.00   26.87    0.00    0.00    9.68    0.00    0.00    0.00   63.45
21:53:34     all    0.00    0.00   27.20    0.00    0.00    9.30    0.00    0.00    0.00   63.50
21:53:35     all    0.00    0.00   27.28    0.00    0.00    9.22    0.00    0.00    0.00   63.50
21:53:36     all    0.00    0.00   27.57    0.00    0.00    9.34    0.00    0.00    0.00   63.09
21:53:37     all    0.00    0.00   27.52    0.00    0.00    9.11    0.00    0.00    0.00   63.36
21:53:38     all    0.00    0.00   27.58    0.00    0.00    8.69    0.00    0.00    0.00   63.73
21:53:39     all    0.00    0.00   27.02    0.00    0.00    9.25    0.00    0.00    0.00   63.72
21:53:40     all    0.10    0.00   27.61    0.00    0.00    9.21    0.00    0.00    0.00   63.08
21:53:41     all    0.00    0.00   26.60    0.00    0.00    9.59    0.00    0.00    0.00   63.82
21:53:42     all    0.00    0.00   27.69    0.00    0.00    9.36    0.00    0.00    0.00   62.95
21:53:43     all    0.00    0.00   28.15    0.00    0.00    9.34    0.00    0.00    0.00   62.50
21:53:44     all    0.00    0.00   27.03    0.00    0.00    9.13    0.00    0.00    0.00   63.84
21:53:45     all    0.00    0.00   26.83    0.00    0.00    9.90    0.00    0.00    0.00   63.27
21:53:46     all    0.00    0.00   28.39    0.00    0.00    8.87    0.00    0.00    0.00   62.73
21:53:47     all    0.00    0.00   27.17    0.00    0.00    9.89    0.00    0.00    0.00   62.95
21:53:48     all    0.00    0.00   27.16    0.00    0.00    9.62    0.00    0.00    0.00   63.21
21:53:49     all    0.00    0.00   28.29    0.00    0.00    9.17    0.00    0.00    0.00   62.54
21:53:50     all    0.06    0.00   28.27    0.00    0.00    9.15    0.00    0.00    0.00   62.52
21:53:51     all    0.03    0.00   27.61    0.00    0.00    9.07    0.00    0.00    0.00   63.29
21:53:52     all    0.00    0.00   28.13    0.00    0.00    9.35    0.00    0.00    0.00   62.52
21:53:53     all    0.00    0.00   28.04    0.00    0.00    9.12    0.00    0.00    0.00   62.84
21:53:54     all    0.00    0.00   28.25    0.00    0.00    8.60    0.00    0.00    0.00   63.15
21:53:55     all    0.00    0.00   28.18    0.00    0.00    8.55    0.00    0.00    0.00   63.27
21:53:56     all    0.06    0.00   28.51    0.00    0.00    8.75    0.00    0.00    0.00   62.68
21:53:57     all    0.00    0.00   28.48    0.00    0.00    8.75    0.00    0.00    0.00   62.77
21:53:58     all    0.22    0.00   27.95    0.00    0.00    9.24    0.00    0.00    0.00   62.59
21:53:59     all    0.00    0.00   27.10    0.00    0.00   10.23    0.00    0.00    0.00   62.67
21:54:00     all    0.35    0.00   28.34    0.00    0.00    9.74    0.00    0.00    0.00   61.57
21:54:01     all    0.00    0.00   28.12    0.00    0.00    8.97    0.00    0.00    0.00   62.91
21:54:02     all    0.00    0.00   27.89    0.00    0.00    9.36    0.00    0.00    0.00   62.75
21:54:03     all    0.00    0.00   28.80    0.00    0.00    9.15    0.00    0.00    0.00   62.06
21:54:04     all    0.00    0.00   27.58    0.00    0.00    9.30    0.00    0.00    0.00   63.12
21:54:05     all    0.03    0.00   27.86    0.00    0.00    9.16    0.00    0.00    0.00   62.95
21:54:06     all    0.00    0.00   27.49    0.00    0.00    9.56    0.00    0.00    0.00   62.95
21:54:07     all    0.00    0.00   28.10    0.00    0.00    9.14    0.00    0.00    0.00   62.76
21:54:08     all    0.00    0.00   28.15    0.00    0.00    8.96    0.00    0.00    0.00   62.89
21:54:09     all    0.00    0.00   28.24    0.00    0.00    8.37    0.00    0.00    0.00   63.38
21:54:10     all    0.10    0.00   27.69    0.00    0.00    9.22    0.00    0.00    0.00   62.99
21:54:11     all    0.00    0.00   28.33    0.00    0.00    8.99    0.00    0.00    0.00   62.68
21:54:12     all    0.00    0.00   28.10    0.00    0.00    8.98    0.00    0.00    0.00   62.92
21:54:13     all    0.00    0.00   28.27    0.00    0.00    9.06    0.00    0.00    0.00   62.67
21:54:14     all    0.00    0.00   28.33    0.00    0.00    9.43    0.00    0.00    0.00   62.24
21:54:15     all    0.00    0.00   28.61    0.00    0.00    8.82    0.00    0.00    0.00   62.57
21:54:16     all    0.00    0.00   27.75    0.00    0.00    8.89    0.00    0.00    0.00   63.36
21:54:17     all    0.00    0.00   27.45    0.00    0.00    9.49    0.00    0.00    0.00   63.05
21:54:18     all    0.00    0.00   28.49    0.00    0.00    8.81    0.00    0.00    0.00   62.70
21:54:19     all    0.00    0.00   28.09    0.00    0.00    8.85    0.00    0.00    0.00   63.07
21:54:20     all    0.06    0.00   28.19    0.00    0.00    9.25    0.00    0.00    0.00   62.50
21:54:21     all    0.00    0.00   28.73    0.00    0.00    8.97    0.00    0.00    0.00   62.30
21:54:22     all    0.00    0.00   27.61    0.00    0.00    9.72    0.00    0.00    0.00   62.67
21:54:23     all    0.00    0.00   28.11    0.00    0.00    9.19    0.00    0.00    0.00   62.70
21:54:24     all    0.00    0.00   28.48    0.00    0.00    8.70    0.00    0.00    0.00   62.82
21:54:25     all    0.00    0.00   28.48    0.00    0.00    8.96    0.00    0.00    0.00   62.56
21:54:26     all    0.00    0.00   28.38    0.00    0.00    8.72    0.00    0.00    0.00   62.90
21:54:27     all    0.03    0.00   28.07    0.00    0.00    9.79    0.00    0.00    0.00   62.11
21:54:28     all    0.00    0.00   28.73    0.00    0.00    9.17    0.00    0.00    0.00   62.10
21:54:29     all    0.00    0.00   27.83    0.00    0.00    9.42    0.00    0.00    0.00   62.75
21:54:30     all    0.10    0.00   28.37    0.00    0.00    8.97    0.00    0.00    0.00   62.57
21:54:31     all    0.00    0.00   27.98    0.00    0.00    9.36    0.00    0.00    0.00   62.66
21:54:32     all    0.00    0.00   27.74    0.00    0.00   10.04    0.00    0.00    0.00   62.22
21:54:33     all    0.03    0.00   27.45    0.00    0.00    9.72    0.00    0.00    0.00   62.80
21:54:34     all    0.00    0.00   28.22    0.00    0.00    9.41    0.00    0.00    0.00   62.38
21:54:35     all    0.00    0.00   28.19    0.00    0.00    9.63    0.00    0.00    0.00   62.18
21:54:36     all    0.00    0.00   27.56    0.00    0.00    9.19    0.00    0.00    0.00   63.25
21:54:37     all    0.00    0.00   28.26    0.00    0.00    9.09    0.00    0.00    0.00   62.65
21:54:38     all    0.00    0.00   28.24    0.00    0.00    9.26    0.00    0.00    0.00   62.50
21:54:39     all    0.00    0.00   28.08    0.00    0.00    8.73    0.00    0.00    0.00   63.19
21:54:40     all    0.10    0.00   28.72    0.00    0.00    8.89    0.00    0.00    0.00   62.29
21:54:41     all    0.00    0.00   28.08    0.00    0.00    9.19    0.00    0.00    0.00   62.73
21:54:42     all    0.00    0.00   27.70    0.00    0.00    9.28    0.00    0.00    0.00   63.02
21:54:43     all    0.00    0.00   28.76    0.00    0.00    8.42    0.00    0.00    0.00   62.81
21:54:44     all    0.00    0.00   28.18    0.00    0.00    8.91    0.00    0.00    0.00   62.91
21:54:45     all    0.00    0.00   27.87    0.00    0.00    9.75    0.00    0.00    0.00   62.39
21:54:46     all    0.00    0.00   27.76    0.00    0.00    9.70    0.00    0.00    0.00   62.54
21:54:47     all    0.00    0.00   28.06    0.00    0.00    8.95    0.00    0.00    0.00   62.99
21:54:48     all    0.00    0.00   28.23    0.00    0.00    8.68    0.00    0.00    0.00   63.09
21:54:49     all    0.00    0.00   28.63    0.00    0.00    9.02    0.00    0.00    0.00   62.35
21:54:50     all    0.10    0.00   27.86    0.00    0.00    9.50    0.00    0.00    0.00   62.54
21:54:51     all    0.00    0.00   28.34    0.00    0.00    9.29    0.00    0.00    0.00   62.37
21:54:52     all    0.00    0.00   27.71    0.00    0.00    9.55    0.00    0.00    0.00   62.74
21:54:53     all    0.03    0.00   27.85    0.00    0.00    8.96    0.00    0.00    0.00   63.15
21:54:54     all    0.00    0.00   28.43    0.00    0.00    8.64    0.00    0.00    0.00   62.93
21:54:55     all    0.00    0.00   28.59    0.00    0.00    8.53    0.00    0.00    0.00   62.88
21:54:56     all    0.00    0.00   27.71    0.00    0.00    9.14    0.00    0.00    0.00   63.15
21:54:57     all    0.00    0.00   28.03    0.00    0.00    9.62    0.00    0.00    0.00   62.35
21:54:58     all    0.00    0.00   27.64    0.00    0.00    9.42    0.00    0.00    0.00   62.94
21:54:59     all    0.00    0.00   27.91    0.00    0.00    9.14    0.00    0.00    0.00   62.95
21:55:00     all    0.38    0.00   28.78    0.00    0.00    8.74    0.00    0.00    0.00   62.09
21:55:01     all    0.00    0.00   28.60    0.00    0.00    8.41    0.00    0.00    0.00   62.99
21:55:02     all    0.00    0.00   28.12    0.00    0.00    8.78    0.00    0.00    0.00   63.10
21:55:03     all    0.00    0.00   27.70    0.00    0.00    9.25    0.00    0.00    0.00   63.05
21:55:04     all    0.00    0.00   28.61    0.00    0.00    8.77    0.00    0.00    0.00   62.62
21:55:05     all    0.00    0.00   27.91    0.00    0.00    8.91    0.00    0.00    0.00   63.18
21:55:06     all    0.00    0.00   27.71    0.00    0.00    9.05    0.00    0.00    0.00   63.24
21:55:07     all    0.03    0.00   28.42    0.00    0.00    8.57    0.00    0.00    0.00   62.97
21:55:08     all    0.00    0.00   28.51    0.00    0.00    8.69    0.00    0.00    0.00   62.80
21:55:09     all    0.00    0.00   28.86    0.00    0.00    8.48    0.00    0.00    0.00   62.66
21:55:10     all    0.10    0.00   28.66    0.00    0.00    8.99    0.00    0.00    0.00   62.25
21:55:11     all    0.00    0.00   29.09    0.00    0.00    8.23    0.00    0.00    0.00   62.68
21:55:12     all    0.00    0.00   28.87    0.00    0.00    8.66    0.00    0.00    0.00   62.47
21:55:13     all    0.00    0.00   28.36    0.00    0.00    8.86    0.00    0.00    0.00   62.78
21:55:14     all    0.00    0.00   27.91    0.00    0.00    9.47    0.00    0.00    0.00   62.62
21:55:15     all    0.00    0.00   27.64    0.00    0.00    9.39    0.00    0.00    0.00   62.97
21:55:16     all    0.00    0.00   27.36    0.00    0.00    9.36    0.00    0.00    0.00   63.29
21:55:17     all    0.00    0.00   27.28    0.00    0.00    9.08    0.00    0.00    0.00   63.64
21:55:18     all    0.00    0.00   27.43    0.00    0.00    8.84    0.00    0.00    0.00   63.73
21:55:19     all    0.00    0.00   26.19    0.00    0.00   10.37    0.00    0.00    0.00   63.44
21:55:20     all    0.06    0.00   26.27    0.00    0.00    9.76    0.00    0.00    0.00   63.90
21:55:21     all    0.00    0.00   26.33    0.00    0.00   10.23    0.00    0.00    0.00   63.44
21:55:22     all    0.00    0.00   27.17    0.00    0.00    9.96    0.00    0.00    0.00   62.87
21:55:23     all    0.00    0.00   27.25    0.00    0.00    9.68    0.00    0.00    0.00   63.07
21:55:24     all    0.00    0.00   26.91    0.00    0.00   10.19    0.00    0.00    0.00   62.90
21:55:25     all    0.00    0.00   26.91    0.00    0.00    9.45    0.00    0.00    0.00   63.63
21:55:26     all    0.00    0.00   26.34    0.00    0.00    9.66    0.00    0.00    0.00   63.99
21:55:27     all    0.00    0.00   28.20    0.00    0.00    9.23    0.00    0.00    0.00   62.57
21:55:28     all    0.00    0.00   26.48    0.00    0.00   10.46    0.00    0.00    0.00   63.06
21:55:29     all    0.00    0.00   26.44    0.00    0.00    9.03    0.00    0.00    0.00   64.53
21:55:30     all    0.10    0.00   23.79    0.00    0.00    9.53    0.00    0.00    0.00   66.59
21:55:31     all    0.00    0.00   23.18    0.00    0.00    9.04    0.00    0.00    0.00   67.78
21:55:32     all    0.00    0.00   23.82    0.00    0.00    9.34    0.00    0.00    0.00   66.84
21:55:33     all    0.00    0.00   23.00    0.00    0.00   10.11    0.00    0.00    0.00   66.89
21:55:34     all    0.00    0.00   24.16    0.00    0.00    9.65    0.00    0.00    0.00   66.19
21:55:35     all    0.00    0.00   23.34    0.00    0.00    9.51    0.00    0.00    0.00   67.14
21:55:36     all    0.00    0.00   23.96    0.00    0.00    9.81    0.00    0.00    0.00   66.23
21:55:37     all    0.00    0.00   23.07    0.00    0.00    9.64    0.00    0.00    0.00   67.29
21:55:38     all    0.00    0.00   23.16    0.00    0.00    9.73    0.00    0.00    0.00   67.11
21:55:39     all    0.00    0.00   23.57    0.00    0.00    9.06    0.00    0.00    0.00   67.37
21:55:40     all    0.10    0.00   23.63    0.00    0.00    9.90    0.00    0.00    0.00   66.37
21:55:41     all    0.00    0.00   23.46    0.00    0.00    9.19    0.00    0.00    0.00   67.35
21:55:42     all    0.00    0.00   24.06    0.00    0.00    9.03    0.00    0.00    0.00   66.90
21:55:43     all    0.00    0.00   23.06    0.00    0.00    9.13    0.00    0.00    0.00   67.81
21:55:44     all    0.00    0.00   23.65    0.00    0.00    9.41    0.00    0.00    0.00   66.94
21:55:45     all    0.00    0.00   24.48    0.00    0.00    8.68    0.00    0.00    0.00   66.84
21:55:46     all    0.00    0.00   23.22    0.00    0.00    9.13    0.00    0.00    0.00   67.65
21:55:47     all    0.00    0.00   24.36    0.00    0.00    9.26    0.00    0.00    0.00   66.38
21:55:48     all    0.03    0.00   26.37    0.00    0.00    9.75    0.00    0.00    0.00   63.85
21:55:49     all    0.00    0.00   26.66    0.00    0.00    9.36    0.00    0.00    0.00   63.99
21:55:50     all    0.10    0.00   26.78    0.00    0.00    9.39    0.00    0.00    0.00   63.73
21:55:51     all    0.00    0.00   26.77    0.00    0.00    9.43    0.00    0.00    0.00   63.80
21:55:52     all    0.00    0.00   27.23    0.00    0.00    8.97    0.00    0.00    0.00   63.79
21:55:53     all    0.00    0.00   26.84    0.00    0.00    9.10    0.00    0.00    0.00   64.06
21:55:54     all    0.00    0.00   27.02    0.00    0.00    8.99    0.00    0.00    0.00   63.99
21:55:55     all    0.03    0.00   27.28    0.00    0.00    9.08    0.00    0.00    0.00   63.61
21:55:56     all    0.06    0.00   27.64    0.00    0.00    8.98    0.00    0.00    0.00   63.32
21:55:57     all    0.00    0.00   27.38    0.00    0.00    9.11    0.00    0.00    0.00   63.51
21:55:58     all    0.00    0.00   26.65    0.00    0.00    9.44    0.00    0.00    0.00   63.91
21:55:59     all    0.00    0.00   26.45    0.00    0.00   10.06    0.00    0.00    0.00   63.48
21:56:00     all    0.42    0.00   26.90    0.00    0.00    8.93    0.00    0.00    0.00   63.75
21:56:01     all    0.00    0.00   26.84    0.00    0.00    9.48    0.00    0.00    0.00   63.68
21:56:02     all    0.00    0.00   26.72    0.00    0.00    9.67    0.00    0.00    0.00   63.61
21:56:03     all    0.16    0.00   26.43    0.00    0.00    9.67    0.00    0.00    0.00   63.74
21:56:04     all    0.00    0.00   27.21    0.00    0.00    9.31    0.00    0.00    0.00   63.48
21:56:05     all    0.00    0.00   26.81    0.00    0.00    9.05    0.00    0.00    0.00   64.14
21:56:06     all    0.00    0.00   25.94    0.00    0.00    9.38    0.00    0.00    0.00   64.68
21:56:07     all    0.00    0.00   26.54    0.00    0.00    8.91    0.00    0.00    0.00   64.55
21:56:08     all    0.00    0.00   26.54    0.00    0.00    9.18    0.00    0.00    0.00   64.28
21:56:09     all    0.00    0.00   26.04    0.00    0.00    9.67    0.00    0.00    0.00   64.29
21:56:10     all    0.10    0.00   26.89    0.00    0.00    8.88    0.00    0.00    0.00   64.13
21:56:11     all    0.00    0.00   25.55    0.00    0.00    9.43    0.00    0.00    0.00   65.03
21:56:12     all    0.00    0.00   27.24    0.00    0.00    9.37    0.00    0.00    0.00   63.40
21:56:13     all    0.03    0.00   27.83    0.00    0.00    9.26    0.00    0.00    0.00   62.88
21:56:14     all    0.00    0.00   27.47    0.00    0.00    9.59    0.00    0.00    0.00   62.94
21:56:15     all    0.00    0.00   27.91    0.00    0.00    8.57    0.00    0.00    0.00   63.52
21:56:16     all    0.00    0.00   27.04    0.00    0.00    9.17    0.00    0.00    0.00   63.79
21:56:17     all    0.00    0.00   27.12    0.00    0.00    9.64    0.00    0.00    0.00   63.24
21:56:18     all    0.03    0.00   27.78    0.00    0.00    8.85    0.00    0.00    0.00   63.34
21:56:19     all    0.00    0.00   27.30    0.00    0.00    8.95    0.00    0.00    0.00   63.75
21:56:20     all    0.06    0.00   27.54    0.00    0.00    8.93    0.00    0.00    0.00   63.47
21:56:21     all    0.00    0.00   27.75    0.00    0.00    8.87    0.00    0.00    0.00   63.38
21:56:22     all    0.00    0.00   26.98    0.00    0.00    9.52    0.00    0.00    0.00   63.50
21:56:23     all    0.00    0.00   26.51    0.00    0.00    9.57    0.00    0.00    0.00   63.92
21:56:24     all    0.00    0.00   27.16    0.00    0.00    8.81    0.00    0.00    0.00   64.03
21:56:25     all    0.00    0.00   26.78    0.00    0.00    9.32    0.00    0.00    0.00   63.90
21:56:26     all    0.00    0.00   25.93    0.00    0.00    9.67    0.00    0.00    0.00   64.40
21:56:27     all    0.00    0.00   26.24    0.00    0.00    9.71    0.00    0.00    0.00   64.04
21:56:28     all    0.00    0.00   26.69    0.00    0.00    8.92    0.00    0.00    0.00   64.40
21:56:29     all    0.00    0.00   25.35    0.00    0.00   10.13    0.00    0.00    0.00   64.51
21:56:30     all    0.09    0.00   25.55    0.00    0.00   10.58    0.00    0.00    0.00   63.77
21:56:31     all    0.00    0.00   26.06    0.00    0.00    9.33    0.00    0.00    0.00   64.62
21:56:32     all    0.00    0.00   26.84    0.00    0.00    9.52    0.00    0.00    0.00   63.64
21:56:33     all    0.00    0.00   26.88    0.00    0.00    8.91    0.00    0.00    0.00   64.22
21:56:34     all    0.00    0.00   26.36    0.00    0.00   10.12    0.00    0.00    0.00   63.52
21:56:35     all    0.00    0.00   26.76    0.00    0.00    9.87    0.00    0.00    0.00   63.37
21:56:36     all    0.00    0.00   25.65    0.00    0.00    9.59    0.00    0.00    0.00   64.76
21:56:37     all    0.00    0.00   26.42    0.00    0.00    9.64    0.00    0.00    0.00   63.94
21:56:38     all    0.00    0.00   26.51    0.00    0.00    9.47    0.00    0.00    0.00   64.02
21:56:39     all    0.00    0.00   26.84    0.00    0.00    9.20    0.00    0.00    0.00   63.96
21:56:40     all    0.10    0.00   26.15    0.00    0.00    9.49    0.00    0.00    0.00   64.26
21:56:41     all    0.00    0.00   26.67    0.00    0.00    9.55    0.00    0.00    0.00   63.78
21:56:42     all    0.03    0.00   26.35    0.00    0.00    9.55    0.00    0.00    0.00   64.06
21:56:43     all    0.00    0.00   26.98    0.00    0.00    9.41    0.00    0.00    0.00   63.62
21:56:44     all    0.00    0.00   26.22    0.00    0.00    9.28    0.00    0.00    0.00   64.50
21:56:45     all    0.00    0.00   26.31    0.00    0.00    9.31    0.00    0.00    0.00   64.37
21:56:46     all    0.00    0.00   26.78    0.00    0.00    8.26    0.00    0.00    0.00   64.95
21:56:47     all    0.00    0.00   25.79    0.00    0.00    9.09    0.00    0.00    0.00   65.12
21:56:48     all    0.03    0.00   26.02    0.00    0.00    8.99    0.00    0.00    0.00   64.96
21:56:49     all    0.00    0.00   26.19    0.00    0.00    9.03    0.00    0.00    0.00   64.78
21:56:50     all    0.06    0.00   25.85    0.00    0.00    9.81    0.00    0.00    0.00   64.28
21:56:51     all    0.00    0.00   26.09    0.00    0.00    8.80    0.00    0.00    0.00   65.11
21:56:52     all    0.00    0.00   26.33    0.00    0.00    9.24    0.00    0.00    0.00   64.42
21:56:53     all    0.03    0.00   25.91    0.00    0.00    9.32    0.00    0.00    0.00   64.74
21:56:54     all    0.03    0.00   25.91    0.00    0.00    8.77    0.00    0.00    0.00   65.29
21:56:55     all    0.00    0.00   25.99    0.00    0.00    9.73    0.00    0.00    0.00   64.28
21:56:56     all    0.00    0.00   26.23    0.00    0.00    9.26    0.00    0.00    0.00   64.50
21:56:57     all    0.00    0.00   26.93    0.00    0.00    9.56    0.00    0.00    0.00   63.51
21:56:58     all    0.00    0.00   26.14    0.00    0.00    9.27    0.00    0.00    0.00   64.58
21:56:59     all    0.00    0.00   27.10    0.00    0.00    9.04    0.00    0.00    0.00   63.85
21:57:00     all    0.42    0.00   27.02    0.00    0.00    9.28    0.00    0.00    0.00   63.28
21:57:01     all    0.00    0.00   27.32    0.00    0.00    9.36    0.00    0.00    0.00   63.32
21:57:02     all    0.03    0.00   27.17    0.00    0.00    9.09    0.00    0.00    0.00   63.71
21:57:03     all    0.00    0.00   26.79    0.00    0.00    9.30    0.00    0.00    0.00   63.91
21:57:04     all    0.00    0.00   27.28    0.00    0.00    9.41    0.00    0.00    0.00   63.31
21:57:05     all    0.00    0.00   27.07    0.00    0.00    9.61    0.00    0.00    0.00   63.33
21:57:06     all    0.00    0.00   26.50    0.00    0.00    9.34    0.00    0.00    0.00   64.17
21:57:07     all    0.00    0.00   26.18    0.00    0.00    9.82    0.00    0.00    0.00   64.00
21:57:08     all    0.00    0.00   26.98    0.00    0.00    9.04    0.00    0.00    0.00   63.99
21:57:09     all    0.00    0.00   26.42    0.00    0.00    9.66    0.00    0.00    0.00   63.92
21:57:10     all    0.06    0.00   26.43    0.00    0.00    9.86    0.00    0.00    0.00   63.65
21:57:11     all    0.00    0.00   26.63    0.00    0.00    9.86    0.00    0.00    0.00   63.51
21:57:12     all    0.00    0.00   26.07    0.00    0.00    9.09    0.00    0.00    0.00   64.84
21:57:13     all    0.00    0.00   26.85    0.00    0.00    8.77    0.00    0.00    0.00   64.39
21:57:14     all    0.00    0.00   26.16    0.00    0.00    9.25    0.00    0.00    0.00   64.59
21:57:15     all    0.00    0.00   26.43    0.00    0.00    9.16    0.00    0.00    0.00   64.40
21:57:16     all    0.00    0.00   26.24    0.00    0.00    9.00    0.00    0.00    0.00   64.76
21:57:17     all    0.00    0.00   26.90    0.00    0.00    9.34    0.00    0.00    0.00   63.76
21:57:18     all    0.00    0.00   26.43    0.00    0.00    9.28    0.00    0.00    0.00   64.29
21:57:19     all    0.00    0.00   26.28    0.00    0.00    9.04    0.00    0.00    0.00   64.68
21:57:20     all    0.06    0.00   26.16    0.00    0.00    9.56    0.00    0.00    0.00   64.22
21:57:21     all    0.00    0.00   26.02    0.00    0.00    9.09    0.00    0.00    0.00   64.88
21:57:22     all    0.00    0.00   26.57    0.00    0.00    9.26    0.00    0.00    0.00   64.17
21:57:23     all    0.00    0.00   27.72    0.00    0.00    9.27    0.00    0.00    0.00   63.00
21:57:24     all    0.00    0.00   27.26    0.00    0.00    8.86    0.00    0.00    0.00   63.87
21:57:25     all    0.00    0.00   27.24    0.00    0.00    8.64    0.00    0.00    0.00   64.12
21:57:26     all    0.00    0.00   26.09    0.00    0.00    9.34    0.00    0.00    0.00   64.57
21:57:27     all    0.00    0.00   26.38    0.00    0.00    9.75    0.00    0.00    0.00   63.86
21:57:28     all    0.00    0.00   27.31    0.00    0.00    9.04    0.00    0.00    0.00   63.65
21:57:29     all    0.00    0.00   26.66    0.00    0.00    8.59    0.00    0.00    0.00   64.75
21:57:30     all    0.10    0.00   26.65    0.00    0.00    8.98    0.00    0.00    0.00   64.27
21:57:31     all    0.00    0.00   25.81    0.00    0.00    9.12    0.00    0.00    0.00   65.06
21:57:32     all    0.00    0.00   26.98    0.00    0.00    9.34    0.00    0.00    0.00   63.68
21:57:33     all    0.00    0.00   25.90    0.00    0.00    9.73    0.00    0.00    0.00   64.37
21:57:34     all    0.00    0.00   26.66    0.00    0.00    9.76    0.00    0.00    0.00   63.58
21:57:35     all    0.03    0.00   26.16    0.00    0.00    9.40    0.00    0.00    0.00   64.41
21:57:36     all    0.00    0.00   26.02    0.00    0.00    9.43    0.00    0.00    0.00   64.55
21:57:37     all    0.00    0.00   26.21    0.00    0.00    9.45    0.00    0.00    0.00   64.34
21:57:38     all    0.00    0.00   26.01    0.00    0.00    9.81    0.00    0.00    0.00   64.18
21:57:39     all    0.00    0.00   26.87    0.00    0.00    9.12    0.00    0.00    0.00   64.01
21:57:40     all    0.10    0.00   27.47    0.00    0.00    9.23    0.00    0.00    0.00   63.21
21:57:41     all    0.00    0.00   26.57    0.00    0.00    9.77    0.00    0.00    0.00   63.65
21:57:42     all    0.00    0.00   27.18    0.00    0.00    9.31    0.00    0.00    0.00   63.51
21:57:43     all    0.03    0.00   26.65    0.00    0.00    9.96    0.00    0.00    0.00   63.36
21:57:44     all    0.00    0.00   27.23    0.00    0.00    8.83    0.00    0.00    0.00   63.94
21:57:45     all    0.00    0.00   26.69    0.00    0.00    9.52    0.00    0.00    0.00   63.79
21:57:46     all    0.00    0.00   27.51    0.00    0.00    8.74    0.00    0.00    0.00   63.74
21:57:47     all    0.00    0.00   26.29    0.00    0.00   10.14    0.00    0.00    0.00   63.58
21:57:48     all    0.00    0.00   27.09    0.00    0.00    8.99    0.00    0.00    0.00   63.93
21:57:49     all    0.00    0.00   26.77    0.00    0.00    9.34    0.00    0.00    0.00   63.90
21:57:50     all    0.10    0.00   27.21    0.00    0.00    8.84    0.00    0.00    0.00   63.86
21:57:51     all    0.00    0.00   26.21    0.00    0.00    9.56    0.00    0.00    0.00   64.23
21:57:52     all    0.00    0.00   25.79    0.00    0.00    9.33    0.00    0.00    0.00   64.88
21:57:53     all    0.03    0.00   26.57    0.00    0.00    9.24    0.00    0.00    0.00   64.15
21:57:54     all    0.00    0.00   25.83    0.00    0.00    9.64    0.00    0.00    0.00   64.54
21:57:55     all    0.00    0.00   26.60    0.00    0.00    9.26    0.00    0.00    0.00   64.13
21:57:56     all    0.00    0.00   26.32    0.00    0.00    9.64    0.00    0.00    0.00   64.04
21:57:57     all    0.00    0.00   26.06    0.00    0.00    9.42    0.00    0.00    0.00   64.52
21:57:58     all    0.00    0.00   26.44    0.00    0.00    9.35    0.00    0.00    0.00   64.21
21:57:59     all    0.00    0.00   26.07    0.00    0.00    9.08    0.00    0.00    0.00   64.85
21:58:00     all    0.39    0.00   26.08    0.00    0.00    9.25    0.00    0.00    0.00   64.29
21:58:01     all    0.00    0.00   26.14    0.00    0.00    9.58    0.00    0.00    0.00   64.28
21:58:02     all    0.00    0.00   26.44    0.00    0.00    8.45    0.00    0.00    0.00   65.11
21:58:03     all    0.00    0.00   25.97    0.00    0.00    9.15    0.00    0.00    0.00   64.88
21:58:04     all    0.00    0.00   25.79    0.00    0.00    9.76    0.00    0.00    0.00   64.45
21:58:05     all    0.00    0.00   26.19    0.00    0.00    8.94    0.00    0.00    0.00   64.87
21:58:06     all    0.03    0.00   26.54    0.00    0.00    8.77    0.00    0.00    0.00   64.66
21:58:07     all    0.00    0.00   26.77    0.00    0.00    9.53    0.00    0.00    0.00   63.70
21:58:08     all    0.00    0.00   26.82    0.00    0.00    8.82    0.00    0.00    0.00   64.36
21:58:09     all    0.00    0.00   27.22    0.00    0.00    9.34    0.00    0.00    0.00   63.44
21:58:10     all    0.10    0.00   27.06    0.00    0.00    9.57    0.00    0.00    0.00   63.27
21:58:11     all    0.00    0.00   27.91    0.00    0.00    9.16    0.00    0.00    0.00   62.93
21:58:12     all    0.00    0.00   27.08    0.00    0.00    9.04    0.00    0.00    0.00   63.88
21:58:13     all    0.19    0.00   26.51    0.00    0.00    9.02    0.00    0.00    0.00   64.27
21:58:14     all    0.00    0.00   26.81    0.00    0.00    8.69    0.00    0.00    0.00   64.50
21:58:15     all    0.00    0.00   26.66    0.00    0.00    9.53    0.00    0.00    0.00   63.81
21:58:16     all    0.00    0.00   26.56    0.00    0.00    9.35    0.00    0.00    0.00   64.09
21:58:17     all    0.00    0.00   26.36    0.00    0.00    9.88    0.00    0.00    0.00   63.76
21:58:18     all    0.00    0.00   27.11    0.00    0.00    9.35    0.00    0.00    0.00   63.54
21:58:19     all    0.00    0.00   26.63    0.00    0.00   10.03    0.00    0.00    0.00   63.35
21:58:20     all    0.10    0.00   26.19    0.00    0.00   10.72    0.00    0.00    0.00   63.00
21:58:21     all    0.00    0.00   25.73    0.00    0.00    9.86    0.00    0.00    0.00   64.41
21:58:22     all    0.00    0.00   26.15    0.00    0.00    9.56    0.00    0.00    0.00   64.29
21:58:23     all    0.00    0.00   26.52    0.00    0.00    9.01    0.00    0.00    0.00   64.47
21:58:24     all    0.03    0.00   26.77    0.00    0.00    9.75    0.00    0.00    0.00   63.45
21:58:25     all    0.00    0.00   27.01    0.00    0.00    9.11    0.00    0.00    0.00   63.88
21:58:26     all    0.00    0.00   26.72    0.00    0.00    9.36    0.00    0.00    0.00   63.92
21:58:27     all    0.00    0.00   27.51    0.00    0.00    9.50    0.00    0.00    0.00   62.99
21:58:28     all    0.00    0.00   27.30    0.00    0.00    9.06    0.00    0.00    0.00   63.64
21:58:29     all    0.00    0.00   26.81    0.00    0.00    9.40    0.00    0.00    0.00   63.79
21:58:30     all    0.06    0.00   26.66    0.00    0.00    9.49    0.00    0.00    0.00   63.79
21:58:31     all    0.00    0.00   26.54    0.00    0.00    9.99    0.00    0.00    0.00   63.46
21:58:32     all    0.00    0.00   27.11    0.00    0.00    9.28    0.00    0.00    0.00   63.60
21:58:33     all    0.00    0.00   25.89    0.00    0.00   10.48    0.00    0.00    0.00   63.63
21:58:34     all    0.00    0.00   27.09    0.00    0.00    8.69    0.00    0.00    0.00   64.22
21:58:35     all    0.00    0.00   26.46    0.00    0.00    9.50    0.00    0.00    0.00   64.03
21:58:36     all    0.00    0.00   26.13    0.00    0.00    8.97    0.00    0.00    0.00   64.90
21:58:37     all    0.00    0.00   26.52    0.00    0.00    9.18    0.00    0.00    0.00   64.30
21:58:38     all    0.00    0.00   26.24    0.00    0.00    9.41    0.00    0.00    0.00   64.35
21:58:39     all    0.03    0.00   25.74    0.00    0.00    9.53    0.00    0.00    0.00   64.70
21:58:40     all    0.10    0.00   26.88    0.00    0.00    8.59    0.00    0.00    0.00   64.44
21:58:41     all    0.00    0.00   26.23    0.00    0.00    9.20    0.00    0.00    0.00   64.56
21:58:42     all    0.00    0.00   25.68    0.00    0.00    9.39    0.00    0.00    0.00   64.93
21:58:43     all    0.00    0.00   26.19    0.00    0.00    8.70    0.00    0.00    0.00   65.11
21:58:44     all    0.00    0.00   26.37    0.00    0.00    9.27    0.00    0.00    0.00   64.37
21:58:45     all    0.00    0.00   25.71    0.00    0.00    9.50    0.00    0.00    0.00   64.79
21:58:46     all    0.00    0.00   25.37    0.00    0.00    9.32    0.00    0.00    0.00   65.31
21:58:47     all    0.00    0.00   26.76    0.00    0.00    8.82    0.00    0.00    0.00   64.42
21:58:48     all    0.00    0.00   26.58    0.00    0.00    8.74    0.00    0.00    0.00   64.68
21:58:49     all    0.03    0.00   26.57    0.00    0.00    9.15    0.00    0.00    0.00   64.24
21:58:50     all    0.03    0.00   26.63    0.00    0.00    8.83    0.00    0.00    0.00   64.50
21:58:51     all    0.00    0.00   27.03    0.00    0.00    8.85    0.00    0.00    0.00   64.12
21:58:52     all    0.00    0.00   25.81    0.00    0.00    9.57    0.00    0.00    0.00   64.62
21:58:53     all    0.03    0.00   26.60    0.00    0.00    9.53    0.00    0.00    0.00   63.84
21:58:54     all    0.00    0.00   26.98    0.00    0.00    9.80    0.00    0.00    0.00   63.22
21:58:55     all    0.00    0.00   27.17    0.00    0.00    9.25    0.00    0.00    0.00   63.58
21:58:56     all    0.00    0.00   27.10    0.00    0.00    9.48    0.00    0.00    0.00   63.42
21:58:57     all    0.00    0.00   26.15    0.00    0.00    9.87    0.00    0.00    0.00   63.99
21:58:58     all    0.00    0.00   27.00    0.00    0.00    9.22    0.00    0.00    0.00   63.77
21:58:59     all    0.00    0.00   26.63    0.00    0.00    9.94    0.00    0.00    0.00   63.43
21:59:00     all    0.41    0.00   26.52    0.00    0.00   11.23    0.00    0.00    0.00   61.85
21:59:01     all    0.00    0.00   27.25    0.00    0.00    9.22    0.00    0.00    0.00   63.53
21:59:02     all    0.00    0.00   27.49    0.00    0.00    9.35    0.00    0.00    0.00   63.16
21:59:03     all    0.00    0.00   26.57    0.00    0.00    9.78    0.00    0.00    0.00   63.65
21:59:04     all    0.00    0.00   27.07    0.00    0.00    9.02    0.00    0.00    0.00   63.90
21:59:05     all    0.00    0.00   26.68    0.00    0.00    9.49    0.00    0.00    0.00   63.83
21:59:06     all    0.00    0.00   27.20    0.00    0.00    9.41    0.00    0.00    0.00   63.39
21:59:07     all    0.00    0.00   26.83    0.00    0.00    9.64    0.00    0.00    0.00   63.53
21:59:08     all    0.00    0.00   26.37    0.00    0.00    9.45    0.00    0.00    0.00   64.18
21:59:09     all    0.00    0.00   26.89    0.00    0.00    8.95    0.00    0.00    0.00   64.15
21:59:10     all    0.10    0.00   26.96    0.00    0.00    9.20    0.00    0.00    0.00   63.74
21:59:11     all    0.00    0.00   27.39    0.00    0.00    9.38    0.00    0.00    0.00   63.22
21:59:12     all    0.03    0.00   27.45    0.00    0.00    8.95    0.00    0.00    0.00   63.57
21:59:13     all    0.00    0.00   25.80    0.00    0.00    9.77    0.00    0.00    0.00   64.43
21:59:14     all    0.00    0.00   26.64    0.00    0.00    9.00    0.00    0.00    0.00   64.36
21:59:15     all    0.00    0.00   26.17    0.00    0.00    9.81    0.00    0.00    0.00   64.02
21:59:16     all    0.00    0.00   26.20    0.00    0.00   10.15    0.00    0.00    0.00   63.65
21:59:17     all    0.00    0.00   25.89    0.00    0.00    9.79    0.00    0.00    0.00   64.33
21:59:18     all    0.00    0.00   26.26    0.00    0.00    9.23    0.00    0.00    0.00   64.52
21:59:19     all    0.00    0.00   25.96    0.00    0.00   10.17    0.00    0.00    0.00   63.87
21:59:20     all    0.10    0.00   25.98    0.00    0.00   10.06    0.00    0.00    0.00   63.87
21:59:21     all    0.00    0.00   26.58    0.00    0.00    9.42    0.00    0.00    0.00   64.00
21:59:22     all    0.00    0.00   27.29    0.00    0.00    9.34    0.00    0.00    0.00   63.37
21:59:23     all    0.03    0.00   27.63    0.00    0.00    9.50    0.00    0.00    0.00   62.85
21:59:24     all    0.00    0.00   26.68    0.00    0.00    9.42    0.00    0.00    0.00   63.90
21:59:25     all    0.00    0.00   27.32    0.00    0.00    9.34    0.00    0.00    0.00   63.34
21:59:26     all    0.00    0.00   27.32    0.00    0.00    8.99    0.00    0.00    0.00   63.69
21:59:27     all    0.00    0.00   26.88    0.00    0.00    9.24    0.00    0.00    0.00   63.88
21:59:28     all    0.00    0.00   27.35    0.00    0.00    9.70    0.00    0.00    0.00   62.95
21:59:29     all    0.00    0.00   27.74    0.00    0.00    8.83    0.00    0.00    0.00   63.42
21:59:30     all    0.10    0.00   27.80    0.00    0.00    8.91    0.00    0.00    0.00   63.19
21:59:31     all    0.00    0.00   27.03    0.00    0.00    9.21    0.00    0.00    0.00   63.76
21:59:32     all    0.00    0.00   27.79    0.00    0.00    8.91    0.00    0.00    0.00   63.29
21:59:33     all    0.03    0.00   27.33    0.00    0.00    9.14    0.00    0.00    0.00   63.49
21:59:34     all    0.00    0.00   27.53    0.00    0.00    9.47    0.00    0.00    0.00   63.00
21:59:35     all    0.00    0.00   27.02    0.00    0.00    8.96    0.00    0.00    0.00   64.01
21:59:36     all    0.00    0.00   27.26    0.00    0.00    9.12    0.00    0.00    0.00   63.62
21:59:37     all    0.00    0.00   27.88    0.00    0.00    8.73    0.00    0.00    0.00   63.39
21:59:38     all    0.00    0.00   29.75    0.00    0.00    8.46    0.00    0.00    0.00   61.79
21:59:39     all    0.00    0.00   29.91    0.00    0.00    7.89    0.00    0.00    0.00   62.20
21:59:40     all    0.06    0.00   30.17    0.00    0.00    8.27    0.00    0.00    0.00   61.49
21:59:41     all    0.00    0.00   29.08    0.00    0.00    8.98    0.00    0.00    0.00   61.94
21:59:42     all    0.00    0.00   29.72    0.00    0.00    8.30    0.00    0.00    0.00   61.99
21:59:43     all    0.00    0.00   30.01    0.00    0.00    7.98    0.00    0.00    0.00   62.01
21:59:44     all    0.00    0.00   29.74    0.00    0.00    8.46    0.00    0.00    0.00   61.80
21:59:45     all    0.00    0.00   29.18    0.00    0.00    8.69    0.00    0.00    0.00   62.13
21:59:46     all    0.00    0.00   29.21    0.00    0.00    8.55    0.00    0.00    0.00   62.24
21:59:47     all    0.00    0.00   29.28    0.00    0.00    9.02    0.00    0.00    0.00   61.70
21:59:48     all    0.00    0.00   29.45    0.00    0.00    8.64    0.00    0.00    0.00   61.92
21:59:49     all    0.00    0.00   29.89    0.00    0.00    8.20    0.00    0.00    0.00   61.91
21:59:50     all    0.06    0.00   29.42    0.00    0.00    8.91    0.00    0.00    0.00   61.60
21:59:51     all    0.00    0.00   29.71    0.00    0.00    8.25    0.00    0.00    0.00   62.04
21:59:52     all    0.00    0.00   27.32    0.00    0.00    8.71    0.00    0.00    0.00   63.97
21:59:53     all    0.00    0.00   27.07    0.00    0.00    8.67    0.00    0.00    0.00   64.26
21:59:54     all    0.00    0.00   27.31    0.00    0.00    8.58    0.00    0.00    0.00   64.11
21:59:55     all    0.03    0.00   26.08    0.00    0.00    8.81    0.00    0.00    0.00   65.08
21:59:56     all    0.19    0.00   24.05    0.00    0.00    8.76    0.00    0.00    0.00   67.00
21:59:57     all    0.00    0.00   23.61    0.00    0.00    9.49    0.00    0.00    0.00   66.90
21:59:58     all    0.00    0.00   24.43    0.00    0.00    8.90    0.00    0.00    0.00   66.67
21:59:59     all    0.03    0.00   24.60    0.00    0.00    8.69    0.00    0.00    0.00   66.68
22:00:00     all    0.55    0.00   24.53    0.00    0.00    8.70    0.00    0.00    0.00   66.22
22:00:01     all    0.00    0.00   20.30    0.00    0.00    8.57    0.00    0.00    0.00   71.13
22:00:02     all    0.00    0.00   16.25    0.00    0.00    8.26    0.00    0.00    0.00   75.49
22:00:03     all    0.03    0.00   16.12    0.00    0.00    7.51    0.00    0.00    0.00   76.34
22:00:04     all    0.00    0.00   17.02    0.00    0.00    7.85    0.00    0.00    0.00   75.13
22:00:05     all    0.00    0.00   15.07    0.00    0.00    8.96    0.00    0.00    0.00   75.97
22:00:06     all    0.00    0.00   15.62    0.00    0.00    7.88    0.00    0.00    0.00   76.50
22:00:07     all    0.00    0.00   16.86    0.00    0.00    8.80    0.00    0.00    0.00   74.33
22:00:08     all    0.00    0.00   16.72    0.00    0.00    8.26    0.00    0.00    0.00   75.02
22:00:09     all    0.00    0.00   16.33    0.00    0.00    7.91    0.00    0.00    0.00   75.76
22:00:10     all    0.07    0.00   14.57    0.00    0.00    7.78    0.00    0.00    0.00   77.59
22:00:11     all    0.00    0.00   16.87    0.00    0.00    8.98    0.00    0.00    0.00   74.15
22:00:12     all    0.00    0.00   16.80    0.00    0.00    8.12    0.00    0.00    0.00   75.08
22:00:13     all    0.03    0.00   16.31    0.00    0.00    8.49    0.00    0.00    0.00   75.16
22:00:14     all    0.00    0.00   16.83    0.00    0.00    8.38    0.00    0.00    0.00   74.78
22:00:15     all    0.00    0.00   16.45    0.00    0.00    8.50    0.00    0.00    0.00   75.06

Average:     all    0.02    0.00   18.30    0.01    0.00    6.02    0.00    0.00    0.00   75.66
