Linux 4.20.0+ (eternitystorage) 	01/15/24 	_x86_64_	(32 CPU)

19:24:36     CPU    %usr   %nice    %sys %iowait    %irq   %soft  %steal  %guest  %gnice   %idle
19:24:37     all    0.03    0.00    0.00    0.00    0.00    0.00    0.00    0.00    0.00   99.97
19:24:38     all    0.00    0.00    0.03    0.00    0.00    0.00    0.00    0.00    0.00   99.97
19:24:39     all    0.00    0.00    0.44    0.00    0.00    0.03    0.00    0.00    0.00   99.53
19:24:40     all    0.09    0.00    0.94    0.00    0.00    0.03    0.00    0.00    0.00   98.94
19:24:41     all    0.00    0.00    0.44    0.00    0.00    0.03    0.00    0.00    0.00   99.53
19:24:42     all    0.00    0.00    0.69    0.00    0.00    0.00    0.00    0.00    0.00   99.31
19:24:43     all    0.00    0.00    0.09    0.00    0.00    0.03    0.00    0.00    0.00   99.88
19:24:44     all    0.00    0.00    0.00    0.00    0.00    0.00    0.00    0.00    0.00  100.00
19:24:45     all    0.00    0.00    0.00    0.00    0.00    0.00    0.00    0.00    0.00  100.00
19:24:46     all    0.00    0.00    0.00    0.00    0.00    0.00    0.00    0.00    0.00  100.00
19:24:47     all    0.00    0.00    0.00    0.00    0.00    0.00    0.00    0.00    0.00  100.00
19:24:48     all    0.00    0.00    0.00    0.00    0.00    0.00    0.00    0.00    0.00  100.00
19:24:49     all    0.00    0.00    0.00    0.00    0.00    0.00    0.00    0.00    0.00  100.00
19:24:50     all    0.12    0.00    0.06    0.00    0.00    0.03    0.00    0.00    0.00   99.78
19:24:51     all    0.03    0.00    0.03    0.00    0.00    0.00    0.00    0.00    0.00   99.94
19:24:52     all    0.00    0.00    0.00    0.00    0.00    0.00    0.00    0.00    0.00  100.00
19:24:53     all    0.00    0.00    0.00    0.00    0.00    0.00    0.00    0.00    0.00  100.00
19:24:54     all    0.00    0.00    0.00    0.00    0.00    0.00    0.00    0.00    0.00  100.00
19:24:55     all    0.03    0.00    0.00    0.00    0.00    0.00    0.00    0.00    0.00   99.97
19:24:56     all    0.00    0.00    0.31    0.00    0.00    0.00    0.00    0.00    0.00   99.69
19:24:57     all    0.00    0.00    0.88    0.00    0.00    0.00    0.00    0.00    0.00   99.12
19:24:58     all    0.00    0.00    1.54    0.00    0.00    0.09    0.00    0.00    0.00   98.36
19:24:59     all    0.00    0.00    3.11    0.00    0.00    0.22    0.00    0.00    0.00   96.67
19:25:00     all    0.09    0.00    3.21    0.00    0.00    0.38    0.00    0.00    0.00   96.31
19:25:01     all    0.28    0.00    3.64    0.00    0.00    0.25    0.00    0.00    0.00   95.83
19:25:02     all    0.00    0.00    3.61    0.00    0.00    0.19    0.00    0.00    0.00   96.20
19:25:03     all    0.00    0.00    3.12    0.00    0.00    0.16    0.00    0.00    0.00   96.72
19:25:04     all    0.00    0.00    3.64    0.00    0.00    0.28    0.00    0.00    0.00   96.08
19:25:05     all    0.00    0.00    3.34    0.00    0.00    0.25    0.00    0.00    0.00   96.41
19:25:06     all    0.00    0.00    3.57    0.00    0.00    0.28    0.00    0.00    0.00   96.14
19:25:07     all    0.00    0.00    3.72    0.00    0.00    0.22    0.00    0.00    0.00   96.06
19:25:08     all    0.00    0.00    3.43    0.00    0.00    0.16    0.00    0.00    0.00   96.42
19:25:09     all    0.00    0.00    3.06    0.00    0.00    0.28    0.00    0.00    0.00   96.66
19:25:10     all    0.06    0.00    3.06    0.00    0.00    0.28    0.00    0.00    0.00   96.59
19:25:11     all    0.00    0.00    3.09    0.00    0.00    0.22    0.00    0.00    0.00   96.69
19:25:12     all    0.00    0.00    3.27    0.00    0.00    0.25    0.00    0.00    0.00   96.48
19:25:13     all    0.00    0.00    3.15    0.00    0.00    0.25    0.00    0.00    0.00   96.60
19:25:14     all    0.00    0.00    3.49    0.00    0.00    0.25    0.00    0.00    0.00   96.26
19:25:15     all    0.00    0.00    3.06    0.00    0.00    0.13    0.00    0.00    0.00   96.81
19:25:16     all    0.00    0.00    3.49    0.00    0.00    0.25    0.00    0.00    0.00   96.26
19:25:17     all    0.00    0.00    3.12    0.00    0.00    0.16    0.00    0.00    0.00   96.72
19:25:18     all    0.00    0.00    3.09    0.00    0.00    0.22    0.00    0.00    0.00   96.69
19:25:19     all    0.00    0.00    3.33    0.00    0.00    0.13    0.00    0.00    0.00   96.54
19:25:20     all    0.09    0.00    3.28    0.00    0.00    0.13    0.00    0.00    0.00   96.50
19:25:21     all    0.00    0.00    3.34    0.00    0.00    0.16    0.00    0.00    0.00   96.51
19:25:22     all    0.00    0.00    3.45    0.00    0.00    0.31    0.00    0.00    0.00   96.23
19:25:23     all    0.00    0.00    3.40    0.00    0.00    0.16    0.00    0.00    0.00   96.45
19:25:24     all    0.00    0.00    3.15    0.00    0.00    0.19    0.00    0.00    0.00   96.66
19:25:25     all    0.00    0.00    3.12    0.00    0.00    0.06    0.00    0.00    0.00   96.81
19:25:26     all    0.00    0.00    3.39    0.00    0.00    0.25    0.00    0.00    0.00   96.36
19:25:27     all    0.00    0.00    3.58    0.00    0.00    0.19    0.00    0.00    0.00   96.24
19:25:28     all    0.00    0.00    3.24    0.00    0.00    0.31    0.00    0.00    0.00   96.45
19:25:29     all    0.00    0.00    3.21    0.00    0.00    0.19    0.00    0.00    0.00   96.60
19:25:30     all    0.09    0.00    3.21    0.00    0.00    0.19    0.00    0.00    0.00   96.50
19:25:31     all    0.00    0.00    3.27    0.00    0.00    0.19    0.00    0.00    0.00   96.54
19:25:32     all    0.00    0.00    3.45    0.00    0.00    0.19    0.00    0.00    0.00   96.36
19:25:33     all    0.00    0.00    3.15    0.00    0.00    0.25    0.00    0.00    0.00   96.60
19:25:34     all    0.00    0.00    3.30    0.00    0.00    0.22    0.00    0.00    0.00   96.48
19:25:35     all    0.00    0.00    2.81    0.00    0.00    0.22    0.00    0.00    0.00   96.97
19:25:36     all    0.00    0.00    3.27    0.00    0.00    0.13    0.00    0.00    0.00   96.60
19:25:37     all    0.03    0.00    3.08    0.00    0.00    0.28    0.00    0.00    0.00   96.60
19:25:38     all    0.00    0.00    3.40    0.00    0.00    0.16    0.00    0.00    0.00   96.45
19:25:39     all    0.00    0.00    3.30    0.00    0.00    0.25    0.00    0.00    0.00   96.45
19:25:40     all    0.03    0.00    3.37    0.00    0.00    0.19    0.00    0.00    0.00   96.41
19:25:41     all    0.00    0.00    3.30    0.00    0.00    0.28    0.00    0.00    0.00   96.42
19:25:42     all    0.00    0.00    3.15    0.00    0.00    0.16    0.00    0.00    0.00   96.69
19:25:43     all    0.03    0.00    2.81    0.00    0.00    0.19    0.00    0.00    0.00   96.97
19:25:44     all    0.00    0.00    3.09    0.00    0.00    0.19    0.00    0.00    0.00   96.72
19:25:45     all    0.00    0.00    3.46    0.00    0.00    0.16    0.00    0.00    0.00   96.39
19:25:46     all    0.00    0.00    3.49    0.00    0.00    0.19    0.00    0.00    0.00   96.33
19:25:47     all    0.00    0.00    3.19    0.00    0.00    0.16    0.00    0.00    0.00   96.66
19:25:48     all    0.19    0.00    3.45    0.00    0.00    0.19    0.00    0.00    0.00   96.17
19:25:49     all    0.00    0.00    3.21    0.00    0.00    0.19    0.00    0.00    0.00   96.60
19:25:50     all    0.03    0.00    3.67    0.00    0.00    0.34    0.00    0.00    0.00   95.96
19:25:51     all    0.06    0.00    3.12    0.00    0.00    0.28    0.00    0.00    0.00   96.54
19:25:52     all    0.00    0.00    3.58    0.00    0.00    0.19    0.00    0.00    0.00   96.23
19:25:53     all    0.00    0.00    3.27    0.00    0.00    0.16    0.00    0.00    0.00   96.57
19:25:54     all    0.00    0.00    3.51    0.00    0.00    0.25    0.00    0.00    0.00   96.24
19:25:55     all    0.00    0.00    3.21    0.00    0.00    0.19    0.00    0.00    0.00   96.60
19:25:56     all    0.00    0.00    3.27    0.00    0.00    0.22    0.00    0.00    0.00   96.51
19:25:57     all    0.00    0.00    3.12    0.00    0.00    0.22    0.00    0.00    0.00   96.66
19:25:58     all    0.00    0.00    3.08    0.00    0.00    0.25    0.00    0.00    0.00   96.67
19:25:59     all    0.00    0.00    3.18    0.00    0.00    0.16    0.00    0.00    0.00   96.67
19:26:00     all    0.16    0.00    3.45    0.00    0.00    0.38    0.00    0.00    0.00   96.02
19:26:01     all    0.22    0.00    3.33    0.00    0.00    0.22    0.00    0.00    0.00   96.23
19:26:02     all    0.00    0.00    3.12    0.00    0.00    0.19    0.00    0.00    0.00   96.69
19:26:03     all    0.00    0.00    2.99    0.00    0.00    0.28    0.00    0.00    0.00   96.72
19:26:04     all    0.00    0.00    3.00    0.00    0.00    0.16    0.00    0.00    0.00   96.85
19:26:05     all    0.00    0.00    3.21    0.00    0.00    0.22    0.00    0.00    0.00   96.57
19:26:06     all    0.03    0.00    3.51    0.00    0.00    0.28    0.00    0.00    0.00   96.18
19:26:07     all    0.00    0.00    3.06    0.00    0.00    0.16    0.00    0.00    0.00   96.78
19:26:08     all    0.00    0.00    3.09    0.00    0.00    0.13    0.00    0.00    0.00   96.78
19:26:09     all    0.00    0.00    3.06    0.00    0.00    0.22    0.00    0.00    0.00   96.72
19:26:10     all    0.03    0.00    3.49    0.00    0.00    0.22    0.00    0.00    0.00   96.26
19:26:11     all    0.03    0.00    3.40    0.00    0.00    0.16    0.00    0.00    0.00   96.41
19:26:12     all    0.00    0.00    3.39    0.00    0.00    0.28    0.00    0.00    0.00   96.33
19:26:13     all    0.00    0.00    3.15    0.00    0.00    0.25    0.00    0.00    0.00   96.60
19:26:14     all    0.00    0.00    3.67    0.00    0.00    0.25    0.00    0.00    0.00   96.08
19:26:15     all    0.00    0.00    3.52    0.00    0.00    0.16    0.00    0.00    0.00   96.32
19:26:16     all    0.00    0.00    3.42    0.00    0.00    0.28    0.00    0.00    0.00   96.29
19:26:17     all    0.00    0.00    3.21    0.00    0.00    0.22    0.00    0.00    0.00   96.57
19:26:18     all    0.00    0.00    3.27    0.00    0.00    0.19    0.00    0.00    0.00   96.54
19:26:19     all    0.22    0.00    3.30    0.00    0.00    0.22    0.00    0.00    0.00   96.26
19:26:20     all    0.06    0.00    3.22    0.00    0.00    0.16    0.00    0.00    0.00   96.56
19:26:21     all    0.00    0.00    3.33    0.00    0.00    0.28    0.00    0.00    0.00   96.39
19:26:22     all    0.00    0.00    3.46    0.00    0.00    0.19    0.00    0.00    0.00   96.36
19:26:23     all    0.00    0.00    3.42    0.00    0.00    0.19    0.00    0.00    0.00   96.39
19:26:24     all    0.00    0.00    3.27    0.00    0.00    0.22    0.00    0.00    0.00   96.51
19:26:25     all    0.00    0.00    3.54    0.00    0.00    0.28    0.00    0.00    0.00   96.18
19:26:26     all    0.00    0.00    3.48    0.00    0.00    0.19    0.00    0.00    0.00   96.33
19:26:27     all    0.00    0.00    3.54    0.00    0.00    0.22    0.00    0.00    0.00   96.24
19:26:28     all    0.00    0.00    3.36    0.00    0.00    0.22    0.00    0.00    0.00   96.42
19:26:29     all    0.00    0.00    3.33    0.00    0.00    0.22    0.00    0.00    0.00   96.45
19:26:30     all    0.09    0.00    3.46    0.00    0.00    0.22    0.00    0.00    0.00   96.23
19:26:31     all    0.03    0.00    3.03    0.00    0.00    0.19    0.00    0.00    0.00   96.75
19:26:32     all    0.00    0.00    3.09    0.00    0.00    0.13    0.00    0.00    0.00   96.79
19:26:33     all    0.00    0.00    3.15    0.00    0.00    0.22    0.00    0.00    0.00   96.63
19:26:34     all    0.00    0.00    2.85    0.00    0.00    0.16    0.00    0.00    0.00   97.00
19:26:35     all    0.00    0.00    2.71    0.00    0.00    0.28    0.00    0.00    0.00   97.01
19:26:36     all    0.00    0.00    2.53    0.00    0.00    0.19    0.00    0.00    0.00   97.28
19:26:37     all    0.00    0.00    3.45    0.00    0.00    0.22    0.00    0.00    0.00   96.33
19:26:38     all    0.00    0.00    3.48    0.00    0.00    0.25    0.00    0.00    0.00   96.26
19:26:39     all    0.00    0.00    3.31    0.00    0.00    0.09    0.00    0.00    0.00   96.60
19:26:40     all    0.06    0.00    3.28    0.00    0.00    0.09    0.00    0.00    0.00   96.56
19:26:41     all    0.00    0.00    3.34    0.00    0.00    0.22    0.00    0.00    0.00   96.44
19:26:42     all    0.00    0.00    3.06    0.00    0.00    0.35    0.00    0.00    0.00   96.60
19:26:43     all    0.00    0.00    3.18    0.00    0.00    0.19    0.00    0.00    0.00   96.63
19:26:44     all    0.00    0.00    3.31    0.00    0.00    0.13    0.00    0.00    0.00   96.57
19:26:45     all    0.00    0.00    3.36    0.00    0.00    0.25    0.00    0.00    0.00   96.38
19:26:46     all    0.03    0.00    3.30    0.00    0.00    0.25    0.00    0.00    0.00   96.42
19:26:47     all    0.00    0.00    3.42    0.00    0.00    0.22    0.00    0.00    0.00   96.36
19:26:48     all    0.00    0.00    3.15    0.00    0.00    0.25    0.00    0.00    0.00   96.60
19:26:49     all    0.00    0.00    3.39    0.00    0.00    0.22    0.00    0.00    0.00   96.39
19:26:50     all    0.09    0.00    3.46    0.00    0.00    0.19    0.00    0.00    0.00   96.26
19:26:51     all    0.00    0.00    3.21    0.00    0.00    0.22    0.00    0.00    0.00   96.57
19:26:52     all    0.00    0.00    3.06    0.00    0.00    0.19    0.00    0.00    0.00   96.75
19:26:53     all    0.00    0.00    3.03    0.00    0.00    0.28    0.00    0.00    0.00   96.69
19:26:54     all    0.00    0.00    3.36    0.00    0.00    0.25    0.00    0.00    0.00   96.39
19:26:55     all    0.00    0.00    3.03    0.00    0.00    0.22    0.00    0.00    0.00   96.75
19:26:56     all    0.00    0.00    3.33    0.00    0.00    0.16    0.00    0.00    0.00   96.51
19:26:57     all    0.03    0.00    2.93    0.00    0.00    0.22    0.00    0.00    0.00   96.81
19:26:58     all    0.00    0.00    3.15    0.00    0.00    0.22    0.00    0.00    0.00   96.63
19:26:59     all    0.00    0.00    2.93    0.00    0.00    0.19    0.00    0.00    0.00   96.88
19:27:00     all    0.19    0.00    3.33    0.00    0.00    0.22    0.00    0.00    0.00   96.26
19:27:01     all    0.22    0.00    3.37    0.00    0.00    0.13    0.00    0.00    0.00   96.29
19:27:02     all    0.00    0.00    3.27    0.00    0.00    0.22    0.00    0.00    0.00   96.51
19:27:03     all    0.00    0.00    3.33    0.00    0.00    0.28    0.00    0.00    0.00   96.39
19:27:04     all    0.00    0.00    3.36    0.00    0.00    0.19    0.00    0.00    0.00   96.45
19:27:05     all    0.00    0.00    3.30    0.00    0.00    0.31    0.00    0.00    0.00   96.39
19:27:06     all    0.00    0.00    3.27    0.00    0.00    0.16    0.00    0.00    0.00   96.57
19:27:07     all    0.00    0.00    3.31    0.00    0.00    0.13    0.00    0.00    0.00   96.57
19:27:08     all    0.00    0.00    3.21    0.00    0.00    0.19    0.00    0.00    0.00   96.60
19:27:09     all    0.00    0.00    3.24    0.00    0.00    0.25    0.00    0.00    0.00   96.51
19:27:10     all    0.06    0.00    3.55    0.00    0.00    0.13    0.00    0.00    0.00   96.26
19:27:11     all    0.00    0.00    3.52    0.00    0.00    0.19    0.00    0.00    0.00   96.29
19:27:12     all    0.00    0.00    3.12    0.00    0.00    0.22    0.00    0.00    0.00   96.66
19:27:13     all    0.00    0.00    3.43    0.00    0.00    0.25    0.00    0.00    0.00   96.32
19:27:14     all    0.00    0.00    3.08    0.00    0.00    0.16    0.00    0.00    0.00   96.76
19:27:15     all    0.00    0.00    3.36    0.00    0.00    0.31    0.00    0.00    0.00   96.33
19:27:16     all    0.03    0.00    3.09    0.00    0.00    0.19    0.00    0.00    0.00   96.69
19:27:17     all    0.00    0.00    3.21    0.00    0.00    0.22    0.00    0.00    0.00   96.57
19:27:18     all    0.00    0.00    3.55    0.00    0.00    0.22    0.00    0.00    0.00   96.23
19:27:19     all    0.03    0.00    3.39    0.00    0.00    0.19    0.00    0.00    0.00   96.39
19:27:20     all    0.06    0.00    3.09    0.00    0.00    0.25    0.00    0.00    0.00   96.60
19:27:21     all    0.00    0.00    3.09    0.00    0.00    0.13    0.00    0.00    0.00   96.78
19:27:22     all    0.00    0.00    2.96    0.00    0.00    0.19    0.00    0.00    0.00   96.85
19:27:23     all    0.00    0.00    3.15    0.00    0.00    0.25    0.00    0.00    0.00   96.60
19:27:24     all    0.00    0.00    3.05    0.00    0.00    0.35    0.00    0.00    0.00   96.60
19:27:25     all    0.00    0.00    3.76    0.00    0.00    0.16    0.00    0.00    0.00   96.09
19:27:26     all    0.03    0.00    3.09    0.00    0.00    0.22    0.00    0.00    0.00   96.66
19:27:27     all    0.00    0.00    3.24    0.00    0.00    0.25    0.00    0.00    0.00   96.51
19:27:28     all    0.00    0.00    3.67    0.00    0.00    0.22    0.00    0.00    0.00   96.11
19:27:29     all    0.00    0.00    3.12    0.00    0.00    0.25    0.00    0.00    0.00   96.63
19:27:30     all    0.06    0.00    3.28    0.00    0.00    0.16    0.00    0.00    0.00   96.50
19:27:31     all    0.03    0.00    3.30    0.00    0.00    0.31    0.00    0.00    0.00   96.35
19:27:32     all    0.00    0.00    3.12    0.00    0.00    0.22    0.00    0.00    0.00   96.66
19:27:33     all    0.00    0.00    3.15    0.00    0.00    0.19    0.00    0.00    0.00   96.66
19:27:34     all    0.00    0.00    3.18    0.00    0.00    0.19    0.00    0.00    0.00   96.63
19:27:35     all    0.00    0.00    3.12    0.00    0.00    0.19    0.00    0.00    0.00   96.69
19:27:36     all    0.00    0.00    2.97    0.00    0.00    0.25    0.00    0.00    0.00   96.78
19:27:37     all    0.00    0.00    3.51    0.00    0.00    0.28    0.00    0.00    0.00   96.20
19:27:38     all    0.00    0.00    3.18    0.00    0.00    0.22    0.00    0.00    0.00   96.60
19:27:39     all    0.00    0.00    3.15    0.00    0.00    0.19    0.00    0.00    0.00   96.66
19:27:40     all    0.06    0.00    3.06    0.00    0.00    0.25    0.00    0.00    0.00   96.63
19:27:41     all    0.03    0.00    3.64    0.00    0.00    0.13    0.00    0.00    0.00   96.20
19:27:42     all    0.00    0.00    3.45    0.00    0.00    0.22    0.00    0.00    0.00   96.33
19:27:43     all    0.00    0.00    3.09    0.00    0.00    0.16    0.00    0.00    0.00   96.75
19:27:44     all    0.00    0.00    3.36    0.00    0.00    0.19    0.00    0.00    0.00   96.45
19:27:45     all    0.00    0.00    3.36    0.00    0.00    0.22    0.00    0.00    0.00   96.42
19:27:46     all    0.00    0.00    3.24    0.00    0.00    0.16    0.00    0.00    0.00   96.60
19:27:47     all    0.00    0.00    3.33    0.00    0.00    0.19    0.00    0.00    0.00   96.48
19:27:48     all    0.22    0.00    3.24    0.00    0.00    0.22    0.00    0.00    0.00   96.32
19:27:49     all    0.00    0.00    3.52    0.00    0.00    0.22    0.00    0.00    0.00   96.26
19:27:50     all    0.09    0.00    3.36    0.00    0.00    0.25    0.00    0.00    0.00   96.29
19:27:51     all    0.03    0.00    3.55    0.00    0.00    0.16    0.00    0.00    0.00   96.26
19:27:52     all    0.00    0.00    3.49    0.00    0.00    0.16    0.00    0.00    0.00   96.35
19:27:53     all    0.00    0.00    3.09    0.00    0.00    0.19    0.00    0.00    0.00   96.72
19:27:54     all    0.00    0.00    3.55    0.00    0.00    0.25    0.00    0.00    0.00   96.20
19:27:55     all    0.00    0.00    3.67    0.00    0.00    0.16    0.00    0.00    0.00   96.17
19:27:56     all    0.00    0.00    3.18    0.00    0.00    0.19    0.00    0.00    0.00   96.63
19:27:57     all    0.00    0.00    3.12    0.00    0.00    0.22    0.00    0.00    0.00   96.66
19:27:58     all    0.00    0.00    3.30    0.00    0.00    0.25    0.00    0.00    0.00   96.45
19:27:59     all    0.00    0.00    3.51    0.00    0.00    0.25    0.00    0.00    0.00   96.24
19:28:00     all    0.16    0.00    3.27    0.00    0.00    0.28    0.00    0.00    0.00   96.29
19:28:01     all    0.19    0.00    3.31    0.00    0.00    0.19    0.00    0.00    0.00   96.32
19:28:02     all    0.00    0.00    3.40    0.00    0.00    0.16    0.00    0.00    0.00   96.45
19:28:03     all    0.00    0.00    3.48    0.00    0.00    0.25    0.00    0.00    0.00   96.27
19:28:04     all    0.00    0.00    3.45    0.00    0.00    0.22    0.00    0.00    0.00   96.33
19:28:05     all    0.00    0.00    3.42    0.00    0.00    0.22    0.00    0.00    0.00   96.36
19:28:06     all    0.00    0.00    3.42    0.00    0.00    0.25    0.00    0.00    0.00   96.33
19:28:07     all    0.00    0.00    3.00    0.00    0.00    0.19    0.00    0.00    0.00   96.81
19:28:08     all    0.00    0.00    3.08    0.00    0.00    0.25    0.00    0.00    0.00   96.66
19:28:09     all    0.00    0.00    3.55    0.00    0.00    0.19    0.00    0.00    0.00   96.27
19:28:10     all    0.09    0.00    3.33    0.00    0.00    0.28    0.00    0.00    0.00   96.29
19:28:11     all    0.00    0.00    3.30    0.00    0.00    0.22    0.00    0.00    0.00   96.48
19:28:12     all    0.00    0.00    3.33    0.00    0.00    0.19    0.00    0.00    0.00   96.48
19:28:13     all    0.00    0.00    3.27    0.00    0.00    0.19    0.00    0.00    0.00   96.54
19:28:14     all    0.00    0.00    3.03    0.00    0.00    0.25    0.00    0.00    0.00   96.72
19:28:15     all    0.00    0.00    2.86    0.00    0.00    0.06    0.00    0.00    0.00   97.07
19:28:16     all    0.00    0.00    2.68    0.00    0.00    0.19    0.00    0.00    0.00   97.13
19:28:17     all    0.00    0.00    4.35    0.00    0.00    1.84    0.00    0.00    0.00   93.82
19:28:18     all    0.00    0.00    6.21    0.00    0.00    3.51    0.00    0.00    0.00   90.28
19:28:19     all    0.00    0.00   13.17    0.00    0.00    5.88    0.00    0.00    0.00   80.94
19:28:20     all    0.03    0.00   14.93    0.00    0.00    6.02    0.00    0.00    0.00   79.02
19:28:21     all    0.00    0.00   18.88    0.00    0.00    7.42    0.00    0.00    0.00   73.70
19:28:22     all    0.00    0.00   19.11    0.00    0.00    6.95    0.00    0.00    0.00   73.94
19:28:23     all    0.00    0.00   18.34    0.00    0.00    7.58    0.00    0.00    0.00   74.08
19:28:24     all    0.00    0.00   19.21    0.00    0.00    6.95    0.00    0.00    0.00   73.84
19:28:25     all    0.00    0.00   19.04    0.00    0.00    7.26    0.00    0.00    0.00   73.69
19:28:26     all    0.00    0.00   18.53    0.00    0.00    7.57    0.00    0.00    0.00   73.90
19:28:27     all    0.00    0.00   19.24    0.00    0.00    6.93    0.00    0.00    0.00   73.83
19:28:28     all    0.03    0.00   18.73    0.00    0.00    7.22    0.00    0.00    0.00   74.02
19:28:29     all    0.26    0.00   18.35    0.00    0.00    7.09    0.00    0.00    0.00   74.30
19:28:30     all    0.03    0.00   18.82    0.00    0.00    6.83    0.00    0.00    0.00   74.31
19:28:31     all    0.00    0.00   19.21    0.00    0.00    7.41    0.00    0.00    0.00   73.37
19:28:32     all    0.00    0.00   18.10    0.00    0.00    7.62    0.00    0.00    0.00   74.28
19:28:33     all    0.00    0.00   18.52    0.00    0.00    6.66    0.00    0.00    0.00   74.82
19:28:34     all    0.00    0.00   18.92    0.00    0.00    7.09    0.00    0.00    0.00   73.99
19:28:35     all    0.03    0.00   18.40    0.00    0.00    7.52    0.00    0.00    0.00   74.04
19:28:36     all    0.00    0.00   18.17    0.00    0.00    7.12    0.00    0.00    0.00   74.71
19:28:37     all    0.00    0.00   21.69    0.00    0.00    7.42    0.00    0.00    0.00   70.89
19:28:38     all    0.00    0.00   20.08    0.00    0.00    8.06    0.00    0.00    0.00   71.86
19:28:39     all    0.00    0.00   24.24    0.00    0.00    8.74    0.00    0.00    0.00   67.01
19:28:40     all    0.06    0.00   24.43    0.00    0.00    8.71    0.00    0.00    0.00   66.80
19:28:41     all    0.00    0.00   23.61    0.00    0.00    9.03    0.00    0.00    0.00   67.36
19:28:42     all    0.00    0.00   24.63    0.00    0.00    9.63    0.00    0.00    0.00   65.74
19:28:43     all    0.03    0.00   25.46    0.00    0.00    9.84    0.00    0.00    0.00   64.68
19:28:44     all    0.00    0.00   24.22    0.00    0.00   10.59    0.00    0.00    0.00   65.19
19:28:45     all    0.00    0.00   26.07    0.00    0.00    9.45    0.00    0.00    0.00   64.48
19:28:46     all    0.00    0.00   25.69    0.00    0.00    9.47    0.00    0.00    0.00   64.84
19:28:47     all    0.00    0.00   25.51    0.00    0.00   10.13    0.00    0.00    0.00   64.35
19:28:48     all    0.00    0.00   26.52    0.00    0.00    8.56    0.00    0.00    0.00   64.92
19:28:49     all    0.00    0.00   26.12    0.00    0.00    9.13    0.00    0.00    0.00   64.75
19:28:50     all    0.06    0.00   25.27    0.00    0.00    9.68    0.00    0.00    0.00   64.99
19:28:51     all    0.00    0.00   25.15    0.00    0.00    9.49    0.00    0.00    0.00   65.36
19:28:52     all    0.00    0.00   25.80    0.00    0.00    9.09    0.00    0.00    0.00   65.11
19:28:53     all    0.00    0.00   26.00    0.00    0.00    9.00    0.00    0.00    0.00   65.00
19:28:54     all    0.00    0.00   26.69    0.00    0.00    8.85    0.00    0.00    0.00   64.46
19:28:55     all    0.00    0.00   25.88    0.00    0.00    9.51    0.00    0.00    0.00   64.61
19:28:56     all    0.00    0.00   25.33    0.00    0.00    9.87    0.00    0.00    0.00   64.80
19:28:57     all    0.00    0.00   26.29    0.00    0.00    9.12    0.00    0.00    0.00   64.59
19:28:58     all    0.00    0.00   25.92    0.00    0.00    9.57    0.00    0.00    0.00   64.52
19:28:59     all    0.00    0.00   25.34    0.00    0.00   10.17    0.00    0.00    0.00   64.49
19:29:00     all    0.19    0.00   26.16    0.00    0.00    9.46    0.00    0.00    0.00   64.19
19:29:01     all    0.13    0.00   26.86    0.00    0.00    8.60    0.00    0.00    0.00   64.41
19:29:02     all    0.00    0.00   26.07    0.00    0.00    9.78    0.00    0.00    0.00   64.15
19:29:03     all    0.00    0.00   25.74    0.00    0.00    9.81    0.00    0.00    0.00   64.46
19:29:04     all    0.00    0.00   25.94    0.00    0.00    9.93    0.00    0.00    0.00   64.14
19:29:05     all    0.00    0.00   26.30    0.00    0.00    9.40    0.00    0.00    0.00   64.30
19:29:06     all    0.00    0.00   25.67    0.00    0.00    9.77    0.00    0.00    0.00   64.56
19:29:07     all    0.00    0.00   26.15    0.00    0.00    9.41    0.00    0.00    0.00   64.45
19:29:08     all    0.00    0.00   26.56    0.00    0.00    9.46    0.00    0.00    0.00   63.97
19:29:09     all    0.00    0.00   27.53    0.00    0.00    8.72    0.00    0.00    0.00   63.75
19:29:10     all    0.06    0.00   26.65    0.00    0.00    9.69    0.00    0.00    0.00   63.60
19:29:11     all    0.00    0.00   27.10    0.00    0.00    9.34    0.00    0.00    0.00   63.55
19:29:12     all    0.00    0.00   26.88    0.00    0.00    8.96    0.00    0.00    0.00   64.17
19:29:13     all    0.00    0.00   26.73    0.00    0.00    9.03    0.00    0.00    0.00   64.24
19:29:14     all    0.00    0.00   26.68    0.00    0.00    9.60    0.00    0.00    0.00   63.72
19:29:15     all    0.00    0.00   26.99    0.00    0.00    9.11    0.00    0.00    0.00   63.90
19:29:16     all    0.00    0.00   26.71    0.00    0.00    8.80    0.00    0.00    0.00   64.49
19:29:17     all    0.00    0.00   26.72    0.00    0.00    9.22    0.00    0.00    0.00   64.06
19:29:18     all    0.00    0.00   26.32    0.00    0.00    9.79    0.00    0.00    0.00   63.89
19:29:19     all    0.00    0.00   26.81    0.00    0.00    9.44    0.00    0.00    0.00   63.74
19:29:20     all    0.10    0.00   26.92    0.00    0.00    8.95    0.00    0.00    0.00   64.03
19:29:21     all    0.00    0.00   26.62    0.00    0.00    9.70    0.00    0.00    0.00   63.68
19:29:22     all    0.00    0.00   26.51    0.00    0.00    9.38    0.00    0.00    0.00   64.11
19:29:23     all    0.00    0.00   27.01    0.00    0.00    8.83    0.00    0.00    0.00   64.15
19:29:24     all    0.00    0.00   26.89    0.00    0.00    8.97    0.00    0.00    0.00   64.14
19:29:25     all    0.00    0.00   27.18    0.00    0.00    9.07    0.00    0.00    0.00   63.75
19:29:26     all    0.00    0.00   27.17    0.00    0.00    8.79    0.00    0.00    0.00   64.04
19:29:27     all    0.00    0.00   26.46    0.00    0.00    9.92    0.00    0.00    0.00   63.62
19:29:28     all    0.00    0.00   26.32    0.00    0.00    9.83    0.00    0.00    0.00   63.85
19:29:29     all    0.00    0.00   26.81    0.00    0.00    9.08    0.00    0.00    0.00   64.11
19:29:30     all    0.10    0.00   27.34    0.00    0.00    9.13    0.00    0.00    0.00   63.43
19:29:31     all    0.00    0.00   26.82    0.00    0.00   11.03    0.00    0.00    0.00   62.16
19:29:32     all    0.00    0.00   27.36    0.00    0.00    9.01    0.00    0.00    0.00   63.63
19:29:33     all    0.00    0.00   26.42    0.00    0.00    9.56    0.00    0.00    0.00   64.02
19:29:34     all    0.00    0.00   27.03    0.00    0.00    9.95    0.00    0.00    0.00   63.02
19:29:35     all    0.00    0.00   26.88    0.00    0.00    9.34    0.00    0.00    0.00   63.78
19:29:36     all    0.00    0.00   26.93    0.00    0.00    9.45    0.00    0.00    0.00   63.62
19:29:37     all    0.00    0.00   27.10    0.00    0.00    9.14    0.00    0.00    0.00   63.76
19:29:38     all    0.00    0.00   27.26    0.00    0.00    9.13    0.00    0.00    0.00   63.61
19:29:39     all    0.00    0.00   27.23    0.00    0.00    8.92    0.00    0.00    0.00   63.86
19:29:40     all    0.10    0.00   26.71    0.00    0.00    9.77    0.00    0.00    0.00   63.42
19:29:41     all    0.00    0.00   26.38    0.00    0.00    9.44    0.00    0.00    0.00   64.18
19:29:42     all    0.00    0.00   27.21    0.00    0.00    9.46    0.00    0.00    0.00   63.33
19:29:43     all    0.00    0.00   26.30    0.00    0.00   10.58    0.00    0.00    0.00   63.12
19:29:44     all    0.00    0.00   26.77    0.00    0.00   10.04    0.00    0.00    0.00   63.19
19:29:45     all    0.00    0.00   26.94    0.00    0.00    9.36    0.00    0.00    0.00   63.69
19:29:46     all    0.00    0.00   27.07    0.00    0.00    9.65    0.00    0.00    0.00   63.28
19:29:47     all    0.00    0.00   26.46    0.00    0.00   10.84    0.00    0.00    0.00   62.69
19:29:48     all    0.19    0.00   26.57    0.00    0.00    8.83    0.00    0.00    0.00   64.41
19:29:49     all    0.00    0.00   27.49    0.00    0.00    9.28    0.00    0.00    0.00   63.23
19:29:50     all    0.10    0.00   27.31    0.00    0.00    9.26    0.00    0.00    0.00   63.33
19:29:51     all    0.00    0.00   27.18    0.00    0.00    9.59    0.00    0.00    0.00   63.22
19:29:52     all    0.00    0.00   26.69    0.00    0.00    9.09    0.00    0.00    0.00   64.22
19:29:53     all    0.00    0.00   26.56    0.00    0.00   10.04    0.00    0.00    0.00   63.39
19:29:54     all    0.00    0.00   26.54    0.00    0.00    9.86    0.00    0.00    0.00   63.60
19:29:55     all    0.00    0.00   27.10    0.00    0.00    9.49    0.00    0.00    0.00   63.41
19:29:56     all    0.00    0.00   26.67    0.00    0.00    9.49    0.00    0.00    0.00   63.84
19:29:57     all    0.00    0.00   26.53    0.00    0.00    9.74    0.00    0.00    0.00   63.73
19:29:58     all    0.00    0.00   25.80    0.00    0.00    9.75    0.00    0.00    0.00   64.45
19:29:59     all    0.03    0.00   27.02    0.00    0.00    9.58    0.00    0.00    0.00   63.37
19:30:00     all    0.19    0.00   26.96    0.00    0.00    9.12    0.00    0.00    0.00   63.72
19:30:01     all    0.16    0.00   26.52    0.00    0.00    9.16    0.00    0.00    0.00   64.15
19:30:02     all    0.00    0.00   27.49    0.00    0.00    9.02    0.00    0.00    0.00   63.49
19:30:03     all    0.00    0.00   26.85    0.00    0.00    9.64    0.00    0.00    0.00   63.51
19:30:04     all    0.00    0.00   26.92    0.00    0.00    9.59    0.00    0.00    0.00   63.49
19:30:05     all    0.00    0.00   26.57    0.00    0.00    9.09    0.00    0.00    0.00   64.34
19:30:06     all    0.00    0.00   26.58    0.00    0.00    9.71    0.00    0.00    0.00   63.71
19:30:07     all    0.00    0.00   27.17    0.00    0.00    9.36    0.00    0.00    0.00   63.47
19:30:08     all    0.00    0.00   27.21    0.00    0.00    9.24    0.00    0.00    0.00   63.54
19:30:09     all    0.00    0.00   26.37    0.00    0.00    9.54    0.00    0.00    0.00   64.09
19:30:10     all    0.10    0.00   26.85    0.00    0.00    9.16    0.00    0.00    0.00   63.90
19:30:11     all    0.00    0.00   27.03    0.00    0.00    9.14    0.00    0.00    0.00   63.84
19:30:12     all    0.00    0.00   24.95    0.00    0.00    9.51    0.00    0.00    0.00   65.54
19:30:13     all    0.00    0.00   24.25    0.00    0.00    9.54    0.00    0.00    0.00   66.22
19:30:14     all    0.00    0.00   23.88    0.00    0.00    9.69    0.00    0.00    0.00   66.43
19:30:15     all    0.00    0.00   24.31    0.00    0.00    9.62    0.00    0.00    0.00   66.07
19:30:16     all    0.00    0.00   23.99    0.00    0.00    9.12    0.00    0.00    0.00   66.89
19:30:17     all    0.00    0.00   23.76    0.00    0.00    9.72    0.00    0.00    0.00   66.52
19:30:18     all    0.00    0.00   23.68    0.00    0.00    9.15    0.00    0.00    0.00   67.17
19:30:19     all    0.00    0.00   22.19    0.00    0.00    8.82    0.00    0.00    0.00   69.00
19:30:20     all    0.03    0.00   17.59    0.00    0.00    8.88    0.00    0.00    0.00   73.50
19:30:21     all    0.03    0.00   15.00    0.00    0.00    7.81    0.00    0.00    0.00   77.16
19:30:22     all    0.00    0.00   14.96    0.00    0.00    7.76    0.00    0.00    0.00   77.28
19:30:23     all    0.00    0.00   11.84    0.00    0.00    6.23    0.00    0.00    0.00   81.93
19:30:24     all    0.00    0.00    8.89    0.00    0.00    5.44    0.00    0.00    0.00   85.68
19:30:25     all    0.00    0.00    8.65    0.00    0.00    5.04    0.00    0.00    0.00   86.30
19:30:26     all    0.00    0.00    8.76    0.00    0.00    5.24    0.00    0.00    0.00   86.00
19:30:27     all    0.00    0.00    8.93    0.00    0.00    4.79    0.00    0.00    0.00   86.27
19:30:28     all    0.00    0.00    9.31    0.00    0.00    4.74    0.00    0.00    0.00   85.96
19:30:29     all    0.00    0.00    8.71    0.00    0.00    5.34    0.00    0.00    0.00   85.95
19:30:30     all    0.06    0.00    9.30    0.00    0.00    5.25    0.00    0.00    0.00   85.39
19:30:31     all    0.03    0.00    8.69    0.00    0.00    5.44    0.00    0.00    0.00   85.84
19:30:32     all    0.00    0.00    9.45    0.00    0.00    5.37    0.00    0.00    0.00   85.17
19:30:33     all    0.00    0.00    8.90    0.00    0.00    5.57    0.00    0.00    0.00   85.53
19:30:34     all    0.00    0.00    9.24    0.00    0.00    5.30    0.00    0.00    0.00   85.45
19:30:35     all    0.00    0.00   12.89    0.00    0.00    7.03    0.00    0.00    0.00   80.08
19:30:36     all    0.00    0.00   18.83    0.00    0.00    8.54    0.00    0.00    0.00   72.63
19:30:37     all    0.00    0.00   21.67    0.00    0.00    8.66    0.00    0.00    0.00   69.66
19:30:38     all    0.00    0.00   20.68    0.00    0.00    8.64    0.00    0.00    0.00   70.68
19:30:39     all    0.13    0.00   20.54    0.00    0.00    9.06    0.00    0.00    0.00   70.27
19:30:40     all    0.10    0.00   21.04    0.00    0.00    8.53    0.00    0.00    0.00   70.34
19:30:41     all    0.00    0.00   20.72    0.00    0.00    7.96    0.00    0.00    0.00   71.31
19:30:42     all    0.00    0.00   20.95    0.00    0.00    8.38    0.00    0.00    0.00   70.67
19:30:43     all    0.00    0.00   20.78    0.00    0.00    8.62    0.00    0.00    0.00   70.60
19:30:44     all    0.00    0.00   20.95    0.00    0.00    9.28    0.00    0.00    0.00   69.76
19:30:45     all    0.00    0.00   20.66    0.00    0.00    8.74    0.00    0.00    0.00   70.61
19:30:46     all    0.00    0.00   19.30    0.00    0.00    9.52    0.00    0.00    0.00   71.17
19:30:47     all    0.00    0.00   20.92    0.00    0.00    9.13    0.00    0.00    0.00   69.95
19:30:48     all    0.00    0.00   20.68    0.00    0.00    9.61    0.00    0.00    0.00   69.71
19:30:49     all    0.00    0.00   20.95    0.00    0.00    9.04    0.00    0.00    0.00   70.01
19:30:50     all    0.06    0.00   19.86    0.00    0.00    9.38    0.00    0.00    0.00   70.69
19:30:51     all    0.00    0.00   19.68    0.00    0.00    9.39    0.00    0.00    0.00   70.92
19:30:52     all    0.00    0.00   20.52    0.00    0.00    9.73    0.00    0.00    0.00   69.75
19:30:53     all    0.00    0.00   21.01    0.00    0.00    8.63    0.00    0.00    0.00   70.36
19:30:54     all    0.00    0.00   22.44    0.00    0.00    9.29    0.00    0.00    0.00   68.28
19:30:55     all    0.00    0.00   24.58    0.00    0.00    9.51    0.00    0.00    0.00   65.91
19:30:56     all    0.00    0.00   24.01    0.00    0.00   10.13    0.00    0.00    0.00   65.86
19:30:57     all    0.00    0.00   23.59    0.00    0.00    9.66    0.00    0.00    0.00   66.75
19:30:58     all    0.00    0.00   23.11    0.00    0.00    9.70    0.00    0.00    0.00   67.19
19:30:59     all    0.00    0.00   24.48    0.00    0.00    9.04    0.00    0.00    0.00   66.48
19:31:00     all    0.19    0.00   23.64    0.00    0.00    9.09    0.00    0.00    0.00   67.07
19:31:01     all    0.16    0.00   25.51    0.00    0.00    9.16    0.00    0.00    0.00   65.17
19:31:02     all    0.00    0.00   25.27    0.00    0.00    8.90    0.00    0.00    0.00   65.83
19:31:03     all    0.00    0.00   25.10    0.00    0.00    9.58    0.00    0.00    0.00   65.32
19:31:04     all    0.00    0.00   24.96    0.00    0.00    9.56    0.00    0.00    0.00   65.48
19:31:05     all    0.00    0.00   24.73    0.00    0.00    9.44    0.00    0.00    0.00   65.84
19:31:06     all    0.00    0.00   24.92    0.00    0.00    9.48    0.00    0.00    0.00   65.60
19:31:07     all    0.00    0.00   25.15    0.00    0.00    9.60    0.00    0.00    0.00   65.25
19:31:08     all    0.00    0.00   25.68    0.00    0.00    9.36    0.00    0.00    0.00   64.96
19:31:09     all    0.00    0.00   25.75    0.00    0.00    9.37    0.00    0.00    0.00   64.89
19:31:10     all    0.10    0.00   25.59    0.00    0.00    8.98    0.00    0.00    0.00   65.33
19:31:11     all    0.00    0.00   26.28    0.00    0.00    9.05    0.00    0.00    0.00   64.67
19:31:12     all    0.00    0.00   25.20    0.00    0.00    9.63    0.00    0.00    0.00   65.17
19:31:13     all    0.10    0.00   25.02    0.00    0.00   10.97    0.00    0.00    0.00   63.91
19:31:14     all    0.00    0.00   26.62    0.00    0.00    9.16    0.00    0.00    0.00   64.22
19:31:15     all    0.00    0.00   25.63    0.00    0.00    9.39    0.00    0.00    0.00   64.98
19:31:16     all    0.00    0.00   26.15    0.00    0.00    9.42    0.00    0.00    0.00   64.43
19:31:17     all    0.00    0.00   25.51    0.00    0.00    9.66    0.00    0.00    0.00   64.83
19:31:18     all    0.00    0.00   24.98    0.00    0.00    9.77    0.00    0.00    0.00   65.24
19:31:19     all    0.00    0.00   25.98    0.00    0.00    9.47    0.00    0.00    0.00   64.55
19:31:20     all    0.10    0.00   26.21    0.00    0.00    9.21    0.00    0.00    0.00   64.49
19:31:21     all    0.00    0.00   25.76    0.00    0.00    8.91    0.00    0.00    0.00   65.33
19:31:22     all    0.00    0.00   25.32    0.00    0.00    9.85    0.00    0.00    0.00   64.83
19:31:23     all    0.03    0.00   25.38    0.00    0.00    9.57    0.00    0.00    0.00   65.02
19:31:24     all    0.00    0.00   25.99    0.00    0.00    9.46    0.00    0.00    0.00   64.55
19:31:25     all    0.00    0.00   25.95    0.00    0.00    9.06    0.00    0.00    0.00   64.99
19:31:26     all    0.00    0.00   25.53    0.00    0.00   10.01    0.00    0.00    0.00   64.46
19:31:27     all    0.00    0.00   24.99    0.00    0.00    9.64    0.00    0.00    0.00   65.36
19:31:28     all    0.00    0.00   24.48    0.00    0.00    9.00    0.00    0.00    0.00   66.52
19:31:29     all    0.00    0.00   24.52    0.00    0.00    9.10    0.00    0.00    0.00   66.39
19:31:30     all    0.10    0.00   24.65    0.00    0.00    9.44    0.00    0.00    0.00   65.82
19:31:31     all    0.00    0.00   24.20    0.00    0.00    9.43    0.00    0.00    0.00   66.37
19:31:32     all    0.00    0.00   24.25    0.00    0.00    9.00    0.00    0.00    0.00   66.75
19:31:33     all    0.00    0.00   25.14    0.00    0.00    8.47    0.00    0.00    0.00   66.39
19:31:34     all    0.00    0.00   24.86    0.00    0.00    9.34    0.00    0.00    0.00   65.80
19:31:35     all    0.00    0.00   24.16    0.00    0.00    9.42    0.00    0.00    0.00   66.42
19:31:36     all    0.00    0.00   24.81    0.00    0.00    9.85    0.00    0.00    0.00   65.34
19:31:37     all    0.00    0.00   26.01    0.00    0.00    9.20    0.00    0.00    0.00   64.79
19:31:38     all    0.00    0.00   25.21    0.00    0.00    9.54    0.00    0.00    0.00   65.25
19:31:39     all    0.00    0.00   25.54    0.00    0.00    9.30    0.00    0.00    0.00   65.16
19:31:40     all    0.10    0.00   25.06    0.00    0.00    9.12    0.00    0.00    0.00   65.72
19:31:41     all    0.03    0.00   24.26    0.00    0.00    9.56    0.00    0.00    0.00   66.15
19:31:42     all    0.00    0.00   24.41    0.00    0.00    9.30    0.00    0.00    0.00   66.29
19:31:43     all    0.00    0.00   24.36    0.00    0.00    9.71    0.00    0.00    0.00   65.92
19:31:44     all    0.00    0.00   25.56    0.00    0.00    8.73    0.00    0.00    0.00   65.71
19:31:45     all    0.00    0.00   24.63    0.00    0.00    9.50    0.00    0.00    0.00   65.87
19:31:46     all    0.00    0.00   25.32    0.00    0.00    8.86    0.00    0.00    0.00   65.82
19:31:47     all    0.00    0.00   25.19    0.00    0.00    9.65    0.00    0.00    0.00   65.15
19:31:48     all    0.19    0.00   25.65    0.00    0.00    9.18    0.00    0.00    0.00   64.98
19:31:49     all    0.00    0.00   25.40    0.00    0.00    9.06    0.00    0.00    0.00   65.53
19:31:50     all    0.06    0.00   24.82    0.00    0.00   10.02    0.00    0.00    0.00   65.10
19:31:51     all    0.03    0.00   25.42    0.00    0.00    9.29    0.00    0.00    0.00   65.26
19:31:52     all    0.00    0.00   25.11    0.00    0.00    9.00    0.00    0.00    0.00   65.89
19:31:53     all    0.00    0.00   24.15    0.00    0.00    9.75    0.00    0.00    0.00   66.10
19:31:54     all    0.00    0.00   23.78    0.00    0.00    9.84    0.00    0.00    0.00   66.37
19:31:55     all    0.00    0.00   24.41    0.00    0.00    9.53    0.00    0.00    0.00   66.06
19:31:56     all    0.00    0.00   25.63    0.00    0.00    8.87    0.00    0.00    0.00   65.50
19:31:57     all    0.00    0.00   25.11    0.00    0.00    9.26    0.00    0.00    0.00   65.62
19:31:58     all    0.00    0.00   24.76    0.00    0.00    9.29    0.00    0.00    0.00   65.95
19:31:59     all    0.00    0.00   24.51    0.00    0.00    9.07    0.00    0.00    0.00   66.42
19:32:00     all    0.19    0.00   24.91    0.00    0.00    9.23    0.00    0.00    0.00   65.67
19:32:01     all    0.19    0.00   24.57    0.00    0.00    9.39    0.00    0.00    0.00   65.85
19:32:02     all    0.00    0.00   24.65    0.00    0.00    9.42    0.00    0.00    0.00   65.92
19:32:03     all    0.00    0.00   25.49    0.00    0.00    8.96    0.00    0.00    0.00   65.55
19:32:04     all    0.00    0.00   25.71    0.00    0.00    9.39    0.00    0.00    0.00   64.90
19:32:05     all    0.00    0.00   24.50    0.00    0.00    9.35    0.00    0.00    0.00   66.15
19:32:06     all    0.00    0.00   24.06    0.00    0.00    9.20    0.00    0.00    0.00   66.74
19:32:07     all    0.00    0.00   23.47    0.00    0.00    9.82    0.00    0.00    0.00   66.71
19:32:08     all    0.00    0.00   24.60    0.00    0.00    9.25    0.00    0.00    0.00   66.15
19:32:09     all    0.00    0.00   25.35    0.00    0.00    9.06    0.00    0.00    0.00   65.58
19:32:10     all    0.10    0.00   24.83    0.00    0.00    9.82    0.00    0.00    0.00   65.26
19:32:11     all    0.00    0.00   24.24    0.00    0.00    9.40    0.00    0.00    0.00   66.36
19:32:12     all    0.00    0.00   24.94    0.00    0.00    9.31    0.00    0.00    0.00   65.75
19:32:13     all    0.00    0.00   25.22    0.00    0.00    9.76    0.00    0.00    0.00   65.01
19:32:14     all    0.00    0.00   25.02    0.00    0.00    9.74    0.00    0.00    0.00   65.24
19:32:15     all    0.00    0.00   25.32    0.00    0.00    9.15    0.00    0.00    0.00   65.53
19:32:16     all    0.00    0.00   24.47    0.00    0.00    9.47    0.00    0.00    0.00   66.06
19:32:17     all    0.00    0.00   25.08    0.00    0.00    9.51    0.00    0.00    0.00   65.41
19:32:18     all    0.03    0.00   24.78    0.00    0.00    9.19    0.00    0.00    0.00   66.00
19:32:19     all    0.00    0.00   24.83    0.00    0.00    9.06    0.00    0.00    0.00   66.11
19:32:20     all    0.10    0.00   24.77    0.00    0.00    9.20    0.00    0.00    0.00   65.94
19:32:21     all    0.00    0.00   23.64    0.00    0.00   10.06    0.00    0.00    0.00   66.30
19:32:22     all    0.00    0.00   24.11    0.00    0.00   10.07    0.00    0.00    0.00   65.82
19:32:23     all    0.00    0.00   24.51    0.00    0.00    9.23    0.00    0.00    0.00   66.26
19:32:24     all    0.00    0.00   24.74    0.00    0.00    9.79    0.00    0.00    0.00   65.47
19:32:25     all    0.00    0.00   23.25    0.00    0.00   10.26    0.00    0.00    0.00   66.49
19:32:26     all    0.00    0.00   25.89    0.00    0.00    8.51    0.00    0.00    0.00   65.59
19:32:27     all    0.00    0.00   25.13    0.00    0.00    9.24    0.00    0.00    0.00   65.63
19:32:28     all    0.00    0.00   24.98    0.00    0.00    9.18    0.00    0.00    0.00   65.84
19:32:29     all    0.00    0.00   25.35    0.00    0.00    8.87    0.00    0.00    0.00   65.78
19:32:30     all    0.06    0.00   25.22    0.00    0.00    9.72    0.00    0.00    0.00   64.99
19:32:31     all    0.06    0.00   24.67    0.00    0.00    9.66    0.00    0.00    0.00   65.61
19:32:32     all    0.00    0.00   25.50    0.00    0.00    9.71    0.00    0.00    0.00   64.79
19:32:33     all    0.00    0.00   25.28    0.00    0.00    9.06    0.00    0.00    0.00   65.66
19:32:34     all    0.00    0.00   25.75    0.00    0.00    9.41    0.00    0.00    0.00   64.85
19:32:35     all    0.00    0.00   25.76    0.00    0.00    9.42    0.00    0.00    0.00   64.82
19:32:36     all    0.00    0.00   25.72    0.00    0.00   10.34    0.00    0.00    0.00   63.94
19:32:37     all    0.00    0.00   25.02    0.00    0.00   10.16    0.00    0.00    0.00   64.81
19:32:38     all    0.00    0.00   25.61    0.00    0.00    9.11    0.00    0.00    0.00   65.28
19:32:39     all    0.00    0.00   24.89    0.00    0.00    9.26    0.00    0.00    0.00   65.86
19:32:40     all    0.06    0.00   24.78    0.00    0.00    9.78    0.00    0.00    0.00   65.37
19:32:41     all    0.03    0.00   24.54    0.00    0.00    9.58    0.00    0.00    0.00   65.85
19:32:42     all    0.00    0.00   25.13    0.00    0.00    9.78    0.00    0.00    0.00   65.09
19:32:43     all    0.19    0.00   25.03    0.00    0.00    9.62    0.00    0.00    0.00   65.15
19:32:44     all    0.00    0.00   25.02    0.00    0.00    9.25    0.00    0.00    0.00   65.74
19:32:45     all    0.00    0.00   23.91    0.00    0.00    8.97    0.00    0.00    0.00   67.12
19:32:46     all    0.00    0.00   23.81    0.00    0.00    9.25    0.00    0.00    0.00   66.94
19:32:47     all    0.00    0.00   24.86    0.00    0.00    8.89    0.00    0.00    0.00   66.26
19:32:48     all    0.00    0.00   24.55    0.00    0.00    8.93    0.00    0.00    0.00   66.53
19:32:49     all    0.00    0.00   24.41    0.00    0.00    9.03    0.00    0.00    0.00   66.56
19:32:50     all    0.10    0.00   24.33    0.00    0.00   10.22    0.00    0.00    0.00   65.36
19:32:51     all    0.00    0.00   24.68    0.00    0.00    9.26    0.00    0.00    0.00   66.06
19:32:52     all    0.00    0.00   24.22    0.00    0.00    9.46    0.00    0.00    0.00   66.32
19:32:53     all    0.00    0.00   24.95    0.00    0.00    9.28    0.00    0.00    0.00   65.77
19:32:54     all    0.00    0.00   23.92    0.00    0.00   10.38    0.00    0.00    0.00   65.70
19:32:55     all    0.00    0.00   23.38    0.00    0.00    9.75    0.00    0.00    0.00   66.87
19:32:56     all    0.00    0.00   24.70    0.00    0.00    9.38    0.00    0.00    0.00   65.91
19:32:57     all    0.00    0.00   24.88    0.00    0.00    9.37    0.00    0.00    0.00   65.75
19:32:58     all    0.03    0.00   24.19    0.00    0.00    9.46    0.00    0.00    0.00   66.32
19:32:59     all    0.00    0.00   23.47    0.00    0.00    9.53    0.00    0.00    0.00   67.00
19:33:00     all    0.26    0.00   24.67    0.00    0.00    8.83    0.00    0.00    0.00   66.24
19:33:01     all    0.10    0.00   23.62    0.00    0.00    9.71    0.00    0.00    0.00   66.57
19:33:02     all    0.00    0.00   24.89    0.00    0.00    9.40    0.00    0.00    0.00   65.71
19:33:03     all    0.00    0.00   24.27    0.00    0.00    9.58    0.00    0.00    0.00   66.15
19:33:04     all    0.00    0.00   23.42    0.00    0.00    9.93    0.00    0.00    0.00   66.66
19:33:05     all    0.00    0.00   24.31    0.00    0.00    9.24    0.00    0.00    0.00   66.45
19:33:06     all    0.00    0.00   24.35    0.00    0.00    9.56    0.00    0.00    0.00   66.10
19:33:07     all    0.00    0.00   24.54    0.00    0.00    9.81    0.00    0.00    0.00   65.65
19:33:08     all    0.00    0.00   23.52    0.00    0.00    9.97    0.00    0.00    0.00   66.50
19:33:09     all    0.00    0.00   24.37    0.00    0.00    9.81    0.00    0.00    0.00   65.82
19:33:10     all    0.06    0.00   24.94    0.00    0.00   10.18    0.00    0.00    0.00   64.82
19:33:11     all    0.03    0.00   25.61    0.00    0.00    9.03    0.00    0.00    0.00   65.32
19:33:12     all    0.00    0.00   25.15    0.00    0.00    9.37    0.00    0.00    0.00   65.48
19:33:13     all    0.00    0.00   25.50    0.00    0.00    9.20    0.00    0.00    0.00   65.31
19:33:14     all    0.03    0.00   25.42    0.00    0.00    9.62    0.00    0.00    0.00   64.93
19:33:15     all    0.00    0.00   25.36    0.00    0.00    8.97    0.00    0.00    0.00   65.67
19:33:16     all    0.00    0.00   25.13    0.00    0.00    9.46    0.00    0.00    0.00   65.41
19:33:17     all    0.00    0.00   25.61    0.00    0.00    8.83    0.00    0.00    0.00   65.56
19:33:18     all    0.00    0.00   25.32    0.00    0.00    8.92    0.00    0.00    0.00   65.76
19:33:19     all    0.00    0.00   25.73    0.00    0.00    9.33    0.00    0.00    0.00   64.94
19:33:20     all    0.06    0.00   25.57    0.00    0.00    9.25    0.00    0.00    0.00   65.11
19:33:21     all    0.03    0.00   25.40    0.00    0.00    9.10    0.00    0.00    0.00   65.47
19:33:22     all    0.00    0.00   25.96    0.00    0.00    9.21    0.00    0.00    0.00   64.83
19:33:23     all    0.00    0.00   25.48    0.00    0.00    8.71    0.00    0.00    0.00   65.81
19:33:24     all    0.00    0.00   26.01    0.00    0.00    9.27    0.00    0.00    0.00   64.73
19:33:25     all    0.00    0.00   24.89    0.00    0.00    9.86    0.00    0.00    0.00   65.25
19:33:26     all    0.00    0.00   26.25    0.00    0.00    9.54    0.00    0.00    0.00   64.20
19:33:27     all    0.00    0.00   25.42    0.00    0.00    9.07    0.00    0.00    0.00   65.51
19:33:28     all    0.00    0.00   24.74    0.00    0.00    9.45    0.00    0.00    0.00   65.81
19:33:29     all    0.00    0.00   24.61    0.00    0.00    9.29    0.00    0.00    0.00   66.10
19:33:30     all    0.06    0.00   25.40    0.00    0.00    9.36    0.00    0.00    0.00   65.17
19:33:31     all    0.03    0.00   24.90    0.00    0.00    9.40    0.00    0.00    0.00   65.68
19:33:32     all    0.00    0.00   25.14    0.00    0.00    9.50    0.00    0.00    0.00   65.36
19:33:33     all    0.00    0.00   25.09    0.00    0.00    9.09    0.00    0.00    0.00   65.82
19:33:34     all    0.03    0.00   25.18    0.00    0.00    9.09    0.00    0.00    0.00   65.69
19:33:35     all    0.00    0.00   25.30    0.00    0.00    9.17    0.00    0.00    0.00   65.53
19:33:36     all    0.00    0.00   23.93    0.00    0.00    9.92    0.00    0.00    0.00   66.16
19:33:37     all    0.00    0.00   25.20    0.00    0.00    8.72    0.00    0.00    0.00   66.07
19:33:38     all    0.00    0.00   24.61    0.00    0.00    9.60    0.00    0.00    0.00   65.79
19:33:39     all    0.00    0.00   24.69    0.00    0.00    9.96    0.00    0.00    0.00   65.35
19:33:40     all    0.10    0.00   24.85    0.00    0.00    9.27    0.00    0.00    0.00   65.78
19:33:41     all    0.03    0.00   24.37    0.00    0.00   10.26    0.00    0.00    0.00   65.34
19:33:42     all    0.00    0.00   24.98    0.00    0.00    9.82    0.00    0.00    0.00   65.20
19:33:43     all    0.00    0.00   24.99    0.00    0.00    9.38    0.00    0.00    0.00   65.63
19:33:44     all    0.00    0.00   25.14    0.00    0.00    9.77    0.00    0.00    0.00   65.10
19:33:45     all    0.00    0.00   25.14    0.00    0.00    9.31    0.00    0.00    0.00   65.55
19:33:46     all    0.00    0.00   24.92    0.00    0.00    9.04    0.00    0.00    0.00   66.04
19:33:47     all    0.00    0.00   24.43    0.00    0.00    9.46    0.00    0.00    0.00   66.11
19:33:48     all    0.22    0.00   25.57    0.00    0.00    9.44    0.00    0.00    0.00   64.77
19:33:49     all    0.00    0.00   25.90    0.00    0.00    8.79    0.00    0.00    0.00   65.31
19:33:50     all    0.06    0.00   25.97    0.00    0.00    9.05    0.00    0.00    0.00   64.91
19:33:51     all    0.00    0.00   24.50    0.00    0.00    9.97    0.00    0.00    0.00   65.53
19:33:52     all    0.00    0.00   25.14    0.00    0.00    9.53    0.00    0.00    0.00   65.33
19:33:53     all    0.00    0.00   25.40    0.00    0.00    9.61    0.00    0.00    0.00   64.99
19:33:54     all    0.00    0.00   25.35    0.00    0.00    9.49    0.00    0.00    0.00   65.17
19:33:55     all    0.00    0.00   25.69    0.00    0.00    9.26    0.00    0.00    0.00   65.05
19:33:56     all    0.00    0.00   24.77    0.00    0.00    9.16    0.00    0.00    0.00   66.07
19:33:57     all    0.00    0.00   25.14    0.00    0.00   10.08    0.00    0.00    0.00   64.78
19:33:58     all    0.00    0.00   25.42    0.00    0.00    9.26    0.00    0.00    0.00   65.32
19:33:59     all    0.00    0.00   24.61    0.00    0.00    9.63    0.00    0.00    0.00   65.75
19:34:00     all    0.26    0.00   24.99    0.00    0.00    9.98    0.00    0.00    0.00   64.77
19:34:01     all    0.13    0.00   24.78    0.00    0.00   10.32    0.00    0.00    0.00   64.78
19:34:02     all    0.00    0.00   25.02    0.00    0.00   10.29    0.00    0.00    0.00   64.70
19:34:03     all    0.00    0.00   24.46    0.00    0.00   10.49    0.00    0.00    0.00   65.06
19:34:04     all    0.00    0.00   25.68    0.00    0.00   10.50    0.00    0.00    0.00   63.81
19:34:05     all    0.00    0.00   26.01    0.00    0.00   10.27    0.00    0.00    0.00   63.72
19:34:06     all    0.00    0.00   26.54    0.00    0.00   10.00    0.00    0.00    0.00   63.46
19:34:07     all    0.00    0.00   25.55    0.00    0.00   10.04    0.00    0.00    0.00   64.41
19:34:08     all    0.00    0.00   24.98    0.00    0.00   10.09    0.00    0.00    0.00   64.93
19:34:09     all    0.00    0.00   24.37    0.00    0.00   10.08    0.00    0.00    0.00   65.55
19:34:10     all    0.10    0.00   25.88    0.00    0.00    9.33    0.00    0.00    0.00   64.70
19:34:11     all    0.00    0.00   26.23    0.00    0.00    9.39    0.00    0.00    0.00   64.38
19:34:12     all    0.00    0.00   25.15    0.00    0.00    9.93    0.00    0.00    0.00   64.92
19:34:13     all    0.00    0.00   25.45    0.00    0.00   10.19    0.00    0.00    0.00   64.36
19:34:14     all    0.00    0.00   25.80    0.00    0.00   10.13    0.00    0.00    0.00   64.07
19:34:15     all    0.00    0.00   26.00    0.00    0.00    9.47    0.00    0.00    0.00   64.53
19:34:16     all    0.03    0.00   25.99    0.00    0.00    9.68    0.00    0.00    0.00   64.30
19:34:17     all    0.00    0.00   26.69    0.00    0.00    9.57    0.00    0.00    0.00   63.74
19:34:18     all    0.00    0.00   25.69    0.00    0.00   10.27    0.00    0.00    0.00   64.04
19:34:19     all    0.00    0.00   26.62    0.00    0.00    9.74    0.00    0.00    0.00   63.65
19:34:20     all    0.06    0.00   26.99    0.00    0.00    9.42    0.00    0.00    0.00   63.53
19:34:21     all    0.00    0.00   27.55    0.00    0.00    9.27    0.00    0.00    0.00   63.18
19:34:22     all    0.00    0.00   26.95    0.00    0.00    9.21    0.00    0.00    0.00   63.84
19:34:23     all    0.00    0.00   26.26    0.00    0.00    9.79    0.00    0.00    0.00   63.96
19:34:24     all    0.00    0.00   26.16    0.00    0.00    9.83    0.00    0.00    0.00   64.01
19:34:25     all    0.00    0.00   24.98    0.00    0.00   10.00    0.00    0.00    0.00   65.02
19:34:26     all    0.00    0.00   24.26    0.00    0.00    9.77    0.00    0.00    0.00   65.97
19:34:27     all    0.00    0.00   25.22    0.00    0.00    9.63    0.00    0.00    0.00   65.15
19:34:28     all    0.03    0.00   25.26    0.00    0.00    9.11    0.00    0.00    0.00   65.60
19:34:29     all    0.00    0.00   24.70    0.00    0.00    9.53    0.00    0.00    0.00   65.76
19:34:30     all    0.06    0.00   24.37    0.00    0.00    9.41    0.00    0.00    0.00   66.16
19:34:31     all    0.03    0.00   23.73    0.00    0.00    9.81    0.00    0.00    0.00   66.43
19:34:32     all    0.00    0.00   24.73    0.00    0.00    9.29    0.00    0.00    0.00   65.98
19:34:33     all    0.00    0.00   23.54    0.00    0.00    9.65    0.00    0.00    0.00   66.81
19:34:34     all    0.00    0.00   20.13    0.00    0.00    9.04    0.00    0.00    0.00   70.84
19:34:35     all    0.00    0.00   20.18    0.00    0.00    9.17    0.00    0.00    0.00   70.65
19:34:36     all    0.00    0.00   19.62    0.00    0.00    8.91    0.00    0.00    0.00   71.47
19:34:37     all    0.00    0.00   18.38    0.00    0.00    9.06    0.00    0.00    0.00   72.57
19:34:38     all    0.00    0.00   12.08    0.00    0.00    6.97    0.00    0.00    0.00   80.94
19:34:39     all    0.00    0.00   12.17    0.00    0.00    6.64    0.00    0.00    0.00   81.18
19:34:40     all    0.06    0.00    9.67    0.00    0.00    5.27    0.00    0.00    0.00   85.00
19:34:41     all    0.03    0.00    6.75    0.00    0.00    4.15    0.00    0.00    0.00   89.06
19:34:42     all    0.00    0.00    7.13    0.00    0.00    4.98    0.00    0.00    0.00   87.90
19:34:43     all    0.00    0.00    7.43    0.00    0.00    4.35    0.00    0.00    0.00   88.22
19:34:44     all    0.39    0.00    7.07    0.00    0.00    4.13    0.00    0.00    0.00   88.42
19:34:45     all    0.00    0.00    6.96    0.00    0.00    4.07    0.00    0.00    0.00   88.98
19:34:46     all    0.00    0.00    6.87    0.00    0.00    4.94    0.00    0.00    0.00   88.19
19:34:47     all    0.00    0.00    7.17    0.00    0.00    4.26    0.00    0.00    0.00   88.57
19:34:48     all    0.00    0.00    7.45    0.00    0.00    4.55    0.00    0.00    0.00   88.01
19:34:49     all    0.00    0.00    6.93    0.00    0.00    4.61    0.00    0.00    0.00   88.46
19:34:50     all    0.10    0.00    7.14    0.00    0.00    4.31    0.00    0.00    0.00   88.45
19:34:51     all    0.03    0.00    7.13    0.00    0.00    4.52    0.00    0.00    0.00   88.32
19:34:52     all    0.00    0.00    7.54    0.00    0.00    4.38    0.00    0.00    0.00   88.08
19:34:53     all    0.00    0.00    6.89    0.00    0.00    4.24    0.00    0.00    0.00   88.88
19:34:54     all    0.00    0.00    6.92    0.00    0.00    4.77    0.00    0.00    0.00   88.31
19:34:55     all    0.00    0.00    6.09    0.00    0.00    3.61    0.00    0.00    0.00   90.30
19:34:56     all    0.00    0.00    4.95    0.00    0.00    3.01    0.00    0.00    0.00   92.04
19:34:57     all    0.00    0.00    5.12    0.00    0.00    3.18    0.00    0.00    0.00   91.70
19:34:58     all    0.00    0.00    5.23    0.00    0.00    2.97    0.00    0.00    0.00   91.79
19:34:59     all    0.00    0.00    5.20    0.00    0.00    3.37    0.00    0.00    0.00   91.43
19:35:00     all    0.26    0.00    5.27    0.00    0.00    3.36    0.00    0.00    0.00   91.11
19:35:01     all    0.23    0.00    4.81    0.00    0.00    2.65    0.00    0.00    0.00   92.31
19:35:02     all    0.00    0.00    5.57    0.00    0.00    3.28    0.00    0.00    0.00   91.15
19:35:03     all    0.00    0.00    5.32    0.00    0.00    2.96    0.00    0.00    0.00   91.72
19:35:04     all    0.00    0.00    3.77    0.00    0.00    2.37    0.00    0.00    0.00   93.86
19:35:05     all    0.00    0.00    3.61    0.00    0.00    1.89    0.00    0.00    0.00   94.50
19:35:06     all    0.00    0.00    3.47    0.00    0.00    2.01    0.00    0.00    0.00   94.53
19:35:07     all    0.00    0.00    3.33    0.00    0.00    2.15    0.00    0.00    0.00   94.52
19:35:08     all    0.00    0.00    3.31    0.00    0.00    1.86    0.00    0.00    0.00   94.83
19:35:09     all    0.00    0.00    3.25    0.00    0.00    1.85    0.00    0.00    0.00   94.90
19:35:10     all    0.06    0.00    3.76    0.00    0.00    1.95    0.00    0.00    0.00   94.23
19:35:11     all    0.03    0.00    3.67    0.00    0.00    2.08    0.00    0.00    0.00   94.22
19:35:12     all    0.00    0.00    3.48    0.00    0.00    1.91    0.00    0.00    0.00   94.61
19:35:13     all    0.00    0.00    3.86    0.00    0.00    2.01    0.00    0.00    0.00   94.14
19:35:14     all    0.00    0.00    3.70    0.00    0.00    1.79    0.00    0.00    0.00   94.52
19:35:15     all    0.00    0.00    0.00    0.00    0.00    0.00    0.00    0.00    0.00  100.00
19:35:16     all    0.00    0.00    0.22    0.00    0.00    0.00    0.00    0.00    0.00   99.78
19:35:17     all    0.00    0.00    0.00    0.00    0.00    0.00    0.00    0.00    0.00  100.00
19:35:18     all    0.00    0.00    0.03    0.00    0.00    0.00    0.00    0.00    0.00   99.97
19:35:19     all    0.03    0.00    0.00    0.00    0.00    0.00    0.00    0.00    0.00   99.97
19:35:20     all    0.06    0.00    0.09    0.00    0.00    0.00    0.00    0.00    0.00   99.84
19:35:21     all    0.00    0.00    0.06    0.00    0.00    0.00    0.00    0.00    0.00   99.94
19:35:22     all    0.00    0.00    0.03    0.00    0.00    0.00    0.00    0.00    0.00   99.97
19:35:23     all    0.00    0.00    0.03    0.00    0.00    0.00    0.00    0.00    0.00   99.97
19:35:24     all    0.00    0.00    0.00    0.00    0.00    0.00    0.00    0.00    0.00  100.00
19:35:25     all    0.00    0.00    0.03    0.00    0.00    0.00    0.00    0.00    0.00   99.97
19:35:26     all    0.00    0.00    0.03    0.00    0.00    0.00    0.00    0.00    0.00   99.97
19:35:27     all    0.00    0.00    0.00    0.00    0.00    0.00    0.00    0.00    0.00  100.00
19:35:28     all    0.00    0.00    0.03    0.00    0.00    0.00    0.00    0.00    0.00   99.97
19:35:29     all    0.03    0.00    0.03    0.00    0.00    0.00    0.00    0.00    0.00   99.94
19:35:30     all    0.06    0.00    0.06    0.00    0.00    0.00    0.00    0.00    0.00   99.87
19:35:31     all    0.00    0.00    0.03    0.00    0.00    0.00    0.00    0.00    0.00   99.97
19:35:32     all    0.00    0.00    0.03    0.00    0.00    0.00    0.00    0.00    0.00   99.97
19:35:33     all    0.00    0.00    0.00    0.00    0.00    0.00    0.00    0.00    0.00  100.00
19:35:34     all    0.00    0.00    0.03    0.00    0.00    0.00    0.00    0.00    0.00   99.97
19:35:35     all    0.00    0.00    0.00    0.00    0.00    0.00    0.00    0.00    0.00  100.00
19:35:36     all    0.03    0.00    0.00    0.00    0.00    0.00    0.00    0.00    0.00   99.97
19:35:37     all    0.00    0.00    0.00    0.00    0.00    0.00    0.00    0.00    0.00  100.00
19:35:38     all    0.00    0.00    0.03    0.00    0.00    0.00    0.00    0.00    0.00   99.97
19:35:39     all    0.00    0.00    0.00    0.00    0.00    0.00    0.00    0.00    0.00  100.00
19:35:40     all    0.06    0.00    0.09    0.00    0.00    0.00    0.00    0.00    0.00   99.84
19:35:41     all    0.00    0.00    0.06    0.00    0.00    0.03    0.00    0.00    0.00   99.91
19:35:42     all    0.00    0.00    0.03    0.00    0.00    0.00    0.00    0.00    0.00   99.97
19:35:43     all    0.00    0.00    0.00    0.00    0.00    0.00    0.00    0.00    0.00  100.00
19:35:44     all    0.00    0.00    0.00    0.00    0.00    0.00    0.00    0.00    0.00  100.00
19:35:45     all    0.00    0.00    0.03    0.00    0.00    0.00    0.00    0.00    0.00   99.97
19:35:46     all    0.00    0.00    0.00    0.00    0.00    0.00    0.00    0.00    0.00  100.00
19:35:47     all    0.00    0.00    0.00    0.00    0.00    0.00    0.00    0.00    0.00  100.00
19:35:48     all    0.22    0.00    0.03    0.00    0.00    0.00    0.00    0.00    0.00   99.75
19:35:49     all    0.00    0.00    0.00    0.00    0.00    0.00    0.00    0.00    0.00  100.00
19:35:50     all    0.06    0.00    0.12    0.00    0.00    0.00    0.00    0.00    0.00   99.81
19:35:51     all    0.03    0.00    0.03    0.00    0.00    0.00    0.00    0.00    0.00   99.94
19:35:52     all    0.00    0.00    0.03    0.00    0.00    0.00    0.00    0.00    0.00   99.97
19:35:53     all    0.00    0.00    0.00    0.00    0.00    0.00    0.00    0.00    0.00  100.00
19:35:54     all    0.00    0.00    0.00    0.00    0.00    0.00    0.00    0.00    0.00  100.00
19:35:55     all    0.00    0.00    0.00    0.00    0.00    0.00    0.00    0.00    0.00  100.00
19:35:56     all    0.00    0.00    0.00    0.00    0.00    0.00    0.00    0.00    0.00  100.00
19:35:57     all    0.00    0.00    0.03    0.00    0.00    0.00    0.00    0.00    0.00   99.97
19:35:58     all    0.00    0.00    0.00    0.00    0.00    0.00    0.00    0.00    0.00  100.00
19:35:59     all    0.00    0.00    0.03    0.00    0.00    0.00    0.00    0.00    0.00   99.97
19:36:00     all    0.25    0.00    0.12    0.00    0.00    0.06    0.00    0.00    0.00   99.56
19:36:01     all    0.25    0.00    0.06    0.00    0.00    0.03    0.00    0.00    0.00   99.66
19:36:02     all    0.00    0.00    0.00    0.00    0.00    0.00    0.00    0.00    0.00  100.00
19:36:03     all    0.00    0.00    0.00    0.00    0.00    0.00    0.00    0.00    0.00  100.00
19:36:04     all    0.00    0.00    0.03    0.00    0.00    0.00    0.00    0.00    0.00   99.97
19:36:05     all    0.03    0.00    0.03    0.00    0.00    0.00    0.00    0.00    0.00   99.94
19:36:06     all    0.00    0.00    0.00    0.00    0.00    0.00    0.00    0.00    0.00  100.00
19:36:07     all    0.00    0.00    0.03    0.00    0.00    0.00    0.00    0.00    0.00   99.97
19:36:08     all    0.00    0.00    0.03    0.00    0.00    0.00    0.00    0.00    0.00   99.97
19:36:09     all    0.00    0.00    0.00    0.00    0.00    0.00    0.00    0.00    0.00  100.00
19:36:10     all    0.09    0.00    0.12    0.00    0.00    0.00    0.00    0.00    0.00   99.78
19:36:11     all    0.00    0.00    0.03    0.00    0.00    0.00    0.00    0.00    0.00   99.97
19:36:12     all    0.00    0.00    0.03    0.00    0.00    0.00    0.00    0.00    0.00   99.97
19:36:13     all    0.00    0.00    0.03    0.03    0.00    0.00    0.00    0.00    0.00   99.94
19:36:14     all    0.00    0.00    0.03    0.00    0.00    0.00    0.00    0.00    0.00   99.97
19:36:15     all    0.00    0.00    0.03    0.00    0.00    0.00    0.00    0.00    0.00   99.97
19:36:16     all    0.00    0.00    0.00    0.00    0.00    0.00    0.00    0.00    0.00  100.00
19:36:17     all    0.00    0.00    0.00    0.00    0.00    0.00    0.00    0.00    0.00  100.00
19:36:18     all    0.00    0.00    0.00    0.00    0.00    0.00    0.00    0.00    0.00  100.00
19:36:19     all    0.00    0.00    0.00    0.00    0.00    0.00    0.00    0.00    0.00  100.00
19:36:20     all    0.09    0.00    0.09    0.00    0.00    0.00    0.00    0.00    0.00   99.81
19:36:21     all    0.03    0.00    0.03    0.00    0.00    0.00    0.00    0.00    0.00   99.94
19:36:22     all    0.00    0.00    0.00    0.00    0.00    0.00    0.00    0.00    0.00  100.00
19:36:23     all    0.00    0.00    0.00    0.00    0.00    0.00    0.00    0.00    0.00  100.00
19:36:24     all    0.00    0.00    0.03    0.00    0.00    0.00    0.00    0.00    0.00   99.97
19:36:25     all    0.00    0.00    0.00    0.00    0.00    0.00    0.00    0.00    0.00  100.00
19:36:26     all    0.00    0.00    0.00    0.00    0.00    0.00    0.00    0.00    0.00  100.00
19:36:27     all    0.00    0.00    0.03    0.00    0.00    0.00    0.00    0.00    0.00   99.97
19:36:28     all    0.00    0.00    0.00    0.00    0.00    0.00    0.00    0.00    0.00  100.00
19:36:29     all    0.00    0.00    0.03    0.00    0.00    0.00    0.00    0.00    0.00   99.97
19:36:30     all    0.06    0.00    0.09    0.00    0.00    0.00    0.00    0.00    0.00   99.84
19:36:31     all    0.00    0.00    0.00    0.00    0.00    0.00    0.00    0.00    0.00  100.00
19:36:32     all    0.00    0.00    0.03    0.00    0.00    0.00    0.00    0.00    0.00   99.97
19:36:33     all    0.00    0.00    0.00    0.00    0.00    0.00    0.00    0.00    0.00  100.00
19:36:34     all    0.00    0.00    0.00    0.00    0.00    0.00    0.00    0.00    0.00  100.00
19:36:35     all    0.00    0.00    0.00    0.00    0.00    0.00    0.00    0.00    0.00  100.00
19:36:36     all    0.00    0.00    0.03    0.00    0.00    0.00    0.00    0.00    0.00   99.97
19:36:37     all    0.00    0.00    0.00    0.00    0.00    0.00    0.00    0.00    0.00  100.00
19:36:38     all    0.00    0.00    0.00    0.00    0.00    0.00    0.00    0.00    0.00  100.00
19:36:39     all    0.00    0.00    0.03    0.00    0.00    0.00    0.00    0.00    0.00   99.97
19:36:40     all    0.06    0.00    0.09    0.00    0.00    0.00    0.00    0.00    0.00   99.84
19:36:41     all    0.06    0.00    0.03    0.00    0.00    0.00    0.00    0.00    0.00   99.91
19:36:42     all    0.00    0.00    0.00    0.00    0.00    0.00    0.00    0.00    0.00  100.00
19:36:43     all    0.00    0.00    0.03    0.00    0.00    0.00    0.00    0.00    0.00   99.97
19:36:44     all    0.00    0.00    0.00    0.00    0.00    0.00    0.00    0.00    0.00  100.00
19:36:45     all    0.00    0.00    0.03    0.00    0.00    0.00    0.00    0.00    0.00   99.97
19:36:46     all    0.00    0.00    0.00    0.00    0.00    0.00    0.00    0.00    0.00  100.00
19:36:47     all    0.00    0.00    0.00    0.00    0.00    0.00    0.00    0.00    0.00  100.00
19:36:48     all    0.00    0.00    0.00    0.00    0.00    0.00    0.00    0.00    0.00  100.00
19:36:49     all    0.19    0.00    0.03    0.00    0.00    0.00    0.00    0.00    0.00   99.78
19:36:50     all    0.06    0.00    0.09    0.00    0.00    0.00    0.00    0.00    0.00   99.84
19:36:51     all    0.00    0.00    0.06    0.00    0.00    0.00    0.00    0.00    0.00   99.94
19:36:52     all    0.00    0.00    0.00    0.00    0.00    0.00    0.00    0.00    0.00  100.00
19:36:53     all    0.00    0.00    0.03    0.00    0.00    0.00    0.00    0.00    0.00   99.97
19:36:54     all    0.00    0.00    0.03    0.00    0.00    0.00    0.00    0.00    0.00   99.97
19:36:55     all    0.00    0.00    0.03    0.00    0.00    0.00    0.00    0.00    0.00   99.97
19:36:56     all    0.00    0.00    0.03    0.00    0.00    0.00    0.00    0.00    0.00   99.97
19:36:57     all    0.00    0.00    0.00    0.00    0.00    0.00    0.00    0.00    0.00  100.00
19:36:58     all    0.00    0.00    0.03    0.00    0.00    0.00    0.00    0.00    0.00   99.97
19:36:59     all    0.00    0.00    0.03    0.00    0.00    0.00    0.00    0.00    0.00   99.97
19:37:00     all    0.31    0.00    0.06    0.00    0.00    0.25    0.00    0.00    0.00   99.38
19:37:01     all    0.22    0.00    0.06    0.00    0.00    0.00    0.00    0.00    0.00   99.72
19:37:02     all    0.00    0.00    0.03    0.00    0.00    0.00    0.00    0.00    0.00   99.97
19:37:03     all    0.00    0.00    0.03    0.00    0.00    0.00    0.00    0.00    0.00   99.97
19:37:04     all    0.00    0.00    0.00    0.00    0.00    0.00    0.00    0.00    0.00  100.00
19:37:05     all    0.00    0.00    0.00    0.00    0.00    0.00    0.00    0.00    0.00  100.00
19:37:06     all    0.00    0.00    0.00    0.00    0.00    0.00    0.00    0.00    0.00  100.00
19:37:07     all    0.00    0.00    0.03    0.00    0.00    0.00    0.00    0.00    0.00   99.97
19:37:08     all    0.00    0.00    0.00    0.00    0.00    0.00    0.00    0.00    0.00  100.00
19:37:09     all    0.03    0.00    0.00    0.00    0.00    0.00    0.00    0.00    0.00   99.97
19:37:10     all    0.06    0.00    0.12    0.00    0.00    0.00    0.00    0.00    0.00   99.81
19:37:11     all    0.00    0.00    0.03    0.00    0.00    0.00    0.00    0.00    0.00   99.97
19:37:12     all    0.00    0.00    0.00    0.00    0.00    0.00    0.00    0.00    0.00  100.00
19:37:13     all    0.00    0.00    0.00    0.00    0.00    0.00    0.00    0.00    0.00  100.00
19:37:14     all    0.03    0.00    0.00    0.00    0.00    0.00    0.00    0.00    0.00   99.97
19:37:15     all    0.00    0.00    0.00    0.00    0.00    0.00    0.00    0.00    0.00  100.00
19:37:16     all    0.00    0.00    0.03    0.00    0.00    0.00    0.00    0.00    0.00   99.97
19:37:17     all    0.00    0.00    0.00    0.00    0.00    0.00    0.00    0.00    0.00  100.00
19:37:18     all    0.00    0.00    0.00    0.00    0.00    0.00    0.00    0.00    0.00  100.00
19:37:19     all    0.00    0.00    0.00    0.00    0.00    0.00    0.00    0.00    0.00  100.00
19:37:20     all    0.06    0.00    0.09    0.00    0.00    0.00    0.00    0.00    0.00   99.84
19:37:21     all    0.03    0.00    0.03    0.00    0.00    0.00    0.00    0.00    0.00   99.94
19:37:22     all    0.00    0.00    0.03    0.00    0.00    0.00    0.00    0.00    0.00   99.97
19:37:23     all    0.00    0.00    0.00    0.00    0.00    0.00    0.00    0.00    0.00  100.00
19:37:24     all    0.00    0.00    0.00    0.00    0.00    0.00    0.00    0.00    0.00  100.00
19:37:25     all    0.00    0.00    0.00    0.00    0.00    0.00    0.00    0.00    0.00  100.00
19:37:26     all    0.00    0.00    0.03    0.00    0.00    0.00    0.00    0.00    0.00   99.97
19:37:27     all    0.00    0.00    0.00    0.00    0.00    0.00    0.00    0.00    0.00  100.00
19:37:28     all    0.00    0.00    0.00    0.00    0.00    0.00    0.00    0.00    0.00  100.00
19:37:29     all    0.00    0.00    0.00    0.00    0.00    0.00    0.00    0.00    0.00  100.00
19:37:30     all    0.06    0.00    0.09    0.00    0.00    0.00    0.00    0.00    0.00   99.84
19:37:31     all    0.00    0.00    0.06    0.00    0.00    0.00    0.00    0.00    0.00   99.94
19:37:32     all    0.00    0.00    0.00    0.00    0.00    0.00    0.00    0.00    0.00  100.00
19:37:33     all    0.00    0.00    0.00    0.00    0.00    0.00    0.00    0.00    0.00  100.00
19:37:34     all    0.00    0.00    0.00    0.00    0.00    0.00    0.00    0.00    0.00  100.00
19:37:35     all    0.00    0.00    0.03    0.00    0.00    0.00    0.00    0.00    0.00   99.97
19:37:36     all    0.00    0.00    0.00    0.00    0.00    0.00    0.00    0.00    0.00  100.00
19:37:37     all    0.00    0.00    0.00    0.00    0.00    0.00    0.00    0.00    0.00  100.00
19:37:38     all    0.00    0.00    0.03    0.00    0.00    0.00    0.00    0.00    0.00   99.97
19:37:39     all    0.00    0.00    0.00    0.00    0.00    0.00    0.00    0.00    0.00  100.00
19:37:40     all    0.09    0.00    0.06    0.00    0.00    0.00    0.00    0.00    0.00   99.84
19:37:41     all    0.00    0.00    0.06    0.00    0.00    0.00    0.00    0.00    0.00   99.94
19:37:42     all    0.00    0.00    0.00    0.00    0.00    0.00    0.00    0.00    0.00  100.00
19:37:43     all    0.00    0.00    0.00    0.00    0.00    0.00    0.00    0.00    0.00  100.00
19:37:44     all    0.00    0.00    0.00    0.00    0.00    0.00    0.00    0.00    0.00  100.00
19:37:45     all    0.03    0.00    0.00    0.00    0.00    0.00    0.00    0.00    0.00   99.97
19:37:46     all    0.00    0.00    0.03    0.00    0.00    0.00    0.00    0.00    0.00   99.97
19:37:47     all    0.00    0.00    0.00    0.00    0.00    0.00    0.00    0.00    0.00  100.00
19:37:48     all    0.19    0.00    0.03    0.00    0.00    0.00    0.00    0.00    0.00   99.78
19:37:49     all    0.00    0.00    0.00    0.00    0.00    0.00    0.00    0.00    0.00  100.00
19:37:50     all    0.06    0.00    0.16    0.00    0.00    0.03    0.00    0.00    0.00   99.75
19:37:51     all    0.00    0.00    0.09    0.00    0.00    0.00    0.00    0.00    0.00   99.91
19:37:52     all    0.03    0.00    0.00    0.00    0.00    0.00    0.00    0.00    0.00   99.97
19:37:53     all    0.00    0.00    0.00    0.00    0.00    0.00    0.00    0.00    0.00  100.00
19:37:54     all    0.00    0.00    0.03    0.00    0.00    0.00    0.00    0.00    0.00   99.97
19:37:55     all    0.00    0.00    0.03    0.00    0.00    0.00    0.00    0.00    0.00   99.97
19:37:56     all    0.00    0.00    0.00    0.00    0.00    0.00    0.00    0.00    0.00  100.00
19:37:57     all    0.00    0.00    0.00    0.00    0.00    0.00    0.00    0.00    0.00  100.00
19:37:58     all    0.00    0.00    0.00    0.00    0.00    0.00    0.00    0.00    0.00  100.00
19:37:59     all    0.00    0.00    0.00    0.00    0.00    0.00    0.00    0.00    0.00  100.00
19:38:00     all    0.25    0.00    0.16    0.00    0.00    0.03    0.00    0.00    0.00   99.56
19:38:01     all    0.19    0.00    0.09    0.00    0.00    0.00    0.00    0.00    0.00   99.72
19:38:02     all    0.00    0.00    0.00    0.00    0.00    0.00    0.00    0.00    0.00  100.00
19:38:03     all    0.00    0.00    0.00    0.00    0.00    0.00    0.00    0.00    0.00  100.00
19:38:04     all    0.00    0.00    0.00    0.00    0.00    0.00    0.00    0.00    0.00  100.00
19:38:05     all    0.00    0.00    0.00    0.00    0.00    0.00    0.00    0.00    0.00  100.00
19:38:06     all    0.00    0.00    0.00    0.00    0.00    0.00    0.00    0.00    0.00  100.00
19:38:07     all    0.00    0.00    0.00    0.00    0.00    0.00    0.00    0.00    0.00  100.00
19:38:08     all    0.00    0.00    0.00    0.00    0.00    0.00    0.00    0.00    0.00  100.00
19:38:09     all    0.00    0.00    0.00    0.00    0.00    0.00    0.00    0.00    0.00  100.00
19:38:10     all    0.09    0.00    0.09    0.00    0.00    0.06    0.00    0.00    0.00   99.75
19:38:11     all    0.00    0.00    0.03    0.00    0.00    0.00    0.00    0.00    0.00   99.97
19:38:12     all    0.00    0.00    0.00    0.00    0.00    0.00    0.00    0.00    0.00  100.00
19:38:13     all    0.00    0.00    0.03    0.00    0.00    0.00    0.00    0.00    0.00   99.97
19:38:14     all    0.00    0.00    0.00    0.00    0.00    0.00    0.00    0.00    0.00  100.00
19:38:15     all    0.00    0.00    0.00    0.00    0.00    0.00    0.00    0.00    0.00  100.00
19:38:16     all    0.00    0.00    0.00    0.00    0.00    0.00    0.00    0.00    0.00  100.00
19:38:17     all    0.00    0.00    0.00    0.00    0.00    0.00    0.00    0.00    0.00  100.00
19:38:18     all    0.00    0.00    0.00    0.00    0.00    0.00    0.00    0.00    0.00  100.00
19:38:19     all    0.00    0.00    0.00    0.00    0.00    0.00    0.00    0.00    0.00  100.00
19:38:20     all    0.09    0.00    0.09    0.00    0.00    0.00    0.00    0.00    0.00   99.81
19:38:21     all    0.03    0.00    0.03    0.00    0.00    0.00    0.00    0.00    0.00   99.94
19:38:22     all    0.00    0.00    0.00    0.00    0.00    0.00    0.00    0.00    0.00  100.00
19:38:23     all    0.00    0.00    0.00    0.00    0.00    0.00    0.00    0.00    0.00  100.00
19:38:24     all    0.00    0.00    0.00    0.00    0.00    0.00    0.00    0.00    0.00  100.00
19:38:25     all    0.00    0.00    0.00    0.00    0.00    0.00    0.00    0.00    0.00  100.00
19:38:26     all    0.00    0.00    0.00    0.00    0.00    0.00    0.00    0.00    0.00  100.00
19:38:27     all    0.00    0.00    0.03    0.00    0.00    0.00    0.00    0.00    0.00   99.97
19:38:28     all    0.00    0.00    0.00    0.00    0.00    0.00    0.00    0.00    0.00  100.00
19:38:29     all    0.00    0.00    0.00    0.00    0.00    0.00    0.00    0.00    0.00  100.00
19:38:30     all    0.06    0.00    0.09    0.00    0.00    0.00    0.00    0.00    0.00   99.84
19:38:31     all    0.03    0.00    0.03    0.00    0.00    0.00    0.00    0.00    0.00   99.94
19:38:32     all    0.00    0.00    0.03    0.00    0.00    0.00    0.00    0.00    0.00   99.97
19:38:33     all    0.00    0.00    0.03    0.00    0.00    0.00    0.00    0.00    0.00   99.97
19:38:34     all    0.00    0.00    0.00    0.00    0.00    0.00    0.00    0.00    0.00  100.00
19:38:35     all    0.00    0.00    0.00    0.00    0.00    0.00    0.00    0.00    0.00  100.00
19:38:36     all    0.00    0.00    0.03    0.00    0.00    0.00    0.00    0.00    0.00   99.97
19:38:37     all    0.00    0.00    0.03    0.00    0.00    0.00    0.00    0.00    0.00   99.97
19:38:38     all    0.00    0.00    0.00    0.00    0.00    0.00    0.00    0.00    0.00  100.00
19:38:39     all    0.00    0.00    0.00    0.00    0.00    0.00    0.00    0.00    0.00  100.00
19:38:40     all    0.06    0.00    0.12    0.00    0.00    0.00    0.00    0.00    0.00   99.81
19:38:41     all    0.00    0.00    0.06    0.00    0.00    0.00    0.00    0.00    0.00   99.94
19:38:42     all    0.00    0.00    0.00    0.00    0.00    0.00    0.00    0.00    0.00  100.00
19:38:43     all    0.00    0.00    0.00    0.00    0.00    0.00    0.00    0.00    0.00  100.00
19:38:44     all    0.00    0.00    0.00    0.00    0.00    0.00    0.00    0.00    0.00  100.00
19:38:45     all    0.00    0.00    0.00    0.00    0.00    0.00    0.00    0.00    0.00  100.00
19:38:46     all    0.00    0.00    0.00    0.00    0.00    0.00    0.00    0.00    0.00  100.00
19:38:47     all    0.00    0.00    0.03    0.00    0.00    0.00    0.00    0.00    0.00   99.97
19:38:48     all    0.00    0.00    0.00    0.00    0.00    0.00    0.00    0.00    0.00  100.00
19:38:49     all    0.00    0.00    0.00    0.00    0.00    0.00    0.00    0.00    0.00  100.00
19:38:50     all    0.09    0.00    0.12    0.00    0.00    0.03    0.00    0.00    0.00   99.75
19:38:51     all    0.00    0.00    0.03    0.00    0.00    0.00    0.00    0.00    0.00   99.97
19:38:52     all    0.00    0.00    0.00    0.00    0.00    0.00    0.00    0.00    0.00  100.00
19:38:53     all    0.00    0.00    0.00    0.00    0.00    0.00    0.00    0.00    0.00  100.00
19:38:54     all    0.00    0.00    0.00    0.00    0.00    0.00    0.00    0.00    0.00  100.00
19:38:55     all    0.00    0.00    0.00    0.00    0.00    0.00    0.00    0.00    0.00  100.00
19:38:56     all    0.03    0.00    0.00    0.00    0.00    0.00    0.00    0.00    0.00   99.97
19:38:57     all    0.00    0.00    0.00    0.00    0.00    0.00    0.00    0.00    0.00  100.00
19:38:58     all    0.00    0.00    0.00    0.00    0.00    0.00    0.00    0.00    0.00  100.00
19:38:59     all    0.22    0.00    0.00    0.00    0.00    0.00    0.00    0.00    0.00   99.78
19:39:00     all    0.31    0.00    0.12    0.00    0.00    0.06    0.00    0.00    0.00   99.50
19:39:01     all    0.25    0.00    0.00    0.00    0.00    0.00    0.00    0.00    0.00   99.75
19:39:02     all    0.00    0.00    0.00    0.00    0.00    0.00    0.00    0.00    0.00  100.00
19:39:03     all    0.00    0.00    0.00    0.00    0.00    0.00    0.00    0.00    0.00  100.00
19:39:04     all    0.00    0.00    0.00    0.00    0.00    0.00    0.00    0.00    0.00  100.00
19:39:05     all    0.00    0.00    0.00    0.00    0.00    0.00    0.00    0.00    0.00  100.00
19:39:06     all    0.00    0.00    0.00    0.00    0.00    0.00    0.00    0.00    0.00  100.00
19:39:07     all    0.00    0.00    0.00    0.00    0.00    0.00    0.00    0.00    0.00  100.00
19:39:08     all    0.00    0.00    0.00    0.00    0.00    0.00    0.00    0.00    0.00  100.00
19:39:09     all    0.00    0.00    0.00    0.00    0.00    0.00    0.00    0.00    0.00  100.00
19:39:10     all    0.09    0.00    0.06    0.00    0.00    0.00    0.00    0.00    0.00   99.84
19:39:11     all    0.03    0.00    0.03    0.00    0.00    0.00    0.00    0.00    0.00   99.94
19:39:12     all    0.00    0.00    0.00    0.00    0.00    0.00    0.00    0.00    0.00  100.00
19:39:13     all    0.00    0.00    0.00    0.00    0.00    0.00    0.00    0.00    0.00  100.00
19:39:14     all    0.00    0.00    0.03    0.00    0.00    0.00    0.00    0.00    0.00   99.97
19:39:15     all    0.00    0.00    0.00    0.00    0.00    0.00    0.00    0.00    0.00  100.00
19:39:16     all    0.00    0.00    0.00    0.00    0.00    0.00    0.00    0.00    0.00  100.00
19:39:17     all    0.00    0.00    0.00    0.00    0.00    0.00    0.00    0.00    0.00  100.00
19:39:18     all    0.00    0.00    0.00    0.00    0.00    0.00    0.00    0.00    0.00  100.00
19:39:19     all    0.00    0.00    0.03    0.00    0.00    0.00    0.00    0.00    0.00   99.97
19:39:20     all    0.09    0.00    0.12    0.00    0.00    0.03    0.00    0.00    0.00   99.75
19:39:21     all    0.00    0.00    0.06    0.00    0.00    0.00    0.00    0.00    0.00   99.94
19:39:22     all    0.03    0.00    0.03    0.00    0.00    0.00    0.00    0.00    0.00   99.94
19:39:23     all    0.00    0.00    0.00    0.00    0.00    0.00    0.00    0.00    0.00  100.00
19:39:24     all    0.00    0.00    0.00    0.00    0.00    0.00    0.00    0.00    0.00  100.00
19:39:25     all    0.00    0.00    0.03    0.00    0.00    0.00    0.00    0.00    0.00   99.97
19:39:26     all    0.00    0.00    0.00    0.00    0.00    0.00    0.00    0.00    0.00  100.00
19:39:27     all    0.00    0.00    0.03    0.00    0.00    0.00    0.00    0.00    0.00   99.97
19:39:28     all    0.00    0.00    0.00    0.00    0.00    0.00    0.00    0.00    0.00  100.00
19:39:29     all    0.00    0.00    0.00    0.00    0.00    0.00    0.00    0.00    0.00  100.00
19:39:30     all    0.06    0.00    0.06    0.00    0.00    0.00    0.00    0.00    0.00   99.87
19:39:31     all    0.00    0.00    0.03    0.00    0.00    0.00    0.00    0.00    0.00   99.97
19:39:32     all    0.00    0.00    0.00    0.00    0.00    0.00    0.00    0.00    0.00  100.00
19:39:33     all    0.00    0.00    0.00    0.00    0.00    0.00    0.00    0.00    0.00  100.00
19:39:34     all    0.03    0.00    0.00    0.00    0.00    0.00    0.00    0.00    0.00   99.97
19:39:35     all    0.00    0.00    0.00    0.00    0.00    0.00    0.00    0.00    0.00  100.00
19:39:36     all    0.00    0.00    0.00    0.00    0.00    0.00    0.00    0.00    0.00  100.00
19:39:37     all    0.00    0.00    0.00    0.00    0.00    0.00    0.00    0.00    0.00  100.00
19:39:38     all    0.03    0.00    0.00    0.00    0.00    0.00    0.00    0.00    0.00   99.97
19:39:39     all    0.00    0.00    0.00    0.00    0.00    0.00    0.00    0.00    0.00  100.00
19:39:40     all    0.03    0.00    0.13    0.00    0.00    0.00    0.00    0.00    0.00   99.84
19:39:41     all    0.00    0.00    0.03    0.00    0.00    0.00    0.00    0.00    0.00   99.97
19:39:42     all    0.00    0.00    0.00    0.00    0.00    0.00    0.00    0.00    0.00  100.00
19:39:43     all    0.00    0.00    0.00    0.00    0.00    0.00    0.00    0.00    0.00  100.00
19:39:44     all    0.00    0.00    0.00    0.00    0.00    0.00    0.00    0.00    0.00  100.00
19:39:45     all    0.00    0.00    0.00    0.00    0.00    0.00    0.00    0.00    0.00  100.00
19:39:46     all    0.00    0.00    0.00    0.00    0.00    0.00    0.00    0.00    0.00  100.00
19:39:47     all    0.03    0.00    0.00    0.00    0.00    0.00    0.00    0.00    0.00   99.97
19:39:48     all    0.19    0.00    0.00    0.00    0.00    0.00    0.00    0.00    0.00   99.81
19:39:49     all    0.00    0.00    0.00    0.00    0.00    0.00    0.00    0.00    0.00  100.00
19:39:50     all    0.06    0.00    0.12    0.00    0.00    0.00    0.00    0.00    0.00   99.81
19:39:51     all    0.06    0.00    0.03    0.00    0.00    0.03    0.00    0.00    0.00   99.88
19:39:52     all    0.00    0.00    0.00    0.00    0.00    0.00    0.00    0.00    0.00  100.00
19:39:53     all    0.00    0.00    0.00    0.00    0.00    0.00    0.00    0.00    0.00  100.00
19:39:54     all    0.00    0.00    0.00    0.00    0.00    0.00    0.00    0.00    0.00  100.00
19:39:55     all    0.00    0.00    0.00    0.00    0.00    0.00    0.00    0.00    0.00  100.00
19:39:56     all    0.03    0.00    0.00    0.00    0.00    0.00    0.00    0.00    0.00   99.97
19:39:57     all    0.00    0.00    0.00    0.00    0.00    0.00    0.00    0.00    0.00  100.00
19:39:58     all    0.00    0.00    0.00    0.00    0.00    0.00    0.00    0.00    0.00  100.00
19:39:59     all    0.00    0.00    0.00    0.00    0.00    0.00    0.00    0.00    0.00  100.00
19:40:00     all    0.31    0.00    0.13    0.00    0.00    0.00    0.00    0.00    0.00   99.56
19:40:01     all    0.12    0.00    0.06    0.00    0.00    0.00    0.00    0.00    0.00   99.81
19:40:02     all    0.00    0.00    0.00    0.00    0.00    0.00    0.00    0.00    0.00  100.00
19:40:03     all    0.00    0.00    0.03    0.00    0.00    0.00    0.00    0.00    0.00   99.97
19:40:04     all    0.00    0.00    0.00    0.00    0.00    0.00    0.00    0.00    0.00  100.00
19:40:05     all    0.00    0.00    0.03    0.00    0.00    0.00    0.00    0.00    0.00   99.97
19:40:06     all    0.00    0.00    0.00    0.00    0.00    0.00    0.00    0.00    0.00  100.00
19:40:07     all    0.03    0.00    0.03    0.00    0.00    0.00    0.00    0.00    0.00   99.94
19:40:08     all    0.00    0.00    0.00    0.00    0.00    0.00    0.00    0.00    0.00  100.00
19:40:09     all    0.00    0.00    0.03    0.00    0.00    0.00    0.00    0.00    0.00   99.97
19:40:10     all    0.06    0.00    0.12    0.00    0.00    0.00    0.00    0.00    0.00   99.81
19:40:11     all    0.00    0.00    0.03    0.00    0.00    0.00    0.00    0.00    0.00   99.97
19:40:12     all    0.00    0.00    0.03    0.00    0.00    0.00    0.00    0.00    0.00   99.97
19:40:13     all    0.03    0.00    0.00    0.00    0.00    0.00    0.00    0.00    0.00   99.97
19:40:14     all    0.00    0.00    0.00    0.00    0.00    0.00    0.00    0.00    0.00  100.00
19:40:15     all    0.00    0.00    0.00    0.00    0.00    0.00    0.00    0.00    0.00  100.00
19:40:16     all    0.00    0.00    0.00    0.00    0.00    0.00    0.00    0.00    0.00  100.00
19:40:17     all    0.00    0.00    0.00    0.00    0.00    0.00    0.00    0.00    0.00  100.00
19:40:18     all    0.00    0.00    0.00    0.00    0.00    0.00    0.00    0.00    0.00  100.00
19:40:19     all    0.00    0.00    0.00    0.00    0.00    0.00    0.00    0.00    0.00  100.00
19:40:20     all    0.06    0.00    0.06    0.00    0.00    0.00    0.00    0.00    0.00   99.87
19:40:21     all    0.00    0.00    0.03    0.00    0.00    0.00    0.00    0.00    0.00   99.97
19:40:22     all    0.03    0.00    0.00    0.00    0.00    0.00    0.00    0.00    0.00   99.97
19:40:23     all    0.00    0.00    0.00    0.00    0.00    0.00    0.00    0.00    0.00  100.00
19:40:24     all    0.00    0.00    0.00    0.00    0.00    0.00    0.00    0.00    0.00  100.00
19:40:25     all    0.00    0.00    0.00    0.00    0.00    0.00    0.00    0.00    0.00  100.00
19:40:26     all    0.00    0.00    0.00    0.00    0.00    0.00    0.00    0.00    0.00  100.00
19:40:27     all    0.00    0.00    0.00    0.00    0.00    0.00    0.00    0.00    0.00  100.00
19:40:28     all    0.00    0.00    0.00    0.00    0.00    0.00    0.00    0.00    0.00  100.00
19:40:29     all    0.00    0.00    0.00    0.00    0.00    0.00    0.00    0.00    0.00  100.00
19:40:30     all    0.06    0.00    0.09    0.00    0.00    0.03    0.00    0.00    0.00   99.81
19:40:31     all    0.03    0.00    0.03    0.00    0.00    0.00    0.00    0.00    0.00   99.94
19:40:32     all    0.00    0.00    0.00    0.00    0.00    0.00    0.00    0.00    0.00  100.00

Average:     all    0.02    0.00   10.35    0.00    0.00    3.76    0.00    0.00    0.00   85.87
