Linux 4.20.0+ (eternitystorage) 	01/14/24 	_x86_64_	(32 CPU)

15:12:07     CPU    %usr   %nice    %sys %iowait    %irq   %soft  %steal  %guest  %gnice   %idle
15:12:08     all    0.00    0.00    0.16    0.00    0.00    0.00    0.00    0.00    0.00   99.84
15:12:09     all    0.00    0.00    1.72    0.00    0.00    0.41    0.00    0.00    0.00   97.88
15:12:10     all    0.09    0.00    0.47    0.00    0.00    0.06    0.00    0.00    0.00   99.37
15:12:11     all    0.00    0.00    0.41    0.00    0.00    0.03    0.00    0.00    0.00   99.56
15:12:12     all    0.00    0.00    0.50    0.00    0.00    0.03    0.00    0.00    0.00   99.47
15:12:13     all    0.03    0.00    0.47    0.00    0.00    0.09    0.00    0.00    0.00   99.41
15:12:14     all    0.00    0.00    0.28    0.00    0.00    0.03    0.00    0.00    0.00   99.69
15:12:15     all    0.00    0.00    0.44    0.00    0.00    0.06    0.00    0.00    0.00   99.50
15:12:16     all    0.00    0.00    0.50    0.00    0.00    0.06    0.00    0.00    0.00   99.44
15:12:17     all    0.00    0.00    0.47    0.00    0.00    0.06    0.00    0.00    0.00   99.47
15:12:18     all    0.00    0.00    0.47    0.00    0.00    0.06    0.00    0.00    0.00   99.47
15:12:19     all    0.00    0.00    0.56    0.00    0.00    0.06    0.00    0.00    0.00   99.38
15:12:20     all    0.09    0.00    0.47    0.00    0.00    0.03    0.00    0.00    0.00   99.41
15:12:21     all    0.00    0.00    0.44    0.00    0.00    0.06    0.00    0.00    0.00   99.50
15:12:22     all    0.03    0.00    0.44    0.00    0.00    0.06    0.00    0.00    0.00   99.47
15:12:23     all    0.00    0.00    0.47    0.00    0.00    0.06    0.00    0.00    0.00   99.47
15:12:24     all    0.00    0.00    0.56    0.00    0.00    0.09    0.00    0.00    0.00   99.34
15:12:25     all    0.00    0.00    0.44    0.00    0.00    0.06    0.00    0.00    0.00   99.50
15:12:26     all    0.00    0.00    0.31    0.00    0.00    0.03    0.00    0.00    0.00   99.66
15:12:27     all    0.00    0.00    0.59    0.00    0.00    0.09    0.00    0.00    0.00   99.31
15:12:28     all    0.00    0.00    0.44    0.00    0.00    0.06    0.00    0.00    0.00   99.50
15:12:29     all    0.00    0.00    0.59    0.00    0.00    0.06    0.00    0.00    0.00   99.34
15:12:30     all    0.06    0.00    0.44    0.00    0.00    0.06    0.00    0.00    0.00   99.44
15:12:31     all    0.03    0.00    0.47    0.00    0.00    0.03    0.00    0.00    0.00   99.47
15:12:32     all    0.00    0.00    0.34    0.00    0.00    0.09    0.00    0.00    0.00   99.56
15:12:33     all    0.00    0.00    0.38    0.00    0.00    0.06    0.00    0.00    0.00   99.56
15:12:34     all    0.03    0.00    0.47    0.00    0.00    0.03    0.00    0.00    0.00   99.47
15:12:35     all    0.00    0.00    0.16    0.00    0.00    0.00    0.00    0.00    0.00   99.84
15:12:36     all    0.00    0.00    0.00    0.00    0.00    0.00    0.00    0.00    0.00  100.00
15:12:37     all    0.00    0.00    0.06    0.00    0.00    0.00    0.00    0.00    0.00   99.94
15:12:38     all    0.00    0.00    0.00    0.00    0.00    0.00    0.00    0.00    0.00  100.00
15:12:39     all    0.00    0.00    0.00    0.00    0.00    0.00    0.00    0.00    0.00  100.00
15:12:40     all    0.06    0.00    0.09    0.00    0.00    0.00    0.00    0.00    0.00   99.84
15:12:41     all    0.00    0.00    0.00    0.00    0.00    0.00    0.00    0.00    0.00  100.00
15:12:42     all    0.00    0.00    0.00    0.00    0.00    0.00    0.00    0.00    0.00  100.00
15:12:43     all    0.00    0.00    0.03    0.00    0.00    0.00    0.00    0.00    0.00   99.97
15:12:44     all    0.00    0.00    0.00    0.00    0.00    0.00    0.00    0.00    0.00  100.00
15:12:45     all    0.00    0.00    0.03    0.00    0.00    0.00    0.00    0.00    0.00   99.97
15:12:46     all    0.00    0.00    0.00    0.00    0.00    0.00    0.00    0.00    0.00  100.00
15:12:47     all    0.00    0.00    0.00    0.00    0.00    0.00    0.00    0.00    0.00  100.00
15:12:48     all    0.00    0.00    0.00    0.00    0.00    0.00    0.00    0.00    0.00  100.00
15:12:49     all    0.00    0.00    0.00    0.00    0.00    0.00    0.00    0.00    0.00  100.00
15:12:50     all    0.09    0.00    0.09    0.00    0.00    0.00    0.00    0.00    0.00   99.81
15:12:51     all    0.00    0.00    0.00    0.00    0.00    0.00    0.00    0.00    0.00  100.00
15:12:52     all    0.00    0.00    0.00    0.00    0.00    0.00    0.00    0.00    0.00  100.00
15:12:53     all    0.03    0.00    0.00    0.00    0.00    0.00    0.00    0.00    0.00   99.97
15:12:54     all    0.00    0.00    0.00    0.00    0.00    0.00    0.00    0.00    0.00  100.00
15:12:55     all    0.00    0.00    0.00    0.00    0.00    0.00    0.00    0.00    0.00  100.00
15:12:56     all    0.00    0.00    0.00    0.00    0.00    0.00    0.00    0.00    0.00  100.00
15:12:57     all    0.00    0.00    0.03    0.00    0.00    0.00    0.00    0.00    0.00   99.97
15:12:58     all    0.00    0.00    0.03    0.00    0.00    0.00    0.00    0.00    0.00   99.97
15:12:59     all    0.00    0.00    0.00    0.00    0.00    0.00    0.00    0.00    0.00  100.00
15:13:00     all    0.38    0.00    0.13    0.00    0.00    0.00    0.00    0.00    0.00   99.50
15:13:01     all    0.00    0.00    0.03    0.00    0.00    0.00    0.00    0.00    0.00   99.97
15:13:02     all    0.00    0.00    0.03    0.00    0.00    0.00    0.00    0.00    0.00   99.97
15:13:03     all    0.03    0.00    0.00    0.00    0.00    0.00    0.00    0.00    0.00   99.97
15:13:04     all    0.00    0.00    0.03    0.00    0.00    0.00    0.00    0.00    0.00   99.97
15:13:05     all    0.00    0.00    0.03    0.00    0.00    0.00    0.00    0.00    0.00   99.97
15:13:06     all    0.00    0.00    0.00    0.00    0.00    0.00    0.00    0.00    0.00  100.00
15:13:07     all    0.00    0.00    0.00    0.00    0.00    0.00    0.00    0.00    0.00  100.00
15:13:08     all    0.00    0.00    0.03    0.00    0.00    0.00    0.00    0.00    0.00   99.97
15:13:09     all    0.00    0.00    0.03    0.00    0.00    0.00    0.00    0.00    0.00   99.97
15:13:10     all    0.03    0.00    0.06    0.00    0.00    0.00    0.00    0.00    0.00   99.91
15:13:11     all    0.00    0.00    0.00    0.00    0.00    0.00    0.00    0.00    0.00  100.00
15:13:12     all    0.00    0.00    0.00    0.00    0.00    0.00    0.00    0.00    0.00  100.00
15:13:13     all    0.03    0.00    0.03    0.00    0.00    0.00    0.00    0.00    0.00   99.94
15:13:14     all    0.00    0.00    0.00    0.00    0.00    0.00    0.00    0.00    0.00  100.00
15:13:15     all    0.00    0.00    0.00    0.00    0.00    0.00    0.00    0.00    0.00  100.00
15:13:16     all    0.00    0.00    0.00    0.00    0.00    0.00    0.00    0.00    0.00  100.00
15:13:17     all    0.00    0.00    0.00    0.00    0.00    0.00    0.00    0.00    0.00  100.00
15:13:18     all    0.00    0.00    0.00    0.00    0.00    0.00    0.00    0.00    0.00  100.00
15:13:19     all    0.00    0.00    0.00    0.00    0.00    0.00    0.00    0.00    0.00  100.00
15:13:20     all    0.09    0.00    0.06    0.00    0.00    0.00    0.00    0.00    0.00   99.84
15:13:21     all    0.00    0.00    0.00    0.00    0.00    0.00    0.00    0.00    0.00  100.00
15:13:22     all    0.00    0.00    0.00    0.00    0.00    0.00    0.00    0.00    0.00  100.00
15:13:23     all    0.00    0.00    0.03    0.00    0.00    0.00    0.00    0.00    0.00   99.97
15:13:24     all    0.00    0.00    0.00    0.00    0.00    0.00    0.00    0.00    0.00  100.00
15:13:25     all    0.00    0.00    0.00    0.00    0.00    0.00    0.00    0.00    0.00  100.00
15:13:26     all    0.00    0.00    0.00    0.00    0.00    0.00    0.00    0.00    0.00  100.00
15:13:27     all    0.00    0.00    0.00    0.00    0.00    0.00    0.00    0.00    0.00  100.00
15:13:28     all    0.00    0.00    0.00    0.00    0.00    0.00    0.00    0.00    0.00  100.00
15:13:29     all    0.00    0.00    0.00    0.00    0.00    0.00    0.00    0.00    0.00  100.00
15:13:30     all    0.09    0.00    0.03    0.00    0.00    0.00    0.00    0.00    0.00   99.87
15:13:31     all    0.00    0.00    0.00    0.00    0.00    0.00    0.00    0.00    0.00  100.00
15:13:32     all    0.00    0.00    0.00    0.00    0.00    0.00    0.00    0.00    0.00  100.00
15:13:33     all    0.00    0.00    0.03    0.00    0.00    0.00    0.00    0.00    0.00   99.97
15:13:34     all    0.00    0.00    0.00    0.00    0.00    0.00    0.00    0.00    0.00  100.00
15:13:35     all    0.03    0.00    0.00    0.00    0.00    0.00    0.00    0.00    0.00   99.97
15:13:36     all    0.00    0.00    0.00    0.00    0.00    0.00    0.00    0.00    0.00  100.00
15:13:37     all    0.00    0.00    0.00    0.00    0.00    0.00    0.00    0.00    0.00  100.00
15:13:38     all    0.00    0.00    0.00    0.00    0.00    0.00    0.00    0.00    0.00  100.00
15:13:39     all    0.00    0.00    0.00    0.00    0.00    0.00    0.00    0.00    0.00  100.00
15:13:40     all    0.06    0.00    0.06    0.00    0.00    0.00    0.00    0.00    0.00   99.87
15:13:41     all    0.00    0.00    0.00    0.00    0.00    0.00    0.00    0.00    0.00  100.00
15:13:42     all    0.00    0.00    0.00    0.00    0.00    0.00    0.00    0.00    0.00  100.00
15:13:43     all    0.00    0.00    0.03    0.00    0.00    0.00    0.00    0.00    0.00   99.97
15:13:44     all    0.03    0.00    0.00    0.00    0.00    0.00    0.00    0.00    0.00   99.97
15:13:45     all    0.00    0.00    0.03    0.00    0.00    0.00    0.00    0.00    0.00   99.97
15:13:46     all    0.00    0.00    0.00    0.00    0.00    0.00    0.00    0.00    0.00  100.00
15:13:47     all    0.00    0.00    0.00    0.00    0.00    0.00    0.00    0.00    0.00  100.00
15:13:48     all    0.00    0.00    0.03    0.00    0.00    0.00    0.00    0.00    0.00   99.97
15:13:49     all    0.00    0.00    0.00    0.00    0.00    0.00    0.00    0.00    0.00  100.00
15:13:50     all    0.09    0.00    0.09    0.00    0.00    0.00    0.00    0.00    0.00   99.81
15:13:51     all    0.00    0.00    0.00    0.00    0.00    0.00    0.00    0.00    0.00  100.00
15:13:52     all    0.00    0.00    0.00    0.00    0.00    0.00    0.00    0.00    0.00  100.00
15:13:53     all    0.00    0.00    0.06    0.00    0.00    0.00    0.00    0.00    0.00   99.94
15:13:54     all    0.00    0.00    0.03    0.00    0.00    0.00    0.00    0.00    0.00   99.97
15:13:55     all    0.00    0.00    0.00    0.00    0.00    0.00    0.00    0.00    0.00  100.00
15:13:56     all    0.00    0.00    0.00    0.00    0.00    0.00    0.00    0.00    0.00  100.00
15:13:57     all    0.00    0.00    0.03    0.00    0.00    0.00    0.00    0.00    0.00   99.97
15:13:58     all    0.00    0.00    0.00    0.00    0.00    0.00    0.00    0.00    0.00  100.00
15:13:59     all    0.34    0.00    0.00    0.00    0.00    0.00    0.00    0.00    0.00   99.66
15:14:00     all    0.34    0.00    0.13    0.00    0.00    0.00    0.00    0.00    0.00   99.53
15:14:01     all    0.00    0.00    0.00    0.00    0.00    0.00    0.00    0.00    0.00  100.00
15:14:02     all    0.00    0.00    0.00    0.00    0.00    0.00    0.00    0.00    0.00  100.00
15:14:03     all    0.00    0.00    0.03    0.00    0.00    0.00    0.00    0.00    0.00   99.97
15:14:04     all    0.00    0.00    0.00    0.00    0.00    0.00    0.00    0.00    0.00  100.00
15:14:05     all    0.00    0.00    0.00    0.00    0.00    0.00    0.00    0.00    0.00  100.00
15:14:06     all    0.00    0.00    0.03    0.00    0.00    0.00    0.00    0.00    0.00   99.97
15:14:07     all    0.00    0.00    0.00    0.00    0.00    0.00    0.00    0.00    0.00  100.00
15:14:08     all    0.03    0.00    0.00    0.00    0.00    0.00    0.00    0.00    0.00   99.97
15:14:09     all    0.00    0.00    0.00    0.00    0.00    0.00    0.00    0.00    0.00  100.00
15:14:10     all    0.06    0.00    0.06    0.00    0.00    0.00    0.00    0.00    0.00   99.87
15:14:11     all    0.00    0.00    0.00    0.00    0.00    0.00    0.00    0.00    0.00  100.00
15:14:12     all    0.00    0.00    0.00    0.00    0.00    0.00    0.00    0.00    0.00  100.00
15:14:13     all    0.03    0.00    0.00    0.00    0.00    0.00    0.00    0.00    0.00   99.97
15:14:14     all    0.00    0.00    0.00    0.00    0.00    0.00    0.00    0.00    0.00  100.00
15:14:15     all    0.00    0.00    0.03    0.00    0.00    0.00    0.00    0.00    0.00   99.97
15:14:16     all    0.00    0.00    0.00    0.00    0.00    0.00    0.00    0.00    0.00  100.00
15:14:17     all    0.00    0.00    0.00    0.00    0.00    0.00    0.00    0.00    0.00  100.00
15:14:18     all    0.00    0.00    0.00    0.00    0.00    0.00    0.00    0.00    0.00  100.00
15:14:19     all    0.00    0.00    0.00    0.00    0.00    0.00    0.00    0.00    0.00  100.00
15:14:20     all    0.06    0.00    0.06    0.00    0.00    0.00    0.00    0.00    0.00   99.87
15:14:21     all    0.00    0.00    0.00    0.00    0.00    0.00    0.00    0.00    0.00  100.00
15:14:22     all    0.00    0.00    0.00    0.00    0.00    0.00    0.00    0.00    0.00  100.00
15:14:23     all    0.03    0.00    0.03    0.00    0.00    0.00    0.00    0.00    0.00   99.94
15:14:24     all    0.00    0.00    0.06    0.00    0.00    0.00    0.00    0.00    0.00   99.94
15:14:25     all    0.00    0.00    0.44    0.00    0.00    0.03    0.00    0.00    0.00   99.53
15:14:26     all    0.00    0.00    0.31    0.00    0.00    0.00    0.00    0.00    0.00   99.69
15:14:27     all    0.00    0.00    0.41    0.00    0.00    0.03    0.00    0.00    0.00   99.56
15:14:28     all    0.00    0.00    1.07    0.00    0.00    0.13    0.00    0.00    0.00   98.81
15:14:29     all    0.00    0.00    1.29    0.00    0.00    0.09    0.00    0.00    0.00   98.62
15:14:30     all    0.09    0.00    1.89    0.00    0.00    0.31    0.00    0.00    0.00   97.70
15:14:31     all    0.00    0.00    1.79    0.00    0.00    0.16    0.00    0.00    0.00   98.05
15:14:32     all    0.00    0.00    0.59    0.00    0.00    0.03    0.00    0.00    0.00   99.37
15:14:33     all    0.00    0.00    1.81    0.00    0.00    0.13    0.00    0.00    0.00   98.06
15:14:34     all    0.00    0.00    2.10    0.00    0.00    0.25    0.00    0.00    0.00   97.65
15:14:35     all    0.00    0.00    1.51    0.00    0.00    0.28    0.00    0.00    0.00   98.20
15:14:36     all    0.00    0.00    2.18    0.00    0.00    0.28    0.00    0.00    0.00   97.54
15:14:37     all    0.00    0.00    2.00    0.00    0.00    0.22    0.00    0.00    0.00   97.78
15:14:38     all    0.00    0.00    1.07    0.00    0.00    0.16    0.00    0.00    0.00   98.78
15:14:39     all    0.00    0.00    1.86    0.00    0.00    0.25    0.00    0.00    0.00   97.89
15:14:40     all    0.06    0.00    1.73    0.00    0.00    0.16    0.00    0.00    0.00   98.05
15:14:41     all    0.00    0.00    1.25    0.00    0.00    0.22    0.00    0.00    0.00   98.53
15:14:42     all    0.00    0.00    1.00    0.00    0.00    0.00    0.00    0.00    0.00   99.00
15:14:43     all    0.03    0.00    1.91    0.00    0.00    0.31    0.00    0.00    0.00   97.74
15:14:44     all    0.00    0.00    2.45    0.00    0.00    0.25    0.00    0.00    0.00   97.30
15:14:45     all    0.03    0.00    1.54    0.00    0.00    0.25    0.00    0.00    0.00   98.17
15:14:46     all    0.00    0.00    1.63    0.00    0.00    0.16    0.00    0.00    0.00   98.21
15:14:47     all    0.00    0.00    1.10    0.00    0.00    0.09    0.00    0.00    0.00   98.81
15:14:48     all    0.00    0.00    0.85    0.00    0.00    0.06    0.00    0.00    0.00   99.09
15:14:49     all    0.00    0.00    1.69    0.00    0.00    0.16    0.00    0.00    0.00   98.15
15:14:50     all    0.06    0.00    1.95    0.00    0.00    0.22    0.00    0.00    0.00   97.77
15:14:51     all    0.00    0.00    1.82    0.00    0.00    0.25    0.00    0.00    0.00   97.93
15:14:52     all    0.00    0.00    1.66    0.00    0.00    0.22    0.00    0.00    0.00   98.12
15:14:53     all    0.03    0.00    2.16    0.00    0.00    0.25    0.00    0.00    0.00   97.55
15:14:54     all    0.00    0.00    1.85    0.00    0.00    0.22    0.00    0.00    0.00   97.93
15:14:55     all    0.00    0.00    1.64    0.00    0.00    0.19    0.00    0.00    0.00   98.18
15:14:56     all    0.00    0.00    1.98    0.00    0.00    0.25    0.00    0.00    0.00   97.77
15:14:57     all    0.03    0.00    0.91    0.00    0.00    0.19    0.00    0.00    0.00   98.87
15:14:58     all    0.00    0.00    1.53    0.00    0.00    0.13    0.00    0.00    0.00   98.34
15:14:59     all    0.00    0.00    1.95    0.00    0.00    0.25    0.00    0.00    0.00   97.80
15:15:00     all    0.31    0.00    2.01    0.00    0.00    0.31    0.00    0.00    0.00   97.36
15:15:01     all    0.00    0.00    1.54    0.00    0.00    0.16    0.00    0.00    0.00   98.30
15:15:02     all    0.00    0.00    1.66    0.00    0.00    0.19    0.00    0.00    0.00   98.15
15:15:03     all    0.00    0.00    1.51    0.00    0.00    0.22    0.00    0.00    0.00   98.28
15:15:04     all    0.00    0.00    1.32    0.00    0.00    0.25    0.00    0.00    0.00   98.43
15:15:05     all    0.00    0.00    0.91    0.00    0.00    0.03    0.00    0.00    0.00   99.06
15:15:06     all    0.03    0.00    1.59    0.00    0.00    0.09    0.00    0.00    0.00   98.28
15:15:07     all    0.00    0.00    2.01    0.00    0.00    0.25    0.00    0.00    0.00   97.74
15:15:08     all    0.00    0.00    1.69    0.00    0.00    0.34    0.00    0.00    0.00   97.96
15:15:09     all    0.00    0.00    1.63    0.00    0.00    0.16    0.00    0.00    0.00   98.21
15:15:10     all    0.06    0.00    1.76    0.00    0.00    0.22    0.00    0.00    0.00   97.96
15:15:11     all    0.00    0.00    1.63    0.00    0.00    0.16    0.00    0.00    0.00   98.21
15:15:12     all    0.00    0.00    1.95    0.00    0.00    0.28    0.00    0.00    0.00   97.77
15:15:13     all    0.03    0.00    2.23    0.00    0.00    0.38    0.00    0.00    0.00   97.36
15:15:14     all    0.00    0.00    1.67    0.00    0.00    0.31    0.00    0.00    0.00   98.02
15:15:15     all    0.00    0.00    1.29    0.00    0.00    0.16    0.00    0.00    0.00   98.56
15:15:16     all    0.00    0.00    1.85    0.00    0.00    0.22    0.00    0.00    0.00   97.93
15:15:17     all    0.00    0.00    1.95    0.00    0.00    0.16    0.00    0.00    0.00   97.89
15:15:18     all    0.00    0.00    1.88    0.00    0.00    0.13    0.00    0.00    0.00   97.99
15:15:19     all    0.00    0.00    1.83    0.00    0.00    0.16    0.00    0.00    0.00   98.02
15:15:20     all    0.06    0.00    1.63    0.00    0.00    0.09    0.00    0.00    0.00   98.21
15:15:21     all    0.00    0.00    1.82    0.00    0.00    0.19    0.00    0.00    0.00   97.99
15:15:22     all    0.00    0.00    0.94    0.00    0.00    0.06    0.00    0.00    0.00   99.00
15:15:23     all    0.00    0.00    1.53    0.00    0.00    0.13    0.00    0.00    0.00   98.34
15:15:24     all    0.00    0.00    1.79    0.00    0.00    0.22    0.00    0.00    0.00   97.99
15:15:25     all    0.00    0.00    1.82    0.00    0.00    0.19    0.00    0.00    0.00   97.99
15:15:26     all    0.00    0.00    1.19    0.00    0.00    0.16    0.00    0.00    0.00   98.65
15:15:27     all    0.00    0.00    1.63    0.00    0.00    0.13    0.00    0.00    0.00   98.24
15:15:28     all    0.00    0.00    1.69    0.00    0.00    0.16    0.00    0.00    0.00   98.15
15:15:29     all    0.00    0.00    2.14    0.00    0.00    0.25    0.00    0.00    0.00   97.61
15:15:30     all    0.09    0.00    2.08    0.00    0.00    0.25    0.00    0.00    0.00   97.58
15:15:31     all    0.00    0.00    2.07    0.00    0.00    0.28    0.00    0.00    0.00   97.64
15:15:32     all    0.00    0.00    0.75    0.00    0.00    0.06    0.00    0.00    0.00   99.19
15:15:33     all    0.00    0.00    1.63    0.00    0.00    0.19    0.00    0.00    0.00   98.18
15:15:34     all    0.00    0.00    1.98    0.00    0.00    0.22    0.00    0.00    0.00   97.80
15:15:35     all    0.03    0.00    1.88    0.00    0.00    0.19    0.00    0.00    0.00   97.90
15:15:36     all    0.00    0.00    1.66    0.00    0.00    0.28    0.00    0.00    0.00   98.05
15:15:37     all    0.00    0.00    1.47    0.00    0.00    0.19    0.00    0.00    0.00   98.34
15:15:38     all    0.00    0.00    1.98    0.00    0.00    0.35    0.00    0.00    0.00   97.67
15:15:39     all    0.00    0.00    2.20    0.00    0.00    0.35    0.00    0.00    0.00   97.46
15:15:40     all    0.09    0.00    2.01    0.00    0.00    0.16    0.00    0.00    0.00   97.74
15:15:41     all    0.00    0.00    1.07    0.00    0.00    0.09    0.00    0.00    0.00   98.84
15:15:42     all    0.00    0.00    1.25    0.00    0.00    0.09    0.00    0.00    0.00   98.66
15:15:43     all    0.03    0.00    1.38    0.00    0.00    0.16    0.00    0.00    0.00   98.43
15:15:44     all    0.00    0.00    1.70    0.00    0.00    0.22    0.00    0.00    0.00   98.08
15:15:45     all    0.00    0.00    1.66    0.00    0.00    0.13    0.00    0.00    0.00   98.21
15:15:46     all    0.00    0.00    1.88    0.00    0.00    0.16    0.00    0.00    0.00   97.96
15:15:47     all    0.00    0.00    1.16    0.00    0.00    0.19    0.00    0.00    0.00   98.65
15:15:48     all    0.00    0.00    2.29    0.00    0.00    0.22    0.00    0.00    0.00   97.49
15:15:49     all    0.00    0.00    2.29    0.00    0.00    0.28    0.00    0.00    0.00   97.43
15:15:50     all    0.06    0.00    2.35    0.00    0.00    0.31    0.00    0.00    0.00   97.27
15:15:51     all    0.00    0.00    1.13    0.00    0.00    0.06    0.00    0.00    0.00   98.81
15:15:52     all    0.00    0.00    1.16    0.00    0.00    0.03    0.00    0.00    0.00   98.81
15:15:53     all    0.03    0.00    1.94    0.00    0.00    0.22    0.00    0.00    0.00   97.80
15:15:54     all    0.00    0.00    1.42    0.00    0.00    0.13    0.00    0.00    0.00   98.46
15:15:55     all    0.00    0.00    2.00    0.00    0.00    0.16    0.00    0.00    0.00   97.84
15:15:56     all    0.00    0.00    1.73    0.00    0.00    0.19    0.00    0.00    0.00   98.09
15:15:57     all    0.00    0.00    2.14    0.00    0.00    0.28    0.00    0.00    0.00   97.58
15:15:58     all    0.00    0.00    1.41    0.00    0.00    0.13    0.00    0.00    0.00   98.46
15:15:59     all    0.00    0.00    1.16    0.00    0.00    0.06    0.00    0.00    0.00   98.78
15:16:00     all    0.38    0.00    1.75    0.00    0.00    0.50    0.00    0.00    0.00   97.37
15:16:01     all    0.00    0.00    1.76    0.00    0.00    0.19    0.00    0.00    0.00   98.05
15:16:02     all    0.00    0.00    1.35    0.00    0.00    0.16    0.00    0.00    0.00   98.49
15:16:03     all    0.00    0.00    1.67    0.00    0.00    0.16    0.00    0.00    0.00   98.17
15:16:04     all    0.00    0.00    1.22    0.00    0.00    0.19    0.00    0.00    0.00   98.59
15:16:05     all    0.00    0.00    1.45    0.00    0.00    0.13    0.00    0.00    0.00   98.43
15:16:06     all    0.03    0.00    2.32    0.00    0.00    0.41    0.00    0.00    0.00   97.24
15:16:07     all    0.00    0.00    0.82    0.00    0.00    0.06    0.00    0.00    0.00   99.12
15:16:08     all    0.00    0.00    1.19    0.00    0.00    0.09    0.00    0.00    0.00   98.71
15:16:09     all    0.22    0.00    1.85    0.00    0.00    0.22    0.00    0.00    0.00   97.71
15:16:10     all    0.09    0.00    1.82    0.00    0.00    0.25    0.00    0.00    0.00   97.83
15:16:11     all    0.00    0.00    1.44    0.00    0.00    0.06    0.00    0.00    0.00   98.50
15:16:12     all    0.00    0.00    1.47    0.00    0.00    0.19    0.00    0.00    0.00   98.34
15:16:13     all    0.00    0.00    1.04    0.00    0.00    0.19    0.00    0.00    0.00   98.78
15:16:14     all    0.00    0.00    2.02    0.00    0.00    0.25    0.00    0.00    0.00   97.73
15:16:15     all    0.00    0.00    2.05    0.00    0.00    0.35    0.00    0.00    0.00   97.61
15:16:16     all    0.00    0.00    1.53    0.00    0.00    0.13    0.00    0.00    0.00   98.34
15:16:17     all    0.00    0.00    1.00    0.00    0.00    0.00    0.00    0.00    0.00   99.00
15:16:18     all    0.00    0.00    1.82    0.00    0.00    0.16    0.00    0.00    0.00   98.02
15:16:19     all    0.00    0.00    2.07    0.00    0.00    0.22    0.00    0.00    0.00   97.72
15:16:20     all    0.09    0.00    1.63    0.00    0.00    0.09    0.00    0.00    0.00   98.18
15:16:21     all    0.00    0.00    1.60    0.00    0.00    0.09    0.00    0.00    0.00   98.31
15:16:22     all    0.00    0.00    1.19    0.00    0.00    0.19    0.00    0.00    0.00   98.62
15:16:23     all    0.00    0.00    1.88    0.00    0.00    0.31    0.00    0.00    0.00   97.80
15:16:24     all    0.00    0.00    1.98    0.00    0.00    0.28    0.00    0.00    0.00   97.73
15:16:25     all    0.00    0.00    2.01    0.00    0.00    0.28    0.00    0.00    0.00   97.71
15:16:26     all    0.00    0.00    1.28    0.00    0.00    0.16    0.00    0.00    0.00   98.56
15:16:27     all    0.00    0.00    1.28    0.00    0.00    0.16    0.00    0.00    0.00   98.56
15:16:28     all    0.00    0.00    1.82    0.00    0.00    0.09    0.00    0.00    0.00   98.08
15:16:29     all    0.00    0.00    0.69    0.00    0.00    0.03    0.00    0.00    0.00   99.28
15:16:30     all    0.09    0.00    0.50    0.00    0.00    0.03    0.00    0.00    0.00   99.37
15:16:31     all    0.00    0.00    0.34    0.00    0.00    0.00    0.00    0.00    0.00   99.66
15:16:32     all    0.00    0.00    0.22    0.00    0.00    0.00    0.00    0.00    0.00   99.78
15:16:33     all    0.00    0.00    0.25    0.00    0.00    0.03    0.00    0.00    0.00   99.72
15:16:34     all    0.00    0.00    0.25    0.00    0.00    0.00    0.00    0.00    0.00   99.75
15:16:35     all    0.00    0.00    0.22    0.00    0.00    0.00    0.00    0.00    0.00   99.78
15:16:36     all    0.00    0.00    0.19    0.00    0.00    0.00    0.00    0.00    0.00   99.81
15:16:37     all    0.00    0.00    0.03    0.00    0.00    0.00    0.00    0.00    0.00   99.97
15:16:38     all    0.00    0.00    0.00    0.00    0.00    0.00    0.00    0.00    0.00  100.00
15:16:39     all    0.00    0.00    0.00    0.00    0.00    0.00    0.00    0.00    0.00  100.00
15:16:40     all    0.09    0.00    0.06    0.00    0.00    0.00    0.00    0.00    0.00   99.84
15:16:41     all    0.00    0.00    0.00    0.00    0.00    0.00    0.00    0.00    0.00  100.00
15:16:42     all    0.00    0.00    0.00    0.00    0.00    0.00    0.00    0.00    0.00  100.00
15:16:43     all    0.03    0.00    0.00    0.00    0.00    0.00    0.00    0.00    0.00   99.97
15:16:44     all    0.00    0.00    0.00    0.00    0.00    0.00    0.00    0.00    0.00  100.00
15:16:45     all    0.00    0.00    0.00    0.00    0.00    0.00    0.00    0.00    0.00  100.00
15:16:46     all    0.00    0.00    0.00    0.00    0.00    0.00    0.00    0.00    0.00  100.00
15:16:47     all    0.00    0.00    0.00    0.00    0.00    0.00    0.00    0.00    0.00  100.00
15:16:48     all    0.00    0.00    0.00    0.00    0.00    0.00    0.00    0.00    0.00  100.00
15:16:49     all    0.00    0.00    0.00    0.00    0.00    0.00    0.00    0.00    0.00  100.00
15:16:50     all    0.09    0.00    0.03    0.00    0.00    0.00    0.00    0.00    0.00   99.87
15:16:51     all    0.00    0.00    0.00    0.00    0.00    0.00    0.00    0.00    0.00  100.00
15:16:52     all    0.00    0.00    0.00    0.00    0.00    0.00    0.00    0.00    0.00  100.00
15:16:53     all    0.00    0.00    0.03    0.00    0.00    0.00    0.00    0.00    0.00   99.97
15:16:54     all    0.00    0.00    0.00    0.00    0.00    0.00    0.00    0.00    0.00  100.00
15:16:55     all    0.00    0.00    0.00    0.00    0.00    0.00    0.00    0.00    0.00  100.00
15:16:56     all    0.00    0.00    0.00    0.00    0.00    0.00    0.00    0.00    0.00  100.00
15:16:57     all    0.00    0.00    0.00    0.00    0.00    0.00    0.00    0.00    0.00  100.00

Average:     all    0.02    0.00    0.75    0.00    0.00    0.09    0.00    0.00    0.00   99.15
