Linux 4.20.0+ (eternitystorage) 	01/13/24 	_x86_64_	(32 CPU)

20:42:01     CPU    %usr   %nice    %sys %iowait    %irq   %soft  %steal  %guest  %gnice   %idle
20:42:02     all    0.00    0.00    0.03    0.00    0.00    0.00    0.00    0.00    0.00   99.97
20:42:03     all    0.00    0.00    0.00    0.00    0.00    0.00    0.00    0.00    0.00  100.00
20:42:04     all    0.03    0.00    0.00    0.00    0.00    0.00    0.00    0.00    0.00   99.97
20:42:05     all    0.00    0.00    0.03    0.00    0.00    0.00    0.00    0.00    0.00   99.97
20:42:06     all    0.03    0.00    0.00    0.00    0.00    0.00    0.00    0.00    0.00   99.97
20:42:07     all    0.00    0.00    0.00    0.00    0.00    0.00    0.00    0.00    0.00  100.00
20:42:08     all    0.00    0.00    0.00    0.00    0.00    0.00    0.00    0.00    0.00  100.00
20:42:09     all    0.00    0.00    0.00    0.00    0.00    0.00    0.00    0.00    0.00  100.00
20:42:10     all    0.09    0.00    0.06    0.00    0.00    0.09    0.00    0.00    0.00   99.75
20:42:11     all    0.00    0.00    0.03    0.00    0.00    0.00    0.00    0.00    0.00   99.97
20:42:12     all    0.03    0.00    0.00    0.00    0.00    0.00    0.00    0.00    0.00   99.97
20:42:13     all    0.00    0.00    0.00    0.00    0.00    0.00    0.00    0.00    0.00  100.00
20:42:14     all    0.00    0.00    0.00    0.00    0.00    0.00    0.00    0.00    0.00  100.00
20:42:15     all    0.00    0.00    0.03    0.00    0.00    0.00    0.00    0.00    0.00   99.97
20:42:16     all    0.00    0.00    0.00    0.00    0.00    0.00    0.00    0.00    0.00  100.00
20:42:17     all    0.00    0.00    0.38    0.00    0.00    0.03    0.00    0.00    0.00   99.59
20:42:18     all    0.00    0.00    0.03    0.00    0.00    0.00    0.00    0.00    0.00   99.97
20:42:19     all    0.00    0.00    0.00    0.00    0.00    0.00    0.00    0.00    0.00  100.00
20:42:20     all    0.09    0.00    0.09    0.00    0.00    0.06    0.00    0.00    0.00   99.75
20:42:21     all    0.00    0.00    0.06    0.00    0.00    0.00    0.00    0.00    0.00   99.94
20:42:22     all    0.00    0.00    0.00    0.00    0.00    0.00    0.00    0.00    0.00  100.00
20:42:23     all    0.00    0.00    0.00    0.00    0.00    0.00    0.00    0.00    0.00  100.00
20:42:24     all    0.00    0.00    0.00    0.00    0.00    0.00    0.00    0.00    0.00  100.00
20:42:25     all    0.00    0.00    0.00    0.00    0.00    0.00    0.00    0.00    0.00  100.00
20:42:26     all    0.00    0.00    0.00    0.00    0.00    0.00    0.00    0.00    0.00  100.00
20:42:27     all    0.00    0.00    0.00    0.00    0.00    0.00    0.00    0.00    0.00  100.00
20:42:28     all    0.00    0.00    0.00    0.00    0.00    0.00    0.00    0.00    0.00  100.00
20:42:29     all    0.00    0.00    0.00    0.00    0.00    0.00    0.00    0.00    0.00  100.00
20:42:30     all    0.09    0.00    0.06    0.00    0.00    0.09    0.00    0.00    0.00   99.75
20:42:31     all    0.00    0.00    0.03    0.00    0.00    0.00    0.00    0.00    0.00   99.97
20:42:32     all    0.00    0.00    0.00    0.00    0.00    0.00    0.00    0.00    0.00  100.00
20:42:33     all    0.03    0.00    0.00    0.00    0.00    0.00    0.00    0.00    0.00   99.97
20:42:34     all    0.00    0.00    0.47    0.00    0.00    0.00    0.00    0.00    0.00   99.53
20:42:35     all    0.00    0.00    0.59    0.00    0.00    0.00    0.00    0.00    0.00   99.41
20:42:36     all    0.00    0.00    0.75    0.00    0.00    0.00    0.00    0.00    0.00   99.25
20:42:37     all    0.00    0.00    0.56    0.00    0.00    0.03    0.00    0.00    0.00   99.41
20:42:38     all    0.00    0.00    0.63    0.00    0.00    0.00    0.00    0.00    0.00   99.37
20:42:39     all    0.00    0.00    0.56    0.00    0.00    0.00    0.00    0.00    0.00   99.44
20:42:40     all    0.09    0.00    0.47    0.00    0.00    0.00    0.00    0.00    0.00   99.44
20:42:41     all    0.00    0.00    0.78    0.00    0.00    0.03    0.00    0.00    0.00   99.19
20:42:42     all    0.00    0.00    0.63    0.00    0.00    0.00    0.00    0.00    0.00   99.37
20:42:43     all    0.00    0.00    0.56    0.00    0.00    0.00    0.00    0.00    0.00   99.44
20:42:44     all    0.00    0.00    0.56    0.00    0.00    0.00    0.00    0.00    0.00   99.44
20:42:45     all    0.00    0.00    0.63    0.00    0.00    0.00    0.00    0.00    0.00   99.37
20:42:46     all    0.00    0.00    0.53    0.00    0.00    0.00    0.00    0.00    0.00   99.47
20:42:47     all    0.34    0.00    0.53    0.00    0.00    0.00    0.00    0.00    0.00   99.12
20:42:48     all    0.00    0.00    0.63    0.00    0.00    0.03    0.00    0.00    0.00   99.34
20:42:49     all    0.00    0.00    0.44    0.00    0.00    0.00    0.00    0.00    0.00   99.56
20:42:50     all    0.06    0.00    0.63    0.00    0.00    0.03    0.00    0.00    0.00   99.28
20:42:51     all    0.03    0.00    0.38    0.00    0.00    0.00    0.00    0.00    0.00   99.59
20:42:52     all    0.00    0.00    0.44    0.00    0.00    0.03    0.00    0.00    0.00   99.53
20:42:53     all    0.00    0.00    0.59    0.00    0.00    0.00    0.00    0.00    0.00   99.41
20:42:54     all    0.00    0.00    0.44    0.00    0.00    0.00    0.00    0.00    0.00   99.56
20:42:55     all    0.00    0.00    0.59    0.00    0.00    0.00    0.00    0.00    0.00   99.41
20:42:56     all    0.00    0.00    0.53    0.00    0.00    0.00    0.00    0.00    0.00   99.47
20:42:57     all    0.00    0.00    0.44    0.00    0.00    0.00    0.00    0.00    0.00   99.56
20:42:58     all    0.00    0.00    0.56    0.00    0.00    0.00    0.00    0.00    0.00   99.44
20:42:59     all    0.00    0.00    0.63    0.00    0.00    0.00    0.00    0.00    0.00   99.37
20:43:00     all    0.34    0.00    0.62    0.00    0.00    0.22    0.00    0.00    0.00   98.81
20:43:01     all    0.03    0.00    0.47    0.00    0.00    0.00    0.00    0.00    0.00   99.50
20:43:02     all    0.00    0.00    0.66    0.00    0.00    0.00    0.00    0.00    0.00   99.34
20:43:03     all    0.00    0.00    0.56    0.00    0.00    0.03    0.00    0.00    0.00   99.41
20:43:04     all    0.00    0.00    0.56    0.00    0.00    0.00    0.00    0.00    0.00   99.44
20:43:05     all    0.00    0.00    0.63    0.00    0.00    0.00    0.00    0.00    0.00   99.37
20:43:06     all    0.00    0.00    0.66    0.00    0.00    0.00    0.00    0.00    0.00   99.34
20:43:07     all    0.00    0.00    0.47    0.00    0.00    0.00    0.00    0.00    0.00   99.53
20:43:08     all    0.00    0.00    0.63    0.00    0.00    0.03    0.00    0.00    0.00   99.34
20:43:09     all    0.00    0.00    0.56    0.00    0.00    0.00    0.00    0.00    0.00   99.44
20:43:10     all    0.06    0.00    0.69    0.00    0.00    0.00    0.00    0.00    0.00   99.25
20:43:11     all    0.00    0.00    0.50    0.00    0.00    0.00    0.00    0.00    0.00   99.50
20:43:12     all    0.00    0.00    0.44    0.00    0.00    0.00    0.00    0.00    0.00   99.56
20:43:13     all    0.00    0.00    0.63    0.00    0.00    0.00    0.00    0.00    0.00   99.37
20:43:14     all    0.00    0.00    0.41    0.00    0.00    0.00    0.00    0.00    0.00   99.59
20:43:15     all    0.00    0.00    0.63    0.00    0.00    0.00    0.00    0.00    0.00   99.37
20:43:16     all    0.03    0.00    0.59    0.00    0.00    0.00    0.00    0.00    0.00   99.37
20:43:17     all    0.00    0.00    0.47    0.00    0.00    0.00    0.00    0.00    0.00   99.53
20:43:18     all    0.00    0.00    0.59    0.00    0.00    0.00    0.00    0.00    0.00   99.41
20:43:19     all    0.00    0.00    0.44    0.00    0.00    0.00    0.00    0.00    0.00   99.56
20:43:20     all    0.06    0.00    0.56    0.00    0.00    0.03    0.00    0.00    0.00   99.34
20:43:21     all    0.03    0.00    0.53    0.00    0.00    0.00    0.00    0.00    0.00   99.44
20:43:22     all    0.00    0.00    0.59    0.00    0.00    0.00    0.00    0.00    0.00   99.41
20:43:23     all    0.00    0.00    0.53    0.00    0.00    0.00    0.00    0.00    0.00   99.47
20:43:24     all    0.00    0.00    0.56    0.00    0.00    0.00    0.00    0.00    0.00   99.44
20:43:25     all    0.00    0.00    0.50    0.00    0.00    0.00    0.00    0.00    0.00   99.50
20:43:26     all    0.00    0.00    0.59    0.00    0.00    0.00    0.00    0.00    0.00   99.41
20:43:27     all    0.00    0.00    0.69    0.00    0.00    0.03    0.00    0.00    0.00   99.28
20:43:28     all    0.00    0.00    0.66    0.00    0.00    0.00    0.00    0.00    0.00   99.34
20:43:29     all    0.00    0.00    0.53    0.00    0.00    0.00    0.00    0.00    0.00   99.47
20:43:30     all    0.06    0.00    0.56    0.00    0.00    0.00    0.00    0.00    0.00   99.37
20:43:31     all    0.03    0.00    0.66    0.00    0.00    0.00    0.00    0.00    0.00   99.31
20:43:32     all    0.00    0.00    0.50    0.00    0.00    0.00    0.00    0.00    0.00   99.50
20:43:33     all    0.00    0.00    0.53    0.00    0.00    0.00    0.00    0.00    0.00   99.47
20:43:34     all    0.00    0.00    0.53    0.00    0.00    0.00    0.00    0.00    0.00   99.47
20:43:35     all    0.00    0.00    0.66    0.00    0.00    0.00    0.00    0.00    0.00   99.34
20:43:36     all    0.03    0.00    0.56    0.00    0.00    0.00    0.00    0.00    0.00   99.41
20:43:37     all    0.00    0.00    0.63    0.00    0.00    0.00    0.00    0.00    0.00   99.37
20:43:38     all    0.00    0.00    0.53    0.00    0.00    0.00    0.00    0.00    0.00   99.47
20:43:39     all    0.00    0.00    0.66    0.00    0.00    0.00    0.00    0.00    0.00   99.34
20:43:40     all    0.09    0.00    0.72    0.00    0.00    0.03    0.00    0.00    0.00   99.16
20:43:41     all    0.03    0.00    0.63    0.00    0.00    0.00    0.00    0.00    0.00   99.34
20:43:42     all    0.00    0.00    0.59    0.00    0.00    0.00    0.00    0.00    0.00   99.41
20:43:43     all    0.00    0.00    0.56    0.00    0.00    0.00    0.00    0.00    0.00   99.44
20:43:44     all    0.00    0.00    0.63    0.00    0.00    0.00    0.00    0.00    0.00   99.37
20:43:45     all    0.00    0.00    0.47    0.00    0.00    0.00    0.00    0.00    0.00   99.53
20:43:46     all    0.00    0.00    0.59    0.00    0.00    0.00    0.00    0.00    0.00   99.41
20:43:47     all    0.00    0.00    0.59    0.00    0.00    0.00    0.00    0.00    0.00   99.41
20:43:48     all    0.00    0.00    0.47    0.00    0.00    0.00    0.00    0.00    0.00   99.53
20:43:49     all    0.00    0.03    0.69    0.00    0.00    0.00    0.00    0.00    0.00   99.28
20:43:50     all    0.13    0.00    0.50    0.00    0.00    0.06    0.00    0.00    0.00   99.31
20:43:51     all    0.03    0.00    0.50    0.00    0.00    0.00    0.00    0.00    0.00   99.47
20:43:52     all    0.00    0.00    0.56    0.00    0.00    0.00    0.00    0.00    0.00   99.44
20:43:53     all    0.00    0.00    0.56    0.00    0.00    0.00    0.00    0.00    0.00   99.44
20:43:54     all    0.00    0.00    0.53    0.00    0.00    0.00    0.00    0.00    0.00   99.47
20:43:55     all    0.00    0.00    0.44    0.00    0.00    0.00    0.00    0.00    0.00   99.56
20:43:56     all    0.00    0.00    0.66    0.00    0.00    0.03    0.00    0.00    0.00   99.31
20:43:57     all    0.00    0.00    0.56    0.00    0.00    0.00    0.00    0.00    0.00   99.44
20:43:58     all    0.03    0.00    0.50    0.00    0.00    0.00    0.00    0.00    0.00   99.47
20:43:59     all    0.00    0.00    0.56    0.00    0.00    0.00    0.00    0.00    0.00   99.44
20:44:00     all    0.31    0.00    0.69    0.00    0.00    0.09    0.00    0.00    0.00   98.90
20:44:01     all    0.00    0.00    0.63    0.00    0.00    0.00    0.00    0.00    0.00   99.37
20:44:02     all    0.00    0.00    0.56    0.00    0.00    0.00    0.00    0.00    0.00   99.44
20:44:03     all    0.00    0.00    0.63    0.00    0.00    0.03    0.00    0.00    0.00   99.34
20:44:04     all    0.00    0.00    0.56    0.00    0.00    0.00    0.00    0.00    0.00   99.44
20:44:05     all    0.00    0.00    0.50    0.00    0.00    0.00    0.00    0.00    0.00   99.50
20:44:06     all    0.00    0.00    0.44    0.00    0.00    0.00    0.00    0.00    0.00   99.56
20:44:07     all    0.00    0.00    0.53    0.00    0.00    0.00    0.00    0.00    0.00   99.47
20:44:08     all    0.00    0.00    0.47    0.00    0.00    0.00    0.00    0.00    0.00   99.53
20:44:09     all    0.00    0.00    0.56    0.00    0.00    0.03    0.00    0.00    0.00   99.41
20:44:10     all    0.06    0.00    0.56    0.00    0.00    0.06    0.00    0.00    0.00   99.31
20:44:11     all    0.03    0.00    0.63    0.00    0.00    0.00    0.00    0.00    0.00   99.34
20:44:12     all    0.00    0.00    0.53    0.00    0.00    0.03    0.00    0.00    0.00   99.44
20:44:13     all    0.00    0.00    0.59    0.00    0.00    0.00    0.00    0.00    0.00   99.41
20:44:14     all    0.00    0.00    0.69    0.00    0.00    0.00    0.00    0.00    0.00   99.31
20:44:15     all    0.00    0.00    0.50    0.00    0.00    0.00    0.00    0.00    0.00   99.50
20:44:16     all    0.00    0.00    0.53    0.00    0.00    0.00    0.00    0.00    0.00   99.47
20:44:17     all    0.00    0.00    0.47    0.00    0.00    0.00    0.00    0.00    0.00   99.53
20:44:18     all    0.00    0.00    0.56    0.00    0.00    0.00    0.00    0.00    0.00   99.44
20:44:19     all    0.00    0.00    0.47    0.00    0.00    0.00    0.00    0.00    0.00   99.53
20:44:20     all    0.06    0.00    0.72    0.00    0.00    0.09    0.00    0.00    0.00   99.12
20:44:21     all    0.03    0.00    0.59    0.00    0.00    0.00    0.00    0.00    0.00   99.37
20:44:22     all    0.00    0.00    0.47    0.00    0.00    0.03    0.00    0.00    0.00   99.50
20:44:23     all    0.00    0.00    0.56    0.00    0.00    0.00    0.00    0.00    0.00   99.44
20:44:24     all    0.00    0.00    0.59    0.00    0.00    0.00    0.00    0.00    0.00   99.41
20:44:25     all    0.00    0.00    0.50    0.00    0.00    0.00    0.00    0.00    0.00   99.50
20:44:26     all    0.00    0.00    0.41    0.00    0.00    0.00    0.00    0.00    0.00   99.59
20:44:27     all    0.00    0.00    0.63    0.00    0.00    0.00    0.00    0.00    0.00   99.37
20:44:28     all    0.00    0.00    0.63    0.00    0.00    0.00    0.00    0.00    0.00   99.37
20:44:29     all    0.00    0.00    0.53    0.00    0.00    0.00    0.00    0.00    0.00   99.47
20:44:30     all    0.13    0.00    0.59    0.00    0.00    0.06    0.00    0.00    0.00   99.22
20:44:31     all    0.03    0.00    0.66    0.00    0.00    0.00    0.00    0.00    0.00   99.31
20:44:32     all    0.00    0.00    0.66    0.00    0.00    0.00    0.00    0.00    0.00   99.34
20:44:33     all    0.00    0.00    0.47    0.00    0.00    0.00    0.00    0.00    0.00   99.53
20:44:34     all    0.00    0.00    0.69    0.00    0.00    0.00    0.00    0.00    0.00   99.31
20:44:35     all    0.00    0.00    0.69    0.00    0.00    0.00    0.00    0.00    0.00   99.31
20:44:36     all    0.00    0.00    0.59    0.00    0.00    0.00    0.00    0.00    0.00   99.41
20:44:37     all    0.00    0.00    0.59    0.00    0.00    0.00    0.00    0.00    0.00   99.41
20:44:38     all    0.00    0.00    0.53    0.00    0.00    0.00    0.00    0.00    0.00   99.47
20:44:39     all    0.03    0.00    0.66    0.00    0.00    0.00    0.00    0.00    0.00   99.31
20:44:40     all    0.09    0.00    0.47    0.00    0.00    0.00    0.00    0.00    0.00   99.44
20:44:41     all    0.00    0.00    0.63    0.00    0.00    0.00    0.00    0.00    0.00   99.37
20:44:42     all    0.00    0.00    0.59    0.00    0.00    0.00    0.00    0.00    0.00   99.41
20:44:43     all    0.00    0.00    0.59    0.00    0.00    0.00    0.00    0.00    0.00   99.41
20:44:44     all    0.00    0.00    0.59    0.00    0.00    0.00    0.00    0.00    0.00   99.41
20:44:45     all    0.00    0.00    0.78    0.00    0.00    0.03    0.00    0.00    0.00   99.19
20:44:46     all    0.00    0.00    0.56    0.00    0.00    0.00    0.00    0.00    0.00   99.44
20:44:47     all    0.00    0.00    0.59    0.00    0.00    0.03    0.00    0.00    0.00   99.37
20:44:48     all    0.00    0.00    0.53    0.00    0.00    0.00    0.00    0.00    0.00   99.47
20:44:49     all    0.00    0.00    0.56    0.00    0.00    0.00    0.00    0.00    0.00   99.44
20:44:50     all    0.09    0.00    0.69    0.00    0.00    0.00    0.00    0.00    0.00   99.22
20:44:51     all    0.00    0.00    0.60    0.00    0.00    0.00    0.00    0.00    0.00   99.40
20:44:52     all    0.00    0.00    0.66    0.00    0.00    0.00    0.00    0.00    0.00   99.34
20:44:53     all    0.00    0.00    0.56    0.00    0.00    0.00    0.00    0.00    0.00   99.44
20:44:54     all    0.00    0.00    0.56    0.00    0.00    0.00    0.00    0.00    0.00   99.44
20:44:55     all    0.00    0.00    0.69    0.00    0.00    0.00    0.00    0.00    0.00   99.31
20:44:56     all    0.00    0.00    0.59    0.00    0.00    0.00    0.00    0.00    0.00   99.41
20:44:57     all    0.38    0.00    0.63    0.00    0.00    0.00    0.00    0.00    0.00   99.00
20:44:58     all    0.00    0.00    0.72    0.00    0.00    0.00    0.00    0.00    0.00   99.28
20:44:59     all    0.00    0.00    0.41    0.00    0.00    0.00    0.00    0.00    0.00   99.59
20:45:00     all    0.38    0.00    0.75    0.00    0.00    0.03    0.00    0.00    0.00   98.84
20:45:01     all    0.00    0.00    0.53    0.00    0.00    0.03    0.00    0.00    0.00   99.44
20:45:02     all    0.00    0.00    0.50    0.00    0.00    0.00    0.00    0.00    0.00   99.50
20:45:03     all    0.00    0.00    0.59    0.00    0.00    0.00    0.00    0.00    0.00   99.41
20:45:04     all    0.00    0.00    0.47    0.00    0.00    0.00    0.00    0.00    0.00   99.53
20:45:05     all    0.00    0.00    0.50    0.00    0.00    0.00    0.00    0.00    0.00   99.50
20:45:06     all    0.00    0.00    0.47    0.00    0.00    0.00    0.00    0.00    0.00   99.53
20:45:07     all    0.00    0.00    0.53    0.00    0.00    0.00    0.00    0.00    0.00   99.47
20:45:08     all    0.00    0.00    0.47    0.00    0.00    0.03    0.00    0.00    0.00   99.50
20:45:09     all    0.00    0.00    0.59    0.00    0.00    0.00    0.00    0.00    0.00   99.41
20:45:10     all    0.06    0.00    0.56    0.00    0.00    0.00    0.00    0.00    0.00   99.37
20:45:11     all    0.06    0.00    0.53    0.00    0.00    0.00    0.00    0.00    0.00   99.40
20:45:12     all    0.00    0.00    0.66    0.00    0.00    0.00    0.00    0.00    0.00   99.34
20:45:13     all    0.00    0.00    0.72    0.00    0.00    0.00    0.00    0.00    0.00   99.28
20:45:14     all    0.00    0.00    0.59    0.00    0.00    0.00    0.00    0.00    0.00   99.41
20:45:15     all    0.00    0.00    0.56    0.00    0.00    0.03    0.00    0.00    0.00   99.41
20:45:16     all    0.00    0.00    0.53    0.00    0.00    0.00    0.00    0.00    0.00   99.47
20:45:17     all    0.00    0.00    0.69    0.00    0.00    0.00    0.00    0.00    0.00   99.31
20:45:18     all    0.00    0.00    0.66    0.00    0.00    0.00    0.00    0.00    0.00   99.34
20:45:19     all    0.00    0.00    0.56    0.00    0.00    0.00    0.00    0.00    0.00   99.44
20:45:20     all    0.09    0.00    0.59    0.00    0.00    0.06    0.00    0.00    0.00   99.25
20:45:21     all    0.03    0.00    0.53    0.00    0.00    0.00    0.00    0.00    0.00   99.44
20:45:22     all    0.00    0.00    0.59    0.00    0.00    0.00    0.00    0.00    0.00   99.41
20:45:23     all    0.00    0.00    0.50    0.00    0.00    0.00    0.00    0.00    0.00   99.50
20:45:24     all    0.00    0.00    0.59    0.00    0.00    0.00    0.00    0.00    0.00   99.41
20:45:25     all    0.00    0.00    0.69    0.00    0.00    0.00    0.00    0.00    0.00   99.31
20:45:26     all    0.00    0.00    0.63    0.00    0.00    0.00    0.00    0.00    0.00   99.37
20:45:27     all    0.00    0.00    0.59    0.00    0.00    0.00    0.00    0.00    0.00   99.41
20:45:28     all    0.00    0.00    0.50    0.00    0.00    0.00    0.00    0.00    0.00   99.50
20:45:29     all    0.00    0.00    0.59    0.00    0.00    0.03    0.00    0.00    0.00   99.37
20:45:30     all    0.09    0.00    0.63    0.00    0.00    0.00    0.00    0.00    0.00   99.28
20:45:31     all    0.03    0.00    0.69    0.00    0.00    0.00    0.00    0.00    0.00   99.28
20:45:32     all    0.00    0.00    0.59    0.00    0.00    0.00    0.00    0.00    0.00   99.41
20:45:33     all    0.00    0.00    0.53    0.00    0.00    0.00    0.00    0.00    0.00   99.47
20:45:34     all    0.00    0.00    0.47    0.00    0.00    0.00    0.00    0.00    0.00   99.53
20:45:35     all    0.03    0.00    0.63    0.00    0.00    0.03    0.00    0.00    0.00   99.31
20:45:36     all    0.00    0.00    0.56    0.00    0.00    0.00    0.00    0.00    0.00   99.44
20:45:37     all    0.00    0.00    0.53    0.00    0.00    0.00    0.00    0.00    0.00   99.47
20:45:38     all    0.00    0.00    0.56    0.00    0.00    0.00    0.00    0.00    0.00   99.44
20:45:39     all    0.00    0.00    0.63    0.00    0.00    0.00    0.00    0.00    0.00   99.37
20:45:40     all    0.09    0.00    0.60    0.00    0.00    0.00    0.00    0.00    0.00   99.31
20:45:41     all    0.03    0.00    0.59    0.00    0.00    0.00    0.00    0.00    0.00   99.37
20:45:42     all    0.00    0.00    0.59    0.00    0.00    0.00    0.00    0.00    0.00   99.41
20:45:43     all    0.03    0.00    0.50    0.00    0.00    0.00    0.00    0.00    0.00   99.47
20:45:44     all    0.00    0.00    0.59    0.00    0.00    0.00    0.00    0.00    0.00   99.41
20:45:45     all    0.00    0.00    0.47    0.00    0.00    0.00    0.00    0.00    0.00   99.53
20:45:46     all    0.00    0.00    0.41    0.00    0.00    0.00    0.00    0.00    0.00   99.59
20:45:47     all    0.00    0.00    0.50    0.00    0.00    0.00    0.00    0.00    0.00   99.50
20:45:48     all    0.00    0.00    0.69    0.00    0.00    0.00    0.00    0.00    0.00   99.31
20:45:49     all    0.00    0.00    0.56    0.00    0.00    0.00    0.00    0.00    0.00   99.44
20:45:50     all    0.09    0.00    0.69    0.00    0.00    0.06    0.00    0.00    0.00   99.16
20:45:51     all    0.03    0.00    0.72    0.00    0.00    0.00    0.00    0.00    0.00   99.25
20:45:52     all    0.00    0.00    0.56    0.00    0.00    0.00    0.00    0.00    0.00   99.44
20:45:53     all    0.00    0.00    0.53    0.00    0.00    0.00    0.00    0.00    0.00   99.47
20:45:54     all    0.00    0.00    0.69    0.00    0.00    0.00    0.00    0.00    0.00   99.31
20:45:55     all    0.00    0.00    0.66    0.00    0.00    0.00    0.00    0.00    0.00   99.34
20:45:56     all    0.00    0.00    0.53    0.00    0.00    0.00    0.00    0.00    0.00   99.47
20:45:57     all    0.00    0.00    0.53    0.00    0.00    0.00    0.00    0.00    0.00   99.47
20:45:58     all    0.00    0.00    0.69    0.00    0.00    0.00    0.00    0.00    0.00   99.31
20:45:59     all    0.00    0.00    0.53    0.00    0.00    0.03    0.00    0.00    0.00   99.44
20:46:00     all    0.31    0.00    0.81    0.00    0.00    0.22    0.00    0.00    0.00   98.66
20:46:01     all    0.03    0.00    0.50    0.00    0.00    0.00    0.00    0.00    0.00   99.47
20:46:02     all    0.00    0.00    0.50    0.00    0.00    0.00    0.00    0.00    0.00   99.50
20:46:03     all    0.00    0.00    0.56    0.00    0.00    0.03    0.00    0.00    0.00   99.41
20:46:04     all    0.00    0.00    0.72    0.00    0.00    0.00    0.00    0.00    0.00   99.28
20:46:05     all    0.00    0.00    0.69    0.00    0.00    0.03    0.00    0.00    0.00   99.28
20:46:06     all    0.00    0.00    0.53    0.00    0.00    0.00    0.00    0.00    0.00   99.47
20:46:07     all    0.00    0.00    0.50    0.00    0.00    0.00    0.00    0.00    0.00   99.50
20:46:08     all    0.00    0.00    0.56    0.00    0.00    0.00    0.00    0.00    0.00   99.44
20:46:09     all    0.00    0.00    0.47    0.00    0.00    0.00    0.00    0.00    0.00   99.53
20:46:10     all    0.13    0.00    0.63    0.00    0.00    0.03    0.00    0.00    0.00   99.22
20:46:11     all    0.03    0.00    0.59    0.00    0.00    0.00    0.00    0.00    0.00   99.37
20:46:12     all    0.00    0.00    0.75    0.00    0.00    0.03    0.00    0.00    0.00   99.22
20:46:13     all    0.00    0.00    0.66    0.00    0.00    0.00    0.00    0.00    0.00   99.34
20:46:14     all    0.00    0.00    0.59    0.00    0.00    0.00    0.00    0.00    0.00   99.41
20:46:15     all    0.00    0.00    0.50    0.00    0.00    0.00    0.00    0.00    0.00   99.50
20:46:16     all    0.00    0.00    0.56    0.00    0.00    0.03    0.00    0.00    0.00   99.41
20:46:17     all    0.00    0.00    0.63    0.00    0.00    0.00    0.00    0.00    0.00   99.37
20:46:18     all    0.00    0.00    0.63    0.00    0.00    0.00    0.00    0.00    0.00   99.37
20:46:19     all    0.00    0.00    0.06    0.00    0.00    0.00    0.00    0.00    0.00   99.94
20:46:20     all    0.06    0.00    0.12    0.00    0.00    0.00    0.00    0.00    0.00   99.81
20:46:21     all    0.03    0.00    0.03    0.00    0.00    0.00    0.00    0.00    0.00   99.94
20:46:22     all    0.00    0.00    0.03    0.00    0.00    0.00    0.00    0.00    0.00   99.97
20:46:23     all    0.00    0.00    4.62    0.00    0.00    3.69    0.00    0.00    0.00   91.69
20:46:24     all    0.00    0.09    2.79    0.00    0.00    1.61    0.00    0.00    0.00   95.50
20:46:25     all    0.00    0.00    3.54    0.00    0.00    2.39    0.00    0.00    0.00   94.07
20:46:26     all    0.00    0.00    3.22    0.00    0.00    2.01    0.00    0.00    0.00   94.78
20:46:27     all    0.00    0.00    3.35    0.00    0.00    2.27    0.00    0.00    0.00   94.38
20:46:28     all    0.00    0.03    3.30    0.00    0.00    2.09    0.00    0.00    0.00   94.58
20:46:29     all    0.03    0.00    3.55    0.00    0.00    1.98    0.00    0.00    0.00   94.44
20:46:30     all    0.06    0.03    3.15    0.00    0.00    2.23    0.00    0.00    0.00   94.53
20:46:31     all    0.03    0.00    3.37    0.00    0.00    2.61    0.00    0.00    0.00   93.99
20:46:32     all    0.00    0.00    3.03    0.00    0.00    1.95    0.00    0.00    0.00   95.02
20:46:33     all    0.03    0.03    3.51    0.00    0.00    2.30    0.00    0.00    0.00   94.13
20:46:34     all    0.00    0.00    3.17    0.00    0.00    2.44    0.00    0.00    0.00   94.38
20:46:35     all    0.00    0.00    3.32    0.00    0.00    2.40    0.00    0.00    0.00   94.28
20:46:36     all    0.00    0.00    3.19    0.00    0.00    1.76    0.00    0.00    0.00   95.05
20:46:37     all    0.00    0.00    3.56    0.00    0.00    2.58    0.00    0.00    0.00   93.86
20:46:38     all    0.00    0.00    3.42    0.00    0.00    2.19    0.00    0.00    0.00   94.39
20:46:39     all    0.00    0.03    3.32    0.00    0.00    2.04    0.00    0.00    0.00   94.60
20:46:40     all    0.06    0.00    3.19    0.00    0.00    1.85    0.00    0.00    0.00   94.89
20:46:41     all    0.00    0.00    3.24    0.00    0.00    1.95    0.00    0.00    0.00   94.81
20:46:42     all    0.00    0.00    3.56    0.00    0.00    2.48    0.00    0.00    0.00   93.96
20:46:43     all    0.00    0.00    2.85    0.00    0.00    1.82    0.00    0.00    0.00   95.33
20:46:44     all    0.00    0.00    3.44    0.00    0.00    2.42    0.00    0.00    0.00   94.13
20:46:45     all    0.00    0.03    3.15    0.00    0.00    1.91    0.00    0.00    0.00   94.91
20:46:46     all    0.00    0.00    3.57    0.00    0.00    2.14    0.00    0.00    0.00   94.29
20:46:47     all    0.00    0.00    3.01    0.00    0.00    1.78    0.00    0.00    0.00   95.21
20:46:48     all    0.00    0.00    0.00    0.00    0.00    0.00    0.00    0.00    0.00  100.00
20:46:49     all    0.00    0.00    0.00    0.00    0.00    0.00    0.00    0.00    0.00  100.00
20:46:50     all    0.12    0.00    0.06    0.00    0.00    0.03    0.00    0.00    0.00   99.78
20:46:51     all    0.00    0.00    0.03    0.00    0.00    0.00    0.00    0.00    0.00   99.97
20:46:52     all    0.00    0.00    0.00    0.00    0.00    0.00    0.00    0.00    0.00  100.00
20:46:53     all    0.00    0.00    0.00    0.00    0.00    0.00    0.00    0.00    0.00  100.00
20:46:54     all    0.00    0.00    0.00    0.00    0.00    0.00    0.00    0.00    0.00  100.00
20:46:55     all    0.00    0.00    0.03    0.00    0.00    0.00    0.00    0.00    0.00   99.97
20:46:56     all    0.03    0.00    0.00    0.00    0.00    0.00    0.00    0.00    0.00   99.97
20:46:57     all    0.00    0.00    0.00    0.00    0.00    0.00    0.00    0.00    0.00  100.00
20:46:58     all    0.00    0.00    0.03    0.00    0.00    0.00    0.00    0.00    0.00   99.97
20:46:59     all    0.00    0.00    0.00    0.00    0.00    0.00    0.00    0.00    0.00  100.00
20:47:00     all    0.41    0.00    0.09    0.00    0.00    0.09    0.00    0.00    0.00   99.41
20:47:01     all    0.00    0.00    0.06    0.00    0.00    0.00    0.00    0.00    0.00   99.94
20:47:02     all    0.00    0.00    0.03    0.00    0.00    0.00    0.00    0.00    0.00   99.97
20:47:03     all    0.00    0.00    0.03    0.00    0.00    0.00    0.00    0.00    0.00   99.97
20:47:04     all    0.00    0.00    0.03    0.00    0.00    0.00    0.00    0.00    0.00   99.97
20:47:05     all    0.53    0.00    0.03    0.00    0.00    0.00    0.00    0.00    0.00   99.44
20:47:06     all    0.00    0.00    0.00    0.00    0.00    0.00    0.00    0.00    0.00  100.00
20:47:07     all    0.00    0.00    0.00    0.00    0.00    0.00    0.00    0.00    0.00  100.00
20:47:08     all    0.03    0.00    0.00    0.00    0.00    0.00    0.00    0.00    0.00   99.97
20:47:09     all    0.00    0.00    0.00    0.00    0.00    0.00    0.00    0.00    0.00  100.00
20:47:10     all    0.06    0.00    0.09    0.00    0.00    0.00    0.00    0.00    0.00   99.84
20:47:11     all    0.00    0.00    0.06    0.00    0.00    0.00    0.00    0.00    0.00   99.94
20:47:12     all    0.03    0.00    0.00    0.00    0.00    0.00    0.00    0.00    0.00   99.97
20:47:13     all    0.00    0.00    0.00    0.00    0.00    0.00    0.00    0.00    0.00  100.00
20:47:14     all    0.00    0.00    0.03    0.00    0.00    0.00    0.00    0.00    0.00   99.97
20:47:15     all    0.00    0.00    0.00    0.00    0.00    0.00    0.00    0.00    0.00  100.00
20:47:16     all    0.00    0.00    0.00    0.00    0.00    0.00    0.00    0.00    0.00  100.00
20:47:17     all    0.03    0.00    0.00    0.00    0.00    0.00    0.00    0.00    0.00   99.97
20:47:18     all    0.00    0.00    0.00    0.00    0.00    0.00    0.00    0.00    0.00  100.00
20:47:19     all    0.00    0.00    0.00    0.00    0.00    0.00    0.00    0.00    0.00  100.00
20:47:20     all    0.06    0.00    0.06    0.00    0.00    0.00    0.00    0.00    0.00   99.87
20:47:21     all    0.03    0.00    0.03    0.00    0.00    0.00    0.00    0.00    0.00   99.94
20:47:22     all    0.00    0.00    0.00    0.00    0.00    0.00    0.00    0.00    0.00  100.00
20:47:23     all    0.00    0.00    0.00    0.00    0.00    0.00    0.00    0.00    0.00  100.00
20:47:24     all    0.00    0.00    0.00    0.00    0.00    0.00    0.00    0.00    0.00  100.00
20:47:25     all    0.00    0.00    0.03    0.00    0.00    0.00    0.00    0.00    0.00   99.97
20:47:26     all    0.00    0.00    0.00    0.00    0.00    0.00    0.00    0.00    0.00  100.00
20:47:27     all    0.00    0.00    0.00    0.00    0.00    0.00    0.00    0.00    0.00  100.00
20:47:28     all    0.00    0.00    0.00    0.00    0.00    0.00    0.00    0.00    0.00  100.00
20:47:29     all    0.00    0.00    0.00    0.00    0.00    0.00    0.00    0.00    0.00  100.00
20:47:30     all    0.09    0.00    0.06    0.00    0.00    0.03    0.00    0.00    0.00   99.81
20:47:31     all    0.00    0.00    0.06    0.00    0.00    0.00    0.00    0.00    0.00   99.94
20:47:32     all    0.00    0.00    0.00    0.00    0.00    0.00    0.00    0.00    0.00  100.00
20:47:33     all    0.00    0.00    0.00    0.00    0.00    0.00    0.00    0.00    0.00  100.00
20:47:34     all    0.00    0.00    0.00    0.00    0.00    0.00    0.00    0.00    0.00  100.00
20:47:35     all    0.00    0.00    0.00    0.00    0.00    0.00    0.00    0.00    0.00  100.00
20:47:36     all    0.00    0.00    0.00    0.00    0.00    0.00    0.00    0.00    0.00  100.00
20:47:37     all    0.03    0.00    0.00    0.00    0.00    0.00    0.00    0.00    0.00   99.97
20:47:38     all    0.00    0.00    0.00    0.00    0.00    0.00    0.00    0.00    0.00  100.00
20:47:39     all    0.00    0.00    0.03    0.00    0.00    0.00    0.00    0.00    0.00   99.97
20:47:40     all    0.09    0.00    0.09    0.00    0.00    0.06    0.00    0.00    0.00   99.75
20:47:41     all    0.00    0.00    0.00    0.00    0.00    0.00    0.00    0.00    0.00  100.00
20:47:42     all    0.00    0.00    0.03    0.00    0.00    0.00    0.00    0.00    0.00   99.97
20:47:43     all    0.00    0.00    0.00    0.00    0.00    0.00    0.00    0.00    0.00  100.00
20:47:44     all    0.00    0.00    0.03    0.00    0.00    0.00    0.00    0.00    0.00   99.97
20:47:45     all    0.00    0.00    0.00    0.00    0.00    0.00    0.00    0.00    0.00  100.00
20:47:46     all    0.00    0.00    0.03    0.00    0.00    0.00    0.00    0.00    0.00   99.97
20:47:47     all    0.00    0.00    0.00    0.00    0.00    0.00    0.00    0.00    0.00  100.00
20:47:48     all    0.00    0.00    0.00    0.00    0.00    0.00    0.00    0.00    0.00  100.00
20:47:49     all    0.00    0.00    0.00    0.00    0.00    0.00    0.00    0.00    0.00  100.00
20:47:50     all    0.09    0.00    0.06    0.00    0.00    0.03    0.00    0.00    0.00   99.81
20:47:51     all    0.03    0.00    0.03    0.00    0.00    0.00    0.00    0.00    0.00   99.94
20:47:52     all    0.00    0.00    0.00    0.00    0.00    0.00    0.00    0.00    0.00  100.00
20:47:53     all    0.00    0.00    0.00    0.00    0.00    0.00    0.00    0.00    0.00  100.00
20:47:54     all    0.00    0.00    0.00    0.00    0.00    0.00    0.00    0.00    0.00  100.00
20:47:55     all    0.00    0.00    0.00    0.00    0.00    0.00    0.00    0.00    0.00  100.00
20:47:56     all    0.00    0.00    0.00    0.00    0.00    0.00    0.00    0.00    0.00  100.00
20:47:57     all    0.00    0.00    0.00    0.00    0.00    0.00    0.00    0.00    0.00  100.00
20:47:58     all    0.00    0.00    0.00    0.00    0.00    0.00    0.00    0.00    0.00  100.00
20:47:59     all    0.00    0.00    0.00    0.00    0.00    0.00    0.00    0.00    0.00  100.00
20:48:00     all    0.38    0.00    0.09    0.00    0.00    0.06    0.00    0.00    0.00   99.47
20:48:01     all    0.00    0.00    0.03    0.00    0.00    0.00    0.00    0.00    0.00   99.97
20:48:02     all    0.00    0.00    0.00    0.00    0.00    0.00    0.00    0.00    0.00  100.00
20:48:03     all    0.00    0.00    0.00    0.00    0.00    0.00    0.00    0.00    0.00  100.00
20:48:04     all    0.03    0.00    0.00    0.00    0.00    0.00    0.00    0.00    0.00   99.97
20:48:05     all    0.00    0.00    0.00    0.00    0.00    0.00    0.00    0.00    0.00  100.00
20:48:06     all    0.00    0.00    0.00    0.00    0.00    0.00    0.00    0.00    0.00  100.00
20:48:07     all    0.00    0.00    0.00    0.00    0.00    0.00    0.00    0.00    0.00  100.00
20:48:08     all    0.00    0.00    0.00    0.00    0.00    0.00    0.00    0.00    0.00  100.00
20:48:09     all    0.00    0.00    0.00    0.00    0.00    0.00    0.00    0.00    0.00  100.00
20:48:10     all    0.09    0.00    0.03    0.00    0.00    0.03    0.00    0.00    0.00   99.84
20:48:11     all    0.06    0.00    0.00    0.00    0.00    0.00    0.00    0.00    0.00   99.94
20:48:12     all    0.00    0.00    0.00    0.00    0.00    0.00    0.00    0.00    0.00  100.00
20:48:13     all    0.00    0.00    0.00    0.00    0.00    0.00    0.00    0.00    0.00  100.00
20:48:14     all    0.00    0.00    0.00    0.00    0.00    0.00    0.00    0.00    0.00  100.00
20:48:15     all    0.00    0.00    0.00    0.00    0.00    0.00    0.00    0.00    0.00  100.00
20:48:16     all    0.00    0.00    0.00    0.00    0.00    0.00    0.00    0.00    0.00  100.00
20:48:17     all    0.00    0.00    0.00    0.00    0.00    0.00    0.00    0.00    0.00  100.00
20:48:18     all    0.00    0.00    0.03    0.00    0.00    0.00    0.00    0.00    0.00   99.97
20:48:19     all    0.03    0.00    0.00    0.00    0.00    0.00    0.00    0.00    0.00   99.97
20:48:20     all    0.09    0.00    0.03    0.00    0.00    0.06    0.00    0.00    0.00   99.81
20:48:21     all    0.00    0.00    0.03    0.00    0.00    0.00    0.00    0.00    0.00   99.97
20:48:22     all    0.00    0.00    0.03    0.00    0.00    0.00    0.00    0.00    0.00   99.97
20:48:23     all    0.00    0.00    0.00    0.00    0.00    0.00    0.00    0.00    0.00  100.00
20:48:24     all    0.00    0.00    0.03    0.00    0.00    0.00    0.00    0.00    0.00   99.97
20:48:25     all    0.00    0.00    0.00    0.00    0.00    0.00    0.00    0.00    0.00  100.00
20:48:26     all    0.03    0.00    0.00    0.00    0.00    0.00    0.00    0.00    0.00   99.97
20:48:27     all    0.00    0.00    0.03    0.00    0.00    0.00    0.00    0.00    0.00   99.97
20:48:28     all    0.00    0.00    0.00    0.00    0.00    0.00    0.00    0.00    0.00  100.00
20:48:29     all    0.00    0.00    0.12    0.00    0.00    0.00    0.00    0.00    0.00   99.88
20:48:30     all    0.10    0.13    6.28    0.00    0.00    4.51    0.00    0.00    0.00   88.99
20:48:31     all    0.00    0.13    6.30    0.00    0.00    3.98    0.00    0.00    0.00   89.59
20:48:32     all    0.00    3.46    6.42    0.00    0.00    4.40    0.00    0.00    0.00   85.72
20:48:33     all    0.00    2.92    6.22    0.00    0.00    4.77    0.00    0.00    0.00   86.09
20:48:34     all    0.00    2.29    5.49    0.00    0.00    3.00    0.00    0.00    0.00   89.22
20:48:35     all    0.00    3.19    6.25    0.00    0.00    3.93    0.00    0.00    0.00   86.63
20:48:36     all    0.00    0.10    6.65    0.00    0.00    4.77    0.00    0.00    0.00   88.48
20:48:37     all    0.00    2.97    6.83    0.00    0.00    4.28    0.00    0.00    0.00   85.92
20:48:38     all    0.00    2.67    6.23    0.00    0.00    4.30    0.00    0.00    0.00   86.80
20:48:39     all    0.00    2.89    6.22    0.00    0.00    4.30    0.00    0.00    0.00   86.60
20:48:40     all    0.06    2.93    4.91    0.00    0.00    3.51    0.00    0.00    0.00   88.58
20:48:41     all    0.03    3.09    5.61    0.00    0.00    3.57    0.00    0.00    0.00   87.70
20:48:42     all    0.00    4.80    5.96    0.00    0.00    4.45    0.00    0.00    0.00   84.79
20:48:43     all    0.00    2.72    6.14    0.00    0.00    4.51    0.00    0.00    0.00   86.63
20:48:44     all    0.00    3.02    6.04    0.00    0.00    4.04    0.00    0.00    0.00   86.90
20:48:45     all    0.00    3.24    5.78    0.00    0.00    4.21    0.00    0.00    0.00   86.77
20:48:46     all    0.00    3.06    5.86    0.00    0.00    3.73    0.00    0.00    0.00   87.36
20:48:47     all    0.00    3.26    5.81    0.00    0.00    3.71    0.00    0.00    0.00   87.22
20:48:48     all    0.03    4.43    5.40    0.00    0.00    3.71    0.00    0.00    0.00   86.43
20:48:49     all    0.00    2.44    6.58    0.00    0.00    3.89    0.00    0.00    0.00   87.09
20:48:50     all    0.06    2.45    5.80    0.00    0.00    3.93    0.00    0.00    0.00   87.75
20:48:51     all    0.00    3.07    6.04    0.00    0.00    3.52    0.00    0.00    0.00   87.36
20:48:52     all    0.00    3.13    6.08    0.00    0.00    4.03    0.00    0.00    0.00   86.76
20:48:53     all    0.00    3.11    6.41    0.00    0.00    4.13    0.00    0.00    0.00   86.35
20:48:54     all    0.00    2.99    6.50    0.00    0.00    4.52    0.00    0.00    0.00   85.99
20:48:55     all    0.00    2.32    5.80    0.00    0.00    3.93    0.00    0.00    0.00   87.95
20:48:56     all    0.03    2.39    6.29    0.00    0.00    4.31    0.00    0.00    0.00   86.98
20:48:57     all    0.00    0.13    5.59    0.00    0.00    3.82    0.00    0.00    0.00   90.46
20:48:58     all    0.00    3.75    4.32    0.00    0.00    2.64    0.00    0.00    0.00   89.29
20:48:59     all    0.00    0.66    3.07    0.00    0.00    2.02    0.00    0.00    0.00   94.24
20:49:00     all    0.26    2.51    6.21    0.00    0.00    3.95    0.00    0.00    0.00   87.07
20:49:01     all    0.03    2.30    6.52    0.00    0.00    3.93    0.00    0.00    0.00   87.21
20:49:02     all    0.00    2.15    6.47    0.00    0.00    3.78    0.00    0.00    0.00   87.61
20:49:03     all    0.00    0.54    6.35    0.00    0.00    4.13    0.00    0.00    0.00   88.97
20:49:04     all    0.00    3.35    5.86    0.00    0.00    4.18    0.00    0.00    0.00   86.61
20:49:05     all    0.00    2.31    6.22    0.00    0.00    4.23    0.00    0.00    0.00   87.24
20:49:06     all    0.00    2.29    6.12    0.00    0.00    3.83    0.00    0.00    0.00   87.77
20:49:07     all    0.19    2.97    6.70    0.00    0.00    3.89    0.00    0.00    0.00   86.24
20:49:08     all    0.00    1.26    5.84    0.00    0.00    3.97    0.00    0.00    0.00   88.92
20:49:09     all    0.00    0.13    6.41    0.00    0.00    3.91    0.00    0.00    0.00   89.55
20:49:10     all    0.06    0.26    5.64    0.00    0.00    3.93    0.00    0.00    0.00   90.10
20:49:11     all    0.03    4.76    6.17    0.00    0.00    4.06    0.00    0.00    0.00   84.97
20:49:12     all    0.00    2.32    6.14    0.00    0.00    4.08    0.00    0.00    0.00   87.46
20:49:13     all    0.00    2.30    5.66    0.00    0.00    3.68    0.00    0.00    0.00   88.37
20:49:14     all    0.00    2.37    1.90    0.00    0.00    1.11    0.00    0.00    0.00   94.62
20:49:15     all    0.00    1.42    0.63    0.00    0.00    0.38    0.00    0.00    0.00   97.57
20:49:16     all    0.00    1.44    1.16    0.00    0.00    0.66    0.00    0.00    0.00   96.74
20:49:17     all    0.00    0.03    1.77    0.00    0.00    0.63    0.00    0.00    0.00   97.56
20:49:18     all    0.00    0.00    1.97    0.00    0.00    1.05    0.00    0.00    0.00   96.98
20:49:19     all    0.00    0.03    1.97    0.00    0.00    1.08    0.00    0.00    0.00   96.92
20:49:20     all    0.09    0.03    2.25    0.00    0.00    0.95    0.00    0.00    0.00   96.68
20:49:21     all    0.00    0.00    1.93    0.00    0.00    1.11    0.00    0.00    0.00   96.96
20:49:22     all    0.00    0.00    1.17    0.00    0.00    0.73    0.00    0.00    0.00   98.11
20:49:23     all    0.00    0.00    1.36    0.00    0.00    0.60    0.00    0.00    0.00   98.04
20:49:24     all    0.00    0.03    1.17    0.00    0.00    0.57    0.00    0.00    0.00   98.23
20:49:25     all    0.00    0.00    1.84    0.00    0.00    0.70    0.00    0.00    0.00   97.46
20:49:26     all    0.00    0.03    1.74    0.00    0.00    0.98    0.00    0.00    0.00   97.25
20:49:27     all    0.00    0.47    1.33    0.00    0.00    0.63    0.00    0.00    0.00   97.56
20:49:28     all    0.00    0.03    1.80    0.00    0.00    1.01    0.00    0.00    0.00   97.15
20:49:29     all    0.00    0.00    1.78    0.00    0.00    0.89    0.00    0.00    0.00   97.33
20:49:30     all    0.13    1.58    1.36    0.00    0.00    0.73    0.00    0.00    0.00   96.20
20:49:31     all    0.00    0.03    1.20    0.00    0.00    0.63    0.00    0.00    0.00   98.14
20:49:32     all    0.00    0.00    1.81    0.00    0.00    1.21    0.00    0.00    0.00   96.99
20:49:33     all    0.00    0.03    1.81    0.00    0.00    1.14    0.00    0.00    0.00   97.02
20:49:34     all    0.00    0.00    2.09    0.00    0.00    0.92    0.00    0.00    0.00   96.99
20:49:35     all    0.00    0.00    1.81    0.00    0.00    1.18    0.00    0.00    0.00   97.01
20:49:36     all    0.00    0.03    1.93    0.00    0.00    0.89    0.00    0.00    0.00   97.15
20:49:37     all    0.00    0.03    1.96    0.00    0.00    1.14    0.00    0.00    0.00   96.87
20:49:38     all    0.00    0.00    2.06    0.00    0.00    1.05    0.00    0.00    0.00   96.89
20:49:39     all    0.00    0.00    2.03    0.00    0.00    1.08    0.00    0.00    0.00   96.89
20:49:40     all    0.06    0.00    2.37    0.00    0.00    1.14    0.00    0.00    0.00   96.43
20:49:41     all    0.00    0.03    2.06    0.00    0.00    0.98    0.00    0.00    0.00   96.93
20:49:42     all    0.03    1.23    1.23    0.00    0.00    0.72    0.00    0.00    0.00   96.79
20:49:43     all    0.00    0.00    2.26    0.00    0.00    1.31    0.00    0.00    0.00   96.43
20:49:44     all    0.00    0.03    1.88    0.00    0.00    0.99    0.00    0.00    0.00   97.11
20:49:45     all    0.00    0.03    2.18    0.00    0.00    1.07    0.00    0.00    0.00   96.72
20:49:46     all    0.00    0.00    2.22    0.00    0.00    1.05    0.00    0.00    0.00   96.73
20:49:47     all    0.00    0.00    2.19    0.00    0.00    1.05    0.00    0.00    0.00   96.76
20:49:48     all    0.00    0.03    2.23    0.00    0.00    1.27    0.00    0.00    0.00   96.46
20:49:49     all    0.00    0.00    2.60    0.00    0.00    1.33    0.00    0.00    0.00   96.06
20:49:50     all    0.06    0.03    2.26    0.00    0.00    1.37    0.00    0.00    0.00   96.28
20:49:51     all    0.03    0.00    2.51    0.00    0.00    1.17    0.00    0.00    0.00   96.29
20:49:52     all    0.00    0.00    2.10    0.00    0.00    1.27    0.00    0.00    0.00   96.63
20:49:53     all    0.00    0.51    2.05    0.00    0.00    1.17    0.00    0.00    0.00   96.27
20:49:54     all    0.00    0.03    2.44    0.00    0.00    1.14    0.00    0.00    0.00   96.38
20:49:55     all    0.00    0.03    2.63    0.00    0.00    1.11    0.00    0.00    0.00   96.23
20:49:56     all    0.00    0.00    2.52    0.00    0.00    1.78    0.00    0.00    0.00   95.70
20:49:57     all    0.00    0.00    2.61    0.00    0.00    1.72    0.00    0.00    0.00   95.67
20:49:58     all    0.00    0.00    3.21    0.00    0.00    1.56    0.00    0.00    0.00   95.23
20:49:59     all    0.00    0.03    2.38    0.00    0.00    1.59    0.00    0.00    0.00   96.00
20:50:00     all    0.32    0.03    2.92    0.00    0.00    1.68    0.00    0.00    0.00   95.04
20:50:01     all    0.00    0.00    3.18    0.00    0.00    2.00    0.00    0.00    0.00   94.82
20:50:02     all    0.00    0.03    2.77    0.00    0.00    1.56    0.00    0.00    0.00   95.64
20:50:03     all    0.00    0.00    2.90    0.00    0.00    1.79    0.00    0.00    0.00   95.31
20:50:04     all    0.00    0.03    2.85    0.00    0.00    2.03    0.00    0.00    0.00   95.09
20:50:05     all    0.00    0.00    2.80    0.00    0.00    1.75    0.00    0.00    0.00   95.45
20:50:06     all    0.00    0.00    2.42    0.00    0.00    1.43    0.00    0.00    0.00   96.15
20:50:07     all    0.00    0.00    2.82    0.00    0.00    1.77    0.00    0.00    0.00   95.41
20:50:08     all    0.00    0.89    1.90    0.00    0.00    1.14    0.00    0.00    0.00   96.07
20:50:09     all    0.00    0.00    2.89    0.00    0.00    1.69    0.00    0.00    0.00   95.42
20:50:10     all    0.06    0.00    2.55    0.00    0.00    1.62    0.00    0.00    0.00   95.76
20:50:11     all    0.03    0.00    2.89    0.00    0.00    1.53    0.00    0.00    0.00   95.55
20:50:12     all    0.00    0.00    3.24    0.00    0.00    1.84    0.00    0.00    0.00   94.91
20:50:13     all    0.00    0.03    2.77    0.00    0.00    1.88    0.00    0.00    0.00   95.32
20:50:14     all    0.00    0.00    2.90    0.00    0.00    1.59    0.00    0.00    0.00   95.51
20:50:15     all    0.00    0.00    2.81    0.00    0.00    1.88    0.00    0.00    0.00   95.31
20:50:16     all    0.00    0.00    3.01    0.00    0.00    1.71    0.00    0.00    0.00   95.27
20:50:17     all    0.00    0.03    2.64    0.00    0.00    2.00    0.00    0.00    0.00   95.33
20:50:18     all    0.00    0.00    2.92    0.00    0.00    1.62    0.00    0.00    0.00   95.45
20:50:19     all    0.00    0.00    2.38    0.00    0.00    1.33    0.00    0.00    0.00   96.29
20:50:20     all    0.03    0.00    3.06    0.00    0.00    1.82    0.00    0.00    0.00   95.09
20:50:21     all    0.03    0.00    2.64    0.00    0.00    1.62    0.00    0.00    0.00   95.71
20:50:22     all    0.00    0.00    2.94    0.00    0.00    1.79    0.00    0.00    0.00   95.28
20:50:23     all    0.00    0.03    2.78    0.00    0.00    1.69    0.00    0.00    0.00   95.50
20:50:24     all    0.00    0.00    2.80    0.00    0.00    1.65    0.00    0.00    0.00   95.55
20:50:25     all    0.00    0.03    2.95    0.00    0.00    1.68    0.00    0.00    0.00   95.33
20:50:26     all    0.00    0.00    3.02    0.00    0.00    1.91    0.00    0.00    0.00   95.07
20:50:27     all    0.00    0.00    3.06    0.00    0.00    1.88    0.00    0.00    0.00   95.07
20:50:28     all    0.00    0.00    2.71    0.00    0.00    1.46    0.00    0.00    0.00   95.83
20:50:29     all    0.00    0.03    2.38    0.00    0.00    1.11    0.00    0.00    0.00   96.48
20:50:30     all    0.10    0.00    2.61    0.00    0.00    1.53    0.00    0.00    0.00   95.77
20:50:31     all    0.00    0.00    3.06    0.00    0.00    1.81    0.00    0.00    0.00   95.13
20:50:32     all    0.00    0.03    3.18    0.00    0.00    1.81    0.00    0.00    0.00   94.98
20:50:33     all    0.00    0.00    2.93    0.00    0.00    1.65    0.00    0.00    0.00   95.42
20:50:34     all    0.00    2.05    0.85    0.00    0.00    0.35    0.00    0.00    0.00   96.76
20:50:35     all    0.00    1.80    0.79    0.00    0.00    0.44    0.00    0.00    0.00   96.98
20:50:36     all    0.03    1.70    1.23    0.00    0.00    0.66    0.00    0.00    0.00   96.37
20:50:37     all    0.00    0.00    2.38    0.00    0.00    1.33    0.00    0.00    0.00   96.28
20:50:38     all    0.00    0.00    2.04    0.00    0.00    1.08    0.00    0.00    0.00   96.88
20:50:39     all    0.00    1.30    1.65    0.00    0.00    0.92    0.00    0.00    0.00   96.13
20:50:40     all    0.06    0.41    2.28    0.00    0.00    1.39    0.00    0.00    0.00   95.86
20:50:41     all    0.03    0.00    3.09    0.00    0.00    1.66    0.00    0.00    0.00   95.22
20:50:42     all    0.00    0.03    2.79    0.00    0.00    1.71    0.00    0.00    0.00   95.46
20:50:43     all    0.03    0.00    0.00    0.00    0.00    0.00    0.00    0.00    0.00   99.97
20:50:44     all    0.00    0.00    0.00    0.00    0.00    0.00    0.00    0.00    0.00  100.00
20:50:45     all    0.00    0.00    0.03    0.00    0.00    0.00    0.00    0.00    0.00   99.97
20:50:46     all    0.00    0.00    0.00    0.00    0.00    0.00    0.00    0.00    0.00  100.00
20:50:47     all    0.00    0.00    0.00    0.00    0.00    0.00    0.00    0.00    0.00  100.00
20:50:48     all    0.00    0.00    0.03    0.00    0.00    0.00    0.00    0.00    0.00   99.97
20:50:49     all    0.00    0.00    0.00    0.00    0.00    0.00    0.00    0.00    0.00  100.00
20:50:50     all    0.09    0.00    0.09    0.00    0.00    0.06    0.00    0.00    0.00   99.75
20:50:51     all    0.00    0.00    0.06    0.00    0.00    0.00    0.00    0.00    0.00   99.94
20:50:52     all    0.00    0.00    0.00    0.00    0.00    0.00    0.00    0.00    0.00  100.00
20:50:53     all    0.00    0.00    0.03    0.00    0.00    0.00    0.00    0.00    0.00   99.97
20:50:54     all    0.00    0.00    0.00    0.00    0.00    0.00    0.00    0.00    0.00  100.00
20:50:55     all    0.03    0.00    0.00    0.00    0.00    0.00    0.00    0.00    0.00   99.97
20:50:56     all    0.00    0.00    0.00    0.00    0.00    0.00    0.00    0.00    0.00  100.00
20:50:57     all    0.00    0.00    0.00    0.00    0.00    0.00    0.00    0.00    0.00  100.00
20:50:58     all    0.00    0.00    0.00    0.00    0.00    0.00    0.00    0.00    0.00  100.00
20:50:59     all    0.00    0.00    0.00    0.00    0.00    0.00    0.00    0.00    0.00  100.00
20:51:00     all    0.28    0.00    0.16    0.00    0.00    0.09    0.00    0.00    0.00   99.47
20:51:01     all    0.03    0.00    0.03    0.00    0.00    0.00    0.00    0.00    0.00   99.94
20:51:02     all    0.00    0.00    0.00    0.00    0.00    0.00    0.00    0.00    0.00  100.00
20:51:03     all    0.00    0.00    0.00    0.00    0.00    0.00    0.00    0.00    0.00  100.00
20:51:04     all    0.00    0.00    0.00    0.00    0.00    0.00    0.00    0.00    0.00  100.00
20:51:05     all    0.00    0.00    0.03    0.00    0.00    0.00    0.00    0.00    0.00   99.97
20:51:06     all    0.00    0.00    0.00    0.00    0.00    0.00    0.00    0.00    0.00  100.00
20:51:07     all    0.00    0.00    0.00    0.00    0.00    0.00    0.00    0.00    0.00  100.00
20:51:08     all    0.00    0.00    0.00    0.00    0.00    0.00    0.00    0.00    0.00  100.00
20:51:09     all    0.00    0.00    0.00    0.00    0.00    0.00    0.00    0.00    0.00  100.00
20:51:10     all    0.09    0.00    0.06    0.00    0.00    0.06    0.00    0.00    0.00   99.78
20:51:11     all    0.03    0.00    0.00    0.00    0.00    0.00    0.00    0.00    0.00   99.97
20:51:12     all    0.00    0.00    0.00    0.00    0.00    0.00    0.00    0.00    0.00  100.00
20:51:13     all    0.00    0.00    0.00    0.00    0.00    0.00    0.00    0.00    0.00  100.00
20:51:14     all    0.00    0.00    0.00    0.00    0.00    0.00    0.00    0.00    0.00  100.00
20:51:15     all    0.00    0.00    0.00    0.00    0.00    0.00    0.00    0.00    0.00  100.00
20:51:16     all    0.03    0.00    0.00    0.00    0.00    0.00    0.00    0.00    0.00   99.97
20:51:17     all    0.22    0.00    0.00    0.00    0.00    0.00    0.00    0.00    0.00   99.78
20:51:18     all    0.00    0.00    0.03    0.00    0.00    0.00    0.00    0.00    0.00   99.97
20:51:19     all    0.00    0.00    0.00    0.00    0.00    0.00    0.00    0.00    0.00  100.00
20:51:20     all    0.09    0.00    0.09    0.00    0.00    0.03    0.00    0.00    0.00   99.78
20:51:21     all    0.00    0.00    0.03    0.00    0.00    0.00    0.00    0.00    0.00   99.97
20:51:22     all    0.00    0.00    0.00    0.00    0.00    0.00    0.00    0.00    0.00  100.00
20:51:23     all    0.00    0.00    0.03    0.00    0.00    0.00    0.00    0.00    0.00   99.97
20:51:24     all    0.00    0.00    0.00    0.00    0.00    0.00    0.00    0.00    0.00  100.00
20:51:25     all    0.00    0.00    0.00    0.00    0.00    0.00    0.00    0.00    0.00  100.00
20:51:26     all    0.00    0.00    0.00    0.00    0.00    0.00    0.00    0.00    0.00  100.00
20:51:27     all    0.00    0.00    0.03    0.00    0.00    0.00    0.00    0.00    0.00   99.97
20:51:28     all    0.00    0.00    0.00    0.00    0.00    0.00    0.00    0.00    0.00  100.00
20:51:29     all    0.00    0.00    0.03    0.00    0.00    0.00    0.00    0.00    0.00   99.97
20:51:30     all    0.09    0.00    0.06    0.00    0.00    0.06    0.00    0.00    0.00   99.78
20:51:31     all    0.00    0.00    0.06    0.00    0.00    0.00    0.00    0.00    0.00   99.94
20:51:32     all    0.03    0.00    2.04    0.00    0.00    1.48    0.00    0.00    0.00   96.45
20:51:33     all    0.00    0.29    5.57    0.00    0.00    3.29    0.00    0.00    0.00   90.85
20:51:34     all    0.00    1.70    5.14    0.00    0.00    3.02    0.00    0.00    0.00   90.14
20:51:35     all    0.00    1.92    5.57    0.00    0.00    3.20    0.00    0.00    0.00   89.30
20:51:36     all    0.00    2.86    5.27    0.00    0.00    3.09    0.00    0.00    0.00   88.78
20:51:37     all    0.00    0.29    4.93    0.00    0.00    2.88    0.00    0.00    0.00   91.90
20:51:38     all    0.00    0.22    4.26    0.00    0.00    2.75    0.00    0.00    0.00   92.76
20:51:39     all    0.00    3.73    4.24    0.00    0.00    2.70    0.00    0.00    0.00   89.33
20:51:40     all    0.03    1.93    5.21    0.00    0.00    3.47    0.00    0.00    0.00   89.35
20:51:41     all    0.03    2.63    5.19    0.00    0.00    3.30    0.00    0.00    0.00   88.85
20:51:42     all    0.00    2.28    4.62    0.00    0.00    3.11    0.00    0.00    0.00   89.99
20:51:43     all    0.00    4.45    5.89    0.00    0.00    3.20    0.00    0.00    0.00   86.46
20:51:44     all    0.00    2.37    5.29    0.00    0.00    3.40    0.00    0.00    0.00   88.94
20:51:45     all    0.00    2.37    4.88    0.00    0.00    2.89    0.00    0.00    0.00   89.86
20:51:46     all    0.00    5.14    4.62    0.00    0.00    3.04    0.00    0.00    0.00   87.21
20:51:47     all    0.00    2.62    5.14    0.00    0.00    3.27    0.00    0.00    0.00   88.97
20:51:48     all    0.00    2.34    5.07    0.00    0.00    3.18    0.00    0.00    0.00   89.41
20:51:49     all    0.00    1.85    4.71    0.00    0.00    3.40    0.00    0.00    0.00   90.04
20:51:50     all    0.06    5.09    4.86    0.00    0.00    3.16    0.00    0.00    0.00   86.83
20:51:51     all    0.00    2.15    5.52    0.00    0.00    3.59    0.00    0.00    0.00   88.74
20:51:52     all    0.00    2.20    4.82    0.00    0.00    3.61    0.00    0.00    0.00   89.36
20:51:53     all    0.00    2.35    4.50    0.00    0.00    2.93    0.00    0.00    0.00   90.23
20:51:54     all    0.00    4.41    5.34    0.00    0.00    3.39    0.00    0.00    0.00   86.86
20:51:55     all    0.00    2.38    5.56    0.00    0.00    3.09    0.00    0.00    0.00   88.97
20:51:56     all    0.03    3.05    4.95    0.00    0.00    3.05    0.00    0.00    0.00   88.92
20:51:57     all    0.00    3.16    4.79    0.00    0.00    3.45    0.00    0.00    0.00   88.59
20:51:58     all    0.00    4.81    5.32    0.00    0.00    3.34    0.00    0.00    0.00   86.53
20:51:59     all    0.00    2.97    5.78    0.00    0.00    3.57    0.00    0.00    0.00   87.68
20:52:00     all    0.32    2.35    5.31    0.00    0.00    3.59    0.00    0.00    0.00   88.42
20:52:01     all    0.00    2.22    6.04    0.00    0.00    3.53    0.00    0.00    0.00   88.21
20:52:02     all    0.00    5.49    6.70    0.00    0.00    3.74    0.00    0.00    0.00   84.07
20:52:03     all    0.00    2.25    6.11    0.00    0.00    3.99    0.00    0.00    0.00   87.65
20:52:04     all    0.00    1.99    6.30    0.00    0.00    3.63    0.00    0.00    0.00   88.07
20:52:05     all    0.00    2.56    6.11    0.00    0.00    4.22    0.00    0.00    0.00   87.11
20:52:06     all    0.00    2.77    5.83    0.00    0.00    3.83    0.00    0.00    0.00   87.58
20:52:07     all    0.00    0.32    6.04    0.00    0.00    3.82    0.00    0.00    0.00   89.82
20:52:08     all    0.00    2.21    6.14    0.00    0.00    4.12    0.00    0.00    0.00   87.54
20:52:09     all    0.00    3.24    6.00    0.00    0.00    4.07    0.00    0.00    0.00   86.69
20:52:10     all    0.10    1.79    6.28    0.00    0.00    4.19    0.00    0.00    0.00   87.64
20:52:11     all    0.03    2.95    5.93    0.00    0.00    4.29    0.00    0.00    0.00   86.80
20:52:12     all    0.00    2.28    5.67    0.00    0.00    4.26    0.00    0.00    0.00   87.79
20:52:13     all    0.00    2.93    6.20    0.00    0.00    4.39    0.00    0.00    0.00   86.48
20:52:14     all    0.00    0.55    5.58    0.00    0.00    3.77    0.00    0.00    0.00   90.10
20:52:15     all    0.00    0.45    5.84    0.00    0.00    4.28    0.00    0.00    0.00   89.44
20:52:16     all    0.00    4.62    5.94    0.00    0.00    4.14    0.00    0.00    0.00   85.30
20:52:17     all    0.00    2.36    6.41    0.00    0.00    4.21    0.00    0.00    0.00   87.01
20:52:18     all    0.00    2.74    6.27    0.00    0.00    4.20    0.00    0.00    0.00   86.79
20:52:19     all    0.00    2.58    6.15    0.00    0.00    4.24    0.00    0.00    0.00   87.03
20:52:20     all    0.10    1.95    6.10    0.00    0.00    4.34    0.00    0.00    0.00   87.52
20:52:21     all    0.03    0.32    5.90    0.00    0.00    3.58    0.00    0.00    0.00   90.16
20:52:22     all    0.00    4.90    6.66    0.00    0.00    3.68    0.00    0.00    0.00   84.76
20:52:23     all    0.00    2.18    6.56    0.00    0.00    4.09    0.00    0.00    0.00   87.17
20:52:24     all    0.00    2.31    6.04    0.00    0.00    3.79    0.00    0.00    0.00   87.85
20:52:25     all    0.03    2.21    5.43    0.00    0.00    3.31    0.00    0.00    0.00   89.02
20:52:26     all    0.00    2.94    6.23    0.00    0.00    4.02    0.00    0.00    0.00   86.81
20:52:27     all    0.00    1.61    6.33    0.00    0.00    3.44    0.00    0.00    0.00   88.63
20:52:28     all    0.00    0.29    5.62    0.00    0.00    4.11    0.00    0.00    0.00   89.99
20:52:29     all    0.00    0.13    6.28    0.00    0.00    3.86    0.00    0.00    0.00   89.74
20:52:30     all    0.10    3.85    5.94    0.00    0.00    3.88    0.00    0.00    0.00   86.23
20:52:31     all    0.03    2.82    6.38    0.00    0.00    3.82    0.00    0.00    0.00   86.95
20:52:32     all    0.00    2.55    6.38    0.00    0.00    4.27    0.00    0.00    0.00   86.80
20:52:33     all    0.00    2.74    6.73    0.00    0.00    3.76    0.00    0.00    0.00   86.77
20:52:34     all    0.00    1.97    6.58    0.00    0.00    3.97    0.00    0.00    0.00   87.48
20:52:35     all    0.00    2.86    6.78    0.70    0.00    3.76    0.00    0.00    0.00   85.90
20:52:36     all    0.00    1.32    6.00    0.00    0.00    3.48    0.00    0.00    0.00   89.20
20:52:37     all    0.00    3.92    6.59    0.00    0.00    3.98    0.00    0.00    0.00   85.51
20:52:38     all    0.00    2.01    6.52    0.00    0.00    4.16    0.00    0.00    0.00   87.31
20:52:39     all    0.00    2.51    6.11    0.00    0.00    4.02    0.00    0.00    0.00   87.37
20:52:40     all    0.10    2.50    6.24    0.00    0.00    3.97    0.00    0.00    0.00   87.20
20:52:41     all    0.03    2.85    6.15    0.00    0.00    3.97    0.00    0.00    0.00   87.00
20:52:42     all    0.00    1.86    5.61    0.00    0.00    4.39    0.00    0.00    0.00   88.15
20:52:43     all    0.00    0.16    5.61    0.00    0.00    3.56    0.00    0.00    0.00   90.67
20:52:44     all    0.00    1.63    4.62    0.00    0.00    3.74    0.00    0.00    0.00   90.01
20:52:45     all    0.00    0.90    2.99    0.00    0.00    3.62    0.00    0.00    0.00   92.50
20:52:46     all    0.00    5.70    4.34    0.00    0.00    2.82    0.00    0.00    0.00   87.15
20:52:47     all    0.00    2.34    6.20    0.00    0.00    3.02    0.00    0.00    0.00   88.44
20:52:48     all    0.00    2.71    5.59    0.00    0.00    3.75    0.00    0.00    0.00   87.95
20:52:49     all    0.00    2.41    5.88    0.00    0.00    3.83    0.00    0.00    0.00   87.88
20:52:50     all    0.06    2.85    6.47    0.00    0.00    3.62    0.00    0.00    0.00   87.00
20:52:51     all    0.00    1.71    5.69    0.00    0.00    3.73    0.00    0.00    0.00   88.87
20:52:52     all    0.03    0.29    5.82    0.00    0.00    3.60    0.00    0.00    0.00   90.25
20:52:53     all    0.00    0.13    5.61    0.00    0.00    4.01    0.00    0.00    0.00   90.25
20:52:54     all    0.00    0.29    6.07    0.00    0.00    3.83    0.00    0.00    0.00   89.81
20:52:55     all    0.00    3.61    5.25    0.00    0.00    4.03    0.00    0.00    0.00   87.12
20:52:56     all    0.00    3.80    6.32    0.00    0.00    4.09    0.00    0.00    0.00   85.79
20:52:57     all    0.00    2.38    6.01    0.00    0.00    4.11    0.00    0.00    0.00   87.50
20:52:58     all    0.00    2.61    5.92    0.00    0.00    3.80    0.00    0.00    0.00   87.68
20:52:59     all    0.03    2.41    5.78    0.00    0.00    3.89    0.00    0.00    0.00   87.89
20:53:00     all    0.32    2.56    5.83    0.00    0.00    4.17    0.00    0.00    0.00   87.12
20:53:01     all    0.03    2.95    5.84    0.00    0.00    3.95    0.00    0.00    0.00   87.23
20:53:02     all    0.00    2.23    5.75    0.00    0.00    3.42    0.00    0.00    0.00   88.61
20:53:03     all    0.00    0.48    5.98    0.00    0.00    4.16    0.00    0.00    0.00   89.39
20:53:04     all    0.00    0.16    5.68    0.00    0.00    3.95    0.00    0.00    0.00   90.21
20:53:05     all    0.00    5.95    5.98    0.00    0.00    4.74    0.00    0.00    0.00   83.34
20:53:06     all    0.00    2.35    6.17    0.00    0.00    3.79    0.00    0.00    0.00   87.68
20:53:07     all    0.00    2.44    5.39    0.00    0.00    3.70    0.00    0.00    0.00   88.47
20:53:08     all    0.00    2.12    5.80    0.00    0.00    3.86    0.00    0.00    0.00   88.22
20:53:09     all    0.00    3.01    6.43    0.00    0.00    3.87    0.00    0.00    0.00   86.70
20:53:10     all    0.10    2.11    5.97    0.00    0.00    4.40    0.00    0.00    0.00   87.42
20:53:11     all    0.00    2.94    6.17    0.00    0.00    4.00    0.00    0.00    0.00   86.89
20:53:12     all    0.00    1.55    5.77    0.00    0.00    3.80    0.00    0.00    0.00   88.88
20:53:13     all    0.00    0.29    5.93    0.00    0.00    4.46    0.00    0.00    0.00   89.32
20:53:14     all    0.00    0.16    6.36    0.00    0.00    4.13    0.00    0.00    0.00   89.34
20:53:15     all    0.00    0.29    5.88    0.00    0.00    3.93    0.00    0.00    0.00   89.89
20:53:16     all    0.00    5.84    5.77    0.00    0.00    4.72    0.00    0.00    0.00   83.67
20:53:17     all    0.00    2.30    6.20    0.00    0.00    4.15    0.00    0.00    0.00   87.34
20:53:18     all    0.00    2.44    6.13    0.00    0.00    4.01    0.00    0.00    0.00   87.42
20:53:19     all    0.00    2.37    6.25    0.00    0.00    3.82    0.00    0.00    0.00   87.56
20:53:20     all    0.10    2.96    5.79    0.00    0.00    3.83    0.00    0.00    0.00   87.33
20:53:21     all    0.03    2.12    5.89    0.00    0.00    3.54    0.00    0.00    0.00   88.41
20:53:22     all    0.00    2.68    5.81    0.00    0.00    4.02    0.00    0.00    0.00   87.49
20:53:23     all    0.00    2.01    5.08    0.00    0.00    3.01    0.00    0.00    0.00   89.90
20:53:24     all    0.00    1.18    4.72    0.00    0.00    3.44    0.00    0.00    0.00   90.66
20:53:25     all    0.00    0.16    4.47    0.00    0.00    2.86    0.00    0.00    0.00   92.52
20:53:26     all    0.00    0.16    4.15    0.00    0.00    2.97    0.00    0.00    0.00   92.72
20:53:27     all    0.22    0.03    2.69    0.00    0.00    1.58    0.00    0.00    0.00   95.47
20:53:28     all    0.00    0.00    1.68    0.00    0.00    0.89    0.00    0.00    0.00   97.43
20:53:29     all    0.00    0.00    1.52    0.00    0.00    1.01    0.00    0.00    0.00   97.47
20:53:30     all    0.09    0.22    1.96    0.00    0.00    0.95    0.00    0.00    0.00   96.78
20:53:31     all    0.03    1.20    1.61    0.00    0.00    0.85    0.00    0.00    0.00   96.30
20:53:32     all    0.00    0.03    2.16    0.00    0.00    0.98    0.00    0.00    0.00   96.82
20:53:33     all    0.00    0.03    2.34    0.00    0.00    1.39    0.00    0.00    0.00   96.24
20:53:34     all    0.00    0.00    1.55    0.00    0.00    0.66    0.00    0.00    0.00   97.79
20:53:35     all    0.00    0.03    2.02    0.00    0.00    1.20    0.00    0.00    0.00   96.74
20:53:36     all    0.00    0.03    2.06    0.00    0.00    1.24    0.00    0.00    0.00   96.67
20:53:37     all    0.00    6.70    2.86    0.00    0.00    1.52    0.00    0.00    0.00   88.92
20:53:38     all    0.00    0.00    0.03    0.00    0.00    0.00    0.00    0.00    0.00   99.97
20:53:39     all    0.00    0.00    0.00    0.00    0.00    0.00    0.00    0.00    0.00  100.00
20:53:40     all    0.06    1.67    0.91    0.00    0.00    0.50    0.00    0.00    0.00   96.85
20:53:41     all    0.03    2.07    1.41    0.00    0.00    0.75    0.00    0.00    0.00   95.73
20:53:42     all    0.00    2.20    1.29    0.00    0.00    0.75    0.00    0.00    0.00   95.76
20:53:43     all    0.03    1.67    1.01    0.00    0.00    0.44    0.00    0.00    0.00   96.85
20:53:44     all    0.00    2.08    1.04    0.00    0.00    0.69    0.00    0.00    0.00   96.18
20:53:45     all    0.00    1.29    1.51    0.00    0.00    1.01    0.00    0.00    0.00   96.19
20:53:46     all    0.00    0.00    2.28    0.00    0.00    0.95    0.00    0.00    0.00   96.76
20:53:47     all    0.00    0.03    2.07    0.00    0.00    1.40    0.00    0.00    0.00   96.50
20:53:48     all    0.00    1.42    1.04    0.00    0.00    0.50    0.00    0.00    0.00   97.04
20:53:49     all    0.00    0.06    2.47    0.00    0.00    1.17    0.00    0.00    0.00   96.29
20:53:50     all    0.06    0.00    2.37    0.00    0.00    1.46    0.00    0.00    0.00   96.11
20:53:51     all    0.03    0.03    2.59    0.00    0.00    1.14    0.00    0.00    0.00   96.20
20:53:52     all    0.00    0.03    2.47    0.00    0.00    1.11    0.00    0.00    0.00   96.39
20:53:53     all    0.00    0.03    2.38    0.00    0.00    1.33    0.00    0.00    0.00   96.25
20:53:54     all    0.00    0.03    2.50    0.00    0.00    1.33    0.00    0.00    0.00   96.14
20:53:55     all    0.00    0.00    1.81    0.00    0.00    0.86    0.00    0.00    0.00   97.34
20:53:56     all    0.00    1.19    2.23    0.00    0.00    1.41    0.00    0.00    0.00   95.17
20:53:57     all    0.00    0.06    1.86    0.00    0.00    1.01    0.00    0.00    0.00   97.07
20:53:58     all    0.00    0.00    2.13    0.00    0.00    1.05    0.00    0.00    0.00   96.82
20:53:59     all    0.00    0.03    2.50    0.00    0.00    1.33    0.00    0.00    0.00   96.14
20:54:00     all    0.41    0.03    1.84    0.00    0.00    1.01    0.00    0.00    0.00   96.71
20:54:01     all    0.00    0.00    2.85    0.00    0.00    1.30    0.00    0.00    0.00   95.85
20:54:02     all    0.00    0.03    1.58    0.00    0.00    0.79    0.00    0.00    0.00   97.59
20:54:03     all    0.00    0.03    2.27    0.00    0.00    1.04    0.00    0.00    0.00   96.66
20:54:04     all    0.03    0.00    1.96    0.00    0.00    1.20    0.00    0.00    0.00   96.80
20:54:05     all    0.00    0.92    1.27    0.00    0.00    0.66    0.00    0.00    0.00   97.15
20:54:06     all    0.00    0.03    2.28    0.00    0.00    1.01    0.00    0.00    0.00   96.67
20:54:07     all    0.00    0.00    1.99    0.00    0.00    1.01    0.00    0.00    0.00   97.00
20:54:08     all    0.00    0.00    2.00    0.00    0.00    0.95    0.00    0.00    0.00   97.05
20:54:09     all    0.00    0.03    2.21    0.00    0.00    1.20    0.00    0.00    0.00   96.55
20:54:10     all    0.13    0.00    1.51    0.00    0.00    1.01    0.00    0.00    0.00   97.35
20:54:11     all    0.03    1.08    2.03    0.00    0.00    1.23    0.00    0.00    0.00   95.63
20:54:12     all    0.00    0.16    1.74    0.00    0.00    0.92    0.00    0.00    0.00   97.19
20:54:13     all    0.00    0.00    2.39    0.00    0.00    1.31    0.00    0.00    0.00   96.30
20:54:14     all    0.00    0.03    2.54    0.00    0.00    1.62    0.00    0.00    0.00   95.81
20:54:15     all    0.00    0.03    1.59    0.00    0.00    0.95    0.00    0.00    0.00   97.43
20:54:16     all    0.00    0.00    2.48    0.00    0.00    1.30    0.00    0.00    0.00   96.22
20:54:17     all    0.00    0.00    2.10    0.00    0.00    1.31    0.00    0.00    0.00   96.59
20:54:18     all    0.00    0.03    2.38    0.00    0.00    1.40    0.00    0.00    0.00   96.19
20:54:19     all    0.00    0.03    1.73    0.00    0.00    0.91    0.00    0.00    0.00   97.32
20:54:20     all    0.03    0.57    2.15    0.00    0.00    1.20    0.00    0.00    0.00   96.05
20:54:21     all    0.03    0.57    1.90    0.00    0.00    0.95    0.00    0.00    0.00   96.55
20:54:22     all    0.00    0.03    2.03    0.00    0.00    1.27    0.00    0.00    0.00   96.66
20:54:23     all    0.03    0.00    2.23    0.00    0.00    1.04    0.00    0.00    0.00   96.69
20:54:24     all    0.00    0.00    1.87    0.00    0.00    0.95    0.00    0.00    0.00   97.17
20:54:25     all    0.00    0.03    2.22    0.00    0.00    1.30    0.00    0.00    0.00   96.45
20:54:26     all    0.00    0.00    1.87    0.00    0.00    1.27    0.00    0.00    0.00   96.87
20:54:27     all    0.00    0.03    1.94    0.00    0.00    1.24    0.00    0.00    0.00   96.80
20:54:28     all    0.00    0.00    2.47    0.00    0.00    1.55    0.00    0.00    0.00   95.98
20:54:29     all    0.00    0.03    2.29    0.00    0.00    1.27    0.00    0.00    0.00   96.41
20:54:30     all    0.06    0.47    2.30    0.00    0.00    0.91    0.00    0.00    0.00   96.25
20:54:31     all    0.03    0.00    2.29    0.00    0.00    0.99    0.00    0.00    0.00   96.70
20:54:32     all    0.00    0.03    1.72    0.00    0.00    0.86    0.00    0.00    0.00   97.39
20:54:33     all    0.00    0.00    2.22    0.00    0.00    1.08    0.00    0.00    0.00   96.70
20:54:34     all    0.00    0.98    1.55    0.00    0.00    0.95    0.00    0.00    0.00   96.52
20:54:35     all    0.00    0.00    2.44    0.00    0.00    1.52    0.00    0.00    0.00   96.03
20:54:36     all    0.00    0.03    0.35    0.00    0.00    0.22    0.00    0.00    0.00   99.40
20:54:37     all    0.00    0.00    0.00    0.00    0.00    0.00    0.00    0.00    0.00  100.00
20:54:38     all    0.00    0.00    0.00    0.00    0.00    0.00    0.00    0.00    0.00  100.00
20:54:39     all    0.00    0.00    0.00    0.00    0.00    0.00    0.00    0.00    0.00  100.00
20:54:40     all    0.03    0.00    0.09    0.00    0.00    0.09    0.00    0.00    0.00   99.78
20:54:41     all    0.03    0.00    0.03    0.00    0.00    0.00    0.00    0.00    0.00   99.94
20:54:42     all    0.00    0.00    0.00    0.00    0.00    0.00    0.00    0.00    0.00  100.00
20:54:43     all    0.00    0.00    0.00    0.00    0.00    0.00    0.00    0.00    0.00  100.00
20:54:44     all    0.00    0.00    0.25    0.00    0.00    0.00    0.00    0.00    0.00   99.75
20:54:45     all    0.00    0.00    0.00    0.00    0.00    0.00    0.00    0.00    0.00  100.00
20:54:46     all    0.00    0.00    0.00    0.00    0.00    0.00    0.00    0.00    0.00  100.00
20:54:47     all    0.00    0.00    0.00    0.00    0.00    0.00    0.00    0.00    0.00  100.00
20:54:48     all    0.00    0.00    0.00    0.00    0.00    0.00    0.00    0.00    0.00  100.00
20:54:49     all    0.00    0.00    0.00    0.00    0.00    0.00    0.00    0.00    0.00  100.00
20:54:50     all    0.06    0.00    0.06    0.00    0.00    0.03    0.00    0.00    0.00   99.84
20:54:51     all    0.00    0.00    0.06    0.00    0.00    0.00    0.00    0.00    0.00   99.94
20:54:52     all    0.00    0.00    0.00    0.00    0.00    0.00    0.00    0.00    0.00  100.00
20:54:53     all    0.03    0.00    0.00    0.00    0.00    0.00    0.00    0.00    0.00   99.97
20:54:54     all    0.00    0.00    0.00    0.00    0.00    0.00    0.00    0.00    0.00  100.00
20:54:55     all    0.00    0.00    0.00    0.00    0.00    0.00    0.00    0.00    0.00  100.00
20:54:56     all    0.00    0.00    0.03    0.00    0.00    0.00    0.00    0.00    0.00   99.97
20:54:57     all    0.00    0.00    0.00    0.00    0.00    0.00    0.00    0.00    0.00  100.00
20:54:58     all    0.00    0.00    0.03    0.00    0.00    0.00    0.00    0.00    0.00   99.97
20:54:59     all    0.00    0.00    0.00    0.00    0.00    0.00    0.00    0.00    0.00  100.00
20:55:00     all    0.37    0.00    0.19    0.00    0.00    0.25    0.00    0.00    0.00   99.19
20:55:01     all    0.00    0.00    0.06    0.00    0.00    0.00    0.00    0.00    0.00   99.94
20:55:02     all    0.00    0.00    0.00    0.00    0.00    0.00    0.00    0.00    0.00  100.00
20:55:03     all    0.00    0.00    0.03    0.00    0.00    0.00    0.00    0.00    0.00   99.97
20:55:04     all    0.00    0.00    0.00    0.00    0.00    0.00    0.00    0.00    0.00  100.00
20:55:05     all    0.00    0.00    0.03    0.00    0.00    0.00    0.00    0.00    0.00   99.97
20:55:06     all    0.00    0.00    0.00    0.00    0.00    0.00    0.00    0.00    0.00  100.00
20:55:07     all    0.00    0.00    0.00    0.00    0.00    0.00    0.00    0.00    0.00  100.00
20:55:08     all    0.00    0.00    0.00    0.00    0.00    0.00    0.00    0.00    0.00  100.00
20:55:09     all    0.00    0.00    0.00    0.00    0.00    0.00    0.00    0.00    0.00  100.00
20:55:10     all    0.09    0.00    0.06    0.00    0.00    0.03    0.00    0.00    0.00   99.81
20:55:11     all    0.00    0.00    0.00    0.00    0.00    0.00    0.00    0.00    0.00  100.00
20:55:12     all    0.00    0.00    0.00    0.00    0.00    0.00    0.00    0.00    0.00  100.00
20:55:13     all    0.00    0.00    0.00    0.00    0.00    0.00    0.00    0.00    0.00  100.00
20:55:14     all    0.00    0.00    0.00    0.00    0.00    0.00    0.00    0.00    0.00  100.00
20:55:15     all    0.00    0.00    0.00    0.00    0.00    0.00    0.00    0.00    0.00  100.00
20:55:16     all    0.00    0.00    0.03    0.00    0.00    0.00    0.00    0.00    0.00   99.97
20:55:17     all    0.00    0.00    0.00    0.00    0.00    0.00    0.00    0.00    0.00  100.00
20:55:18     all    0.00    0.00    0.00    0.00    0.00    0.00    0.00    0.00    0.00  100.00
20:55:19     all    0.00    0.00    0.00    0.00    0.00    0.00    0.00    0.00    0.00  100.00
20:55:20     all    0.09    0.00    0.06    0.00    0.00    0.03    0.00    0.00    0.00   99.81
20:55:21     all    0.03    0.00    0.03    0.00    0.00    0.00    0.00    0.00    0.00   99.94
20:55:22     all    0.00    0.00    0.00    0.00    0.00    0.00    0.00    0.00    0.00  100.00
20:55:23     all    0.00    0.00    0.00    0.00    0.00    0.00    0.00    0.00    0.00  100.00
20:55:24     all    0.00    0.00    0.00    0.00    0.00    0.00    0.00    0.00    0.00  100.00
20:55:25     all    0.00    0.00    0.00    0.00    0.00    0.00    0.00    0.00    0.00  100.00
20:55:26     all    0.00    0.00    0.00    0.00    0.00    0.00    0.00    0.00    0.00  100.00
20:55:27     all    0.00    0.00    0.00    0.00    0.00    0.00    0.00    0.00    0.00  100.00
20:55:28     all    0.00    0.00    0.00    0.00    0.00    0.00    0.00    0.00    0.00  100.00

Average:     all    0.02    0.51    1.80    0.00    0.00    1.03    0.00    0.00    0.00   96.64
