Linux 4.20.0+ (eternitystorage) 	01/13/24 	_x86_64_	(32 CPU)

22:14:59     CPU    %usr   %nice    %sys %iowait    %irq   %soft  %steal  %guest  %gnice   %idle
22:15:00     all    0.50    0.00    0.16    0.00    0.00    0.34    0.00    0.00    0.00   99.00
22:15:01     all    0.03    0.03    0.03    0.00    0.00    0.00    0.00    0.00    0.00   99.91
22:15:02     all    0.00    0.00    0.03    0.00    0.00    0.00    0.00    0.00    0.00   99.97
22:15:03     all    0.00    0.00    0.03    0.00    0.00    0.00    0.00    0.00    0.00   99.97
22:15:04     all    0.00    0.00    0.00    0.00    0.00    0.00    0.00    0.00    0.00  100.00
22:15:05     all    0.03    0.00    0.06    0.00    0.00    0.00    0.00    0.00    0.00   99.91
22:15:06     all    0.00    0.00    0.00    0.00    0.00    0.00    0.00    0.00    0.00  100.00
22:15:07     all    0.00    0.00    0.03    0.00    0.00    0.00    0.00    0.00    0.00   99.97
22:15:08     all    0.00    0.00    0.00    0.00    0.00    0.00    0.00    0.00    0.00  100.00
22:15:09     all    0.00    0.00    0.03    0.00    0.00    0.00    0.00    0.00    0.00   99.97
22:15:10     all    0.09    0.00    0.06    0.00    0.00    0.00    0.00    0.00    0.00   99.84
22:15:11     all    0.03    0.00    0.06    0.00    0.00    0.00    0.00    0.00    0.00   99.91
22:15:12     all    0.00    0.03    0.00    0.00    0.00    0.00    0.00    0.00    0.00   99.97
22:15:13     all    0.00    0.00    0.03    0.00    0.00    0.00    0.00    0.00    0.00   99.97
22:15:14     all    0.00    0.00    0.00    0.00    0.00    0.03    0.00    0.00    0.00   99.97
22:15:15     all    0.00    0.00    0.00    0.00    0.00    0.00    0.00    0.00    0.00  100.00
22:15:16     all    0.00    0.00    0.00    0.00    0.00    0.00    0.00    0.00    0.00  100.00
22:15:17     all    0.00    0.00    0.00    0.00    0.00    0.00    0.00    0.00    0.00  100.00
22:15:18     all    0.00    0.00    0.34    0.00    0.00    0.03    0.00    0.00    0.00   99.62
22:15:19     all    0.00    0.00    0.00    0.00    0.00    0.00    0.00    0.00    0.00  100.00
22:15:20     all    0.09    0.00    0.06    0.00    0.00    0.06    0.00    0.00    0.00   99.78
22:15:21     all    0.00    0.00    0.03    0.00    0.00    0.00    0.00    0.00    0.00   99.97
22:15:22     all    0.00    0.00    0.00    0.00    0.00    0.00    0.00    0.00    0.00  100.00
22:15:23     all    0.00    0.00    0.53    0.00    0.00    0.03    0.00    0.00    0.00   99.44
22:15:24     all    0.00    0.00    0.28    0.00    0.00    0.03    0.00    0.00    0.00   99.69
22:15:25     all    0.00    0.00    0.03    0.00    0.00    0.00    0.00    0.00    0.00   99.97
22:15:26     all    0.00    0.03    0.00    0.00    0.00    0.00    0.00    0.00    0.00   99.97
22:15:27     all    0.00    0.00    0.00    0.00    0.00    0.00    0.00    0.00    0.00  100.00
22:15:28     all    0.00    0.03    0.03    0.00    0.00    0.00    0.00    0.00    0.00   99.94
22:15:29     all    0.00    0.00    0.41    0.00    0.00    0.03    0.00    0.00    0.00   99.56
22:15:30     all    0.06    0.00    0.06    0.00    0.00    0.03    0.00    0.00    0.00   99.84
22:15:31     all    0.06    0.03    0.03    0.00    0.00    0.00    0.00    0.00    0.00   99.88
22:15:32     all    0.00    0.00    0.00    0.00    0.00    0.00    0.00    0.00    0.00  100.00
22:15:33     all    0.00    0.03    0.00    0.00    0.00    0.00    0.00    0.00    0.00   99.97
22:15:34     all    0.00    0.00    0.00    0.00    0.00    0.00    0.00    0.00    0.00  100.00
22:15:35     all    0.00    0.00    0.25    0.00    0.00    0.00    0.00    0.00    0.00   99.75
22:15:36     all    0.00    0.03    0.47    0.00    0.00    0.00    0.00    0.00    0.00   99.50
22:15:37     all    0.00    0.00    0.50    0.00    0.00    0.00    0.00    0.00    0.00   99.50
22:15:38     all    0.00    0.03    0.62    0.00    0.00    0.00    0.00    0.00    0.00   99.34
22:15:39     all    0.00    0.00    0.53    0.00    0.00    0.00    0.00    0.00    0.00   99.47
22:15:40     all    0.06    0.00    0.78    0.00    0.00    0.06    0.00    0.00    0.00   99.09
22:15:41     all    0.00    0.03    1.06    0.00    0.00    0.03    0.00    0.00    0.00   98.87
22:15:42     all    0.00    0.00    1.35    0.00    0.00    0.00    0.00    0.00    0.00   98.65
22:15:43     all    0.00    0.03    1.54    0.00    0.00    0.03    0.00    0.00    0.00   98.40
22:15:44     all    0.00    0.00    1.69    0.00    0.00    0.06    0.00    0.00    0.00   98.24
22:15:45     all    0.00    0.00    1.91    0.00    0.00    0.06    0.00    0.00    0.00   98.03
22:15:46     all    0.00    0.03    1.57    0.00    0.00    0.06    0.00    0.00    0.00   98.33
22:15:47     all    0.00    0.00    2.57    0.00    0.00    0.09    0.00    0.00    0.00   97.34
22:15:48     all    0.00    0.03    2.14    0.00    0.00    0.09    0.00    0.00    0.00   97.74
22:15:49     all    0.00    0.00    2.01    0.00    0.00    0.13    0.00    0.00    0.00   97.86
22:15:50     all    0.09    0.00    2.38    0.00    0.00    0.19    0.00    0.00    0.00   97.34
22:15:51     all    0.03    0.03    2.11    0.00    0.00    0.06    0.00    0.00    0.00   97.77
22:15:52     all    0.00    0.00    1.95    0.00    0.00    0.16    0.00    0.00    0.00   97.89
22:15:53     all    0.00    0.03    2.04    0.00    0.00    0.09    0.00    0.00    0.00   97.83
22:15:54     all    0.00    0.00    2.01    0.00    0.00    0.13    0.00    0.00    0.00   97.86
22:15:55     all    0.00    0.00    1.92    0.00    0.00    0.13    0.00    0.00    0.00   97.95
22:15:56     all    0.03    0.03    2.01    0.00    0.00    0.13    0.00    0.00    0.00   97.80
22:15:57     all    0.00    0.00    2.26    0.00    0.00    0.13    0.00    0.00    0.00   97.62
22:15:58     all    0.00    0.03    2.07    0.00    0.00    0.13    0.00    0.00    0.00   97.77
22:15:59     all    0.00    0.00    2.17    0.00    0.00    0.09    0.00    0.00    0.00   97.74
22:16:00     all    0.57    0.00    2.23    0.00    0.00    0.13    0.00    0.00    0.00   97.08
22:16:01     all    0.03    0.03    1.95    0.00    0.00    0.06    0.00    0.00    0.00   97.92
22:16:02     all    0.00    0.00    2.07    0.00    0.00    0.13    0.00    0.00    0.00   97.80
22:16:03     all    0.00    0.03    2.07    0.00    0.00    0.09    0.00    0.00    0.00   97.80
22:16:04     all    0.00    0.00    2.01    0.00    0.00    0.16    0.00    0.00    0.00   97.83
22:16:05     all    0.00    0.00    2.17    0.00    0.00    0.13    0.00    0.00    0.00   97.71
22:16:06     all    0.00    0.03    2.23    0.00    0.00    0.16    0.00    0.00    0.00   97.59
22:16:07     all    0.00    0.00    1.89    0.00    0.00    0.13    0.00    0.00    0.00   97.98
22:16:08     all    0.00    0.03    2.07    0.00    0.00    0.06    0.00    0.00    0.00   97.83
22:16:09     all    0.00    0.00    2.17    0.00    0.00    0.13    0.00    0.00    0.00   97.71
22:16:10     all    0.06    0.00    1.98    0.00    0.00    0.25    0.00    0.00    0.00   97.71
22:16:11     all    0.00    0.03    2.26    0.00    0.00    0.06    0.00    0.00    0.00   97.65
22:16:12     all    0.03    0.00    2.14    0.00    0.00    0.06    0.00    0.00    0.00   97.77
22:16:13     all    0.00    0.03    1.83    0.00    0.00    0.09    0.00    0.00    0.00   98.05
22:16:14     all    0.00    0.00    2.20    0.00    0.00    0.16    0.00    0.00    0.00   97.65
22:16:15     all    0.00    0.03    1.95    0.00    0.00    0.09    0.00    0.00    0.00   97.92
22:16:16     all    0.00    0.00    2.08    0.00    0.00    0.03    0.00    0.00    0.00   97.89
22:16:17     all    0.00    0.03    2.16    0.00    0.00    0.06    0.00    0.00    0.00   97.74
22:16:18     all    0.00    0.00    2.29    0.00    0.00    0.09    0.00    0.00    0.00   97.62
22:16:19     all    0.00    0.00    2.26    0.00    0.00    0.09    0.00    0.00    0.00   97.65
22:16:20     all    0.06    0.03    1.98    0.00    0.00    0.25    0.00    0.00    0.00   97.67
22:16:21     all    0.03    0.00    2.23    0.00    0.00    0.06    0.00    0.00    0.00   97.68
22:16:22     all    0.00    0.03    2.23    0.00    0.00    0.19    0.00    0.00    0.00   97.56
22:16:23     all    0.00    0.00    1.98    0.00    0.00    0.06    0.00    0.00    0.00   97.95
22:16:24     all    0.00    0.00    2.14    0.00    0.00    0.09    0.00    0.00    0.00   97.77
22:16:25     all    0.00    0.03    2.07    0.00    0.00    0.06    0.00    0.00    0.00   97.83
22:16:26     all    0.00    0.00    2.29    0.00    0.00    0.16    0.00    0.00    0.00   97.56
22:16:27     all    0.00    0.03    2.29    0.00    0.00    0.09    0.00    0.00    0.00   97.59
22:16:28     all    0.00    0.00    2.07    0.00    0.00    0.09    0.00    0.00    0.00   97.83
22:16:29     all    0.00    0.00    2.29    0.00    0.00    0.06    0.00    0.00    0.00   97.65
22:16:30     all    0.09    0.03    1.88    0.00    0.00    0.16    0.00    0.00    0.00   97.83
22:16:31     all    0.00    0.00    2.07    0.00    0.00    0.09    0.00    0.00    0.00   97.83
22:16:32     all    0.00    0.03    2.35    0.00    0.00    0.09    0.00    0.00    0.00   97.53
22:16:33     all    0.00    0.00    1.95    0.00    0.00    0.16    0.00    0.00    0.00   97.90
22:16:34     all    0.00    0.00    2.14    0.00    0.00    0.06    0.00    0.00    0.00   97.80
22:16:35     all    0.00    0.03    2.20    0.00    0.00    0.13    0.00    0.00    0.00   97.65
22:16:36     all    0.00    0.00    2.35    0.00    0.00    0.13    0.00    0.00    0.00   97.52
22:16:37     all    0.00    0.03    2.23    0.00    0.00    0.16    0.00    0.00    0.00   97.59
22:16:38     all    0.00    0.00    1.89    0.00    0.00    0.16    0.00    0.00    0.00   97.96
22:16:39     all    0.00    0.00    2.29    0.00    0.00    0.09    0.00    0.00    0.00   97.62
22:16:40     all    0.06    0.03    2.29    0.00    0.00    0.13    0.00    0.00    0.00   97.49
22:16:41     all    0.03    0.00    2.41    0.00    0.00    0.09    0.00    0.00    0.00   97.46
22:16:42     all    0.00    0.03    2.41    0.00    0.00    0.09    0.00    0.00    0.00   97.46
22:16:43     all    0.00    0.00    1.83    0.00    0.00    0.16    0.00    0.00    0.00   98.02
22:16:44     all    0.03    0.00    2.14    0.00    0.00    0.09    0.00    0.00    0.00   97.74
22:16:45     all    0.00    0.03    1.95    0.00    0.00    0.06    0.00    0.00    0.00   97.95
22:16:46     all    0.00    0.00    2.35    0.00    0.00    0.09    0.00    0.00    0.00   97.55
22:16:47     all    0.00    0.03    2.20    0.00    0.00    0.09    0.00    0.00    0.00   97.68
22:16:48     all    0.03    0.00    2.41    0.00    0.00    0.13    0.00    0.00    0.00   97.43
22:16:49     all    0.00    0.00    2.26    0.00    0.00    0.09    0.00    0.00    0.00   97.65
22:16:50     all    0.09    0.03    2.14    0.00    0.00    0.16    0.00    0.00    0.00   97.58
22:16:51     all    0.03    0.00    2.45    0.00    0.00    0.09    0.00    0.00    0.00   97.43
22:16:52     all    0.00    0.03    2.32    0.00    0.00    0.03    0.00    0.00    0.00   97.61
22:16:53     all    0.00    0.00    2.45    0.00    0.00    0.09    0.00    0.00    0.00   97.46
22:16:54     all    0.00    0.00    2.14    0.00    0.00    0.13    0.00    0.00    0.00   97.74
22:16:55     all    0.00    0.03    2.26    0.00    0.00    0.13    0.00    0.00    0.00   97.58
22:16:56     all    0.00    0.00    2.08    0.00    0.00    0.13    0.00    0.00    0.00   97.80
22:16:57     all    0.00    0.03    1.95    0.00    0.00    0.13    0.00    0.00    0.00   97.89
22:16:58     all    0.00    0.00    2.26    0.00    0.00    0.06    0.00    0.00    0.00   97.68
22:16:59     all    0.00    0.00    2.48    0.00    0.00    0.09    0.00    0.00    0.00   97.43
22:17:00     all    0.57    0.03    2.20    0.00    0.00    0.22    0.00    0.00    0.00   96.98
22:17:01     all    0.00    0.00    2.20    0.00    0.00    0.09    0.00    0.00    0.00   97.71
22:17:02     all    0.00    0.03    2.17    0.00    0.00    0.13    0.00    0.00    0.00   97.68
22:17:03     all    0.03    0.00    2.29    0.00    0.00    0.09    0.00    0.00    0.00   97.58
22:17:04     all    0.00    0.00    1.92    0.00    0.00    0.06    0.00    0.00    0.00   98.02
22:17:05     all    0.22    0.03    2.14    0.00    0.00    0.06    0.00    0.00    0.00   97.55
22:17:06     all    0.00    0.00    2.07    0.00    0.00    0.16    0.00    0.00    0.00   97.77
22:17:07     all    0.00    0.03    2.11    0.00    0.00    0.16    0.00    0.00    0.00   97.71
22:17:08     all    0.00    0.00    2.05    0.00    0.00    0.06    0.00    0.00    0.00   97.89
22:17:09     all    0.00    0.03    2.44    0.00    0.00    0.16    0.00    0.00    0.00   97.37
22:17:10     all    0.06    0.00    2.20    0.00    0.00    0.19    0.00    0.00    0.00   97.55
22:17:11     all    0.00    0.03    2.51    0.00    0.00    0.13    0.00    0.00    0.00   97.34
22:17:12     all    0.00    0.00    2.38    0.00    0.00    0.16    0.00    0.00    0.00   97.46
22:17:13     all    0.00    0.00    2.32    0.00    0.00    0.16    0.00    0.00    0.00   97.52
22:17:14     all    0.00    0.03    2.38    0.00    0.00    0.13    0.00    0.00    0.00   97.46
22:17:15     all    0.00    0.00    2.05    0.00    0.00    0.09    0.00    0.00    0.00   97.86
22:17:16     all    0.00    0.03    2.44    0.00    0.00    0.13    0.00    0.00    0.00   97.40
22:17:17     all    0.00    0.00    2.17    0.00    0.00    0.09    0.00    0.00    0.00   97.74
22:17:18     all    0.00    0.00    2.07    0.00    0.00    0.09    0.00    0.00    0.00   97.83
22:17:19     all    0.00    0.03    2.11    0.00    0.00    0.09    0.00    0.00    0.00   97.77
22:17:20     all    0.06    0.00    2.23    0.00    0.00    0.13    0.00    0.00    0.00   97.58
22:17:21     all    0.00    0.03    2.20    0.00    0.00    0.13    0.00    0.00    0.00   97.64
22:17:22     all    0.00    0.00    2.20    0.00    0.00    0.16    0.00    0.00    0.00   97.65
22:17:23     all    0.00    0.00    2.38    0.00    0.00    0.09    0.00    0.00    0.00   97.52
22:17:24     all    0.00    0.03    2.41    0.00    0.00    0.16    0.00    0.00    0.00   97.40
22:17:25     all    0.00    0.00    2.36    0.00    0.00    0.06    0.00    0.00    0.00   97.58
22:17:26     all    0.00    0.03    2.26    0.00    0.00    0.16    0.00    0.00    0.00   97.55
22:17:27     all    0.00    0.00    2.35    0.00    0.00    0.19    0.00    0.00    0.00   97.46
22:17:28     all    0.00    0.00    2.05    0.00    0.00    0.09    0.00    0.00    0.00   97.86
22:17:29     all    0.00    0.03    2.20    0.00    0.00    0.16    0.00    0.00    0.00   97.61
22:17:30     all    0.09    0.00    2.39    0.00    0.00    0.09    0.00    0.00    0.00   97.43
22:17:31     all    0.03    0.03    2.23    0.00    0.00    0.16    0.00    0.00    0.00   97.55
22:17:32     all    0.00    0.00    2.48    0.00    0.00    0.16    0.00    0.00    0.00   97.37
22:17:33     all    0.00    0.00    2.17    0.00    0.00    0.13    0.00    0.00    0.00   97.70
22:17:34     all    0.00    0.03    2.35    0.00    0.00    0.13    0.00    0.00    0.00   97.49
22:17:35     all    0.00    0.00    2.26    0.00    0.00    0.13    0.00    0.00    0.00   97.61
22:17:36     all    0.00    0.03    2.41    0.00    0.00    0.13    0.00    0.00    0.00   97.43
22:17:37     all    0.00    0.00    1.98    0.00    0.00    0.16    0.00    0.00    0.00   97.86
22:17:38     all    0.00    0.00    2.26    0.00    0.00    0.09    0.00    0.00    0.00   97.64
22:17:39     all    0.00    0.03    2.14    0.00    0.00    0.09    0.00    0.00    0.00   97.74
22:17:40     all    0.06    0.00    2.36    0.00    0.00    0.19    0.00    0.00    0.00   97.39
22:17:41     all    0.00    0.03    2.66    0.00    0.00    0.19    0.00    0.00    0.00   97.12
22:17:42     all    0.03    0.00    2.32    0.00    0.00    0.16    0.00    0.00    0.00   97.49
22:17:43     all    0.00    0.00    2.02    0.00    0.00    0.09    0.00    0.00    0.00   97.89
22:17:44     all    0.00    0.03    2.20    0.00    0.00    0.09    0.00    0.00    0.00   97.67
22:17:45     all    0.00    0.00    2.23    0.00    0.00    0.00    0.00    0.00    0.00   97.77
22:17:46     all    0.00    0.03    2.29    0.00    0.00    0.13    0.00    0.00    0.00   97.55
22:17:47     all    0.00    0.00    2.23    0.00    0.00    0.06    0.00    0.00    0.00   97.70
22:17:48     all    0.00    0.00    2.38    0.00    0.00    0.13    0.00    0.00    0.00   97.49
22:17:49     all    0.00    0.03    2.35    0.00    0.00    0.13    0.00    0.00    0.00   97.49
22:17:50     all    0.09    0.00    2.45    0.00    0.00    0.16    0.00    0.00    0.00   97.30
22:17:51     all    0.06    0.03    2.20    0.00    0.00    0.19    0.00    0.00    0.00   97.52
22:17:52     all    0.00    0.00    2.44    0.00    0.00    0.25    0.00    0.00    0.00   97.31
22:17:53     all    0.00    0.00    2.35    0.00    0.00    0.22    0.00    0.00    0.00   97.43
22:17:54     all    0.00    0.03    2.14    0.00    0.00    0.16    0.00    0.00    0.00   97.67
22:17:56     all    0.00    0.00    2.20    0.00    0.00    0.16    0.00    0.00    0.00   97.64
22:17:57     all    0.00    0.03    2.29    0.00    0.00    0.09    0.00    0.00    0.00   97.58
22:17:58     all    0.00    0.00    2.54    0.00    0.00    0.16    0.00    0.00    0.00   97.31
22:17:59     all    0.00    0.00    2.05    0.00    0.00    0.13    0.00    0.00    0.00   97.83
22:18:00     all    0.00    0.03    2.08    0.00    0.00    0.19    0.00    0.00    0.00   97.70
22:18:01     all    0.50    0.00    2.54    0.00    0.00    0.16    0.00    0.00    0.00   96.80
22:18:02     all    0.03    0.03    2.20    0.00    0.00    0.13    0.00    0.00    0.00   97.61
22:18:03     all    0.03    0.00    2.29    0.00    0.00    0.09    0.00    0.00    0.00   97.58
22:18:04     all    0.00    0.00    2.26    0.00    0.00    0.19    0.00    0.00    0.00   97.55
22:18:05     all    0.00    0.03    2.20    0.00    0.00    0.19    0.00    0.00    0.00   97.58
22:18:06     all    0.00    0.00    2.23    0.00    0.00    0.06    0.00    0.00    0.00   97.70
22:18:07     all    0.00    0.03    2.35    0.00    0.00    0.06    0.00    0.00    0.00   97.55
22:18:08     all    0.00    0.00    2.20    0.00    0.00    0.09    0.00    0.00    0.00   97.70
22:18:09     all    0.00    0.00    2.35    0.00    0.00    0.09    0.00    0.00    0.00   97.55
22:18:10     all    0.00    0.03    2.48    0.00    0.00    0.06    0.00    0.00    0.00   97.43
22:18:11     all    0.06    0.00    2.33    0.00    0.00    0.06    0.00    0.00    0.00   97.55
22:18:12     all    0.03    0.03    2.47    0.00    0.00    0.16    0.00    0.00    0.00   97.31
22:18:13     all    0.00    0.00    2.45    0.00    0.00    0.13    0.00    0.00    0.00   97.43
22:18:14     all    0.00    0.00    2.23    0.00    0.00    0.16    0.00    0.00    0.00   97.61
22:18:15     all    0.00    0.03    2.11    0.00    0.00    0.09    0.00    0.00    0.00   97.77
22:18:16     all    0.00    0.00    2.23    0.00    0.00    0.19    0.00    0.00    0.00   97.58
22:18:17     all    0.00    0.03    2.13    0.00    0.00    0.13    0.00    0.00    0.00   97.71
22:18:18     all    0.00    0.00    2.20    0.00    0.00    0.22    0.00    0.00    0.00   97.58
22:18:19     all    0.00    0.00    2.23    0.00    0.00    0.09    0.00    0.00    0.00   97.67
22:18:20     all    0.00    0.03    2.11    0.00    0.00    0.13    0.00    0.00    0.00   97.73
22:18:21     all    0.06    0.00    2.29    0.00    0.00    0.16    0.00    0.00    0.00   97.49
22:18:22     all    0.03    0.03    2.42    0.00    0.00    0.09    0.00    0.00    0.00   97.43
22:18:23     all    0.00    0.00    2.14    0.00    0.00    0.16    0.00    0.00    0.00   97.70
22:18:24     all    0.00    0.00    2.32    0.00    0.00    0.16    0.00    0.00    0.00   97.52
22:18:25     all    0.00    0.03    2.57    0.00    0.00    0.09    0.00    0.00    0.00   97.31
22:18:26     all    0.00    0.00    2.32    0.00    0.00    0.25    0.00    0.00    0.00   97.43
22:18:27     all    0.00    0.03    2.32    0.00    0.00    0.09    0.00    0.00    0.00   97.55
22:18:28     all    0.00    0.00    2.29    0.00    0.00    0.16    0.00    0.00    0.00   97.55
22:18:29     all    0.00    0.00    2.20    0.00    0.00    0.16    0.00    0.00    0.00   97.64
22:18:30     all    0.00    0.03    2.05    0.00    0.00    0.16    0.00    0.00    0.00   97.77
22:18:31     all    0.06    0.00    2.36    0.00    0.00    0.06    0.00    0.00    0.00   97.52
22:18:32     all    0.03    0.03    2.42    0.00    0.00    0.13    0.00    0.00    0.00   97.40
22:18:33     all    0.00    0.00    2.14    0.00    0.00    0.09    0.00    0.00    0.00   97.77
22:18:34     all    0.00    0.00    1.77    0.00    0.00    0.09    0.00    0.00    0.00   98.14
22:18:35     all    0.00    0.03    2.17    0.00    0.00    0.13    0.00    0.00    0.00   97.67
22:18:36     all    0.03    0.00    2.60    0.00    0.00    0.13    0.00    0.00    0.00   97.25
22:18:37     all    0.00    0.03    2.17    0.00    0.00    0.09    0.00    0.00    0.00   97.71
22:18:38     all    0.00    0.00    1.89    0.00    0.00    0.13    0.00    0.00    0.00   97.98
22:18:39     all    0.00    0.00    2.39    0.00    0.00    0.09    0.00    0.00    0.00   97.52
22:18:40     all    0.00    0.03    2.29    0.00    0.00    0.09    0.00    0.00    0.00   97.58
22:18:41     all    0.03    0.00    2.33    0.00    0.00    0.09    0.00    0.00    0.00   97.55
22:18:42     all    0.03    0.03    2.23    0.00    0.00    0.19    0.00    0.00    0.00   97.52
22:18:43     all    0.00    0.00    2.48    0.00    0.00    0.13    0.00    0.00    0.00   97.40
22:18:44     all    0.00    0.00    2.26    0.00    0.00    0.16    0.00    0.00    0.00   97.58
22:18:45     all    0.00    0.00    2.45    0.00    0.00    0.09    0.00    0.00    0.00   97.46
22:18:46     all    0.00    0.03    2.38    0.00    0.00    0.09    0.00    0.00    0.00   97.49
22:18:47     all    0.00    0.00    2.10    0.00    0.00    0.16    0.00    0.00    0.00   97.74
22:18:48     all    0.00    0.03    2.29    0.00    0.00    0.03    0.00    0.00    0.00   97.64
22:18:49     all    0.00    0.00    2.45    0.00    0.00    0.06    0.00    0.00    0.00   97.49
22:18:50     all    0.03    0.00    2.20    0.00    0.00    0.06    0.00    0.00    0.00   97.70
22:18:51     all    0.06    0.03    2.32    0.00    0.00    0.16    0.00    0.00    0.00   97.42
22:18:52     all    0.03    0.00    2.47    0.00    0.00    0.25    0.00    0.00    0.00   97.24
22:18:53     all    0.00    0.03    2.38    0.00    0.00    0.13    0.00    0.00    0.00   97.46
22:18:54     all    0.00    0.00    2.05    0.00    0.00    0.06    0.00    0.00    0.00   97.89
22:18:55     all    0.00    0.00    2.42    0.00    0.00    0.13    0.00    0.00    0.00   97.46
22:18:56     all    0.00    0.03    2.29    0.00    0.00    0.19    0.00    0.00    0.00   97.49
22:18:57     all    0.00    0.00    2.26    0.00    0.00    0.06    0.00    0.00    0.00   97.67
22:18:58     all    0.00    0.03    2.20    0.00    0.00    0.13    0.00    0.00    0.00   97.64
22:18:59     all    0.00    0.00    2.35    0.00    0.00    0.13    0.00    0.00    0.00   97.52
22:19:00     all    0.00    0.00    2.11    0.00    0.00    0.13    0.00    0.00    0.00   97.76
22:19:01     all    0.56    0.03    2.44    0.00    0.00    0.44    0.00    0.00    0.00   96.53
22:19:02     all    0.03    0.00    2.35    0.00    0.00    0.16    0.00    0.00    0.00   97.46
22:19:03     all    0.00    0.03    2.23    0.00    0.00    0.16    0.00    0.00    0.00   97.58
22:19:04     all    0.00    0.00    2.32    0.00    0.00    0.06    0.00    0.00    0.00   97.61
22:19:05     all    0.00    0.00    2.05    0.00    0.00    0.13    0.00    0.00    0.00   97.83
22:19:06     all    0.00    0.03    2.35    0.00    0.00    0.06    0.00    0.00    0.00   97.55
22:19:07     all    0.22    0.00    2.32    0.00    0.00    0.13    0.00    0.00    0.00   97.33
22:19:08     all    0.00    0.03    2.42    0.00    0.00    0.09    0.00    0.00    0.00   97.46
22:19:09     all    0.00    0.00    2.41    0.00    0.00    0.22    0.00    0.00    0.00   97.37
22:19:10     all    0.00    0.00    1.79    0.00    0.00    0.13    0.00    0.00    0.00   98.09
22:19:11     all    0.06    0.03    2.46    0.00    0.00    0.69    0.00    0.00    0.00   96.75
22:19:12     all    0.03    0.00    5.89    0.00    0.00    3.31    0.00    0.00    0.00   90.76
22:19:13     all    0.00    0.19    5.64    0.00    0.00    2.68    0.00    0.00    0.00   91.49
22:19:14     all    0.00    0.10   12.28    0.00    0.00    6.57    0.00    0.00    0.00   81.05
22:19:15     all    0.00    0.07   17.88    0.00    0.00    8.66    0.00    0.00    0.00   73.40
22:19:16     all    0.00    0.06   20.64    0.00    0.00    9.21    0.00    0.00    0.00   70.08
22:19:17     all    0.00    0.10   22.72    0.00    0.00    9.37    0.00    0.00    0.00   67.81
22:19:18     all    0.00    1.65   22.69    0.00    0.00    9.68    0.00    0.00    0.00   65.99
22:19:19     all    0.00    3.34   22.05    0.00    0.00    9.39    0.00    0.00    0.00   65.22
22:19:20     all    0.03    3.30   20.01    0.00    0.00    9.05    0.00    0.00    0.00   67.61
22:19:21     all    0.07    3.36   21.17    0.00    0.00    9.78    0.00    0.00    0.00   65.62
22:19:22     all    0.03    0.91   21.14    0.00    0.00    9.24    0.00    0.00    0.00   68.68
22:19:23     all    0.00    2.96   21.37    0.00    0.00    9.83    0.00    0.00    0.00   65.84
22:19:24     all    0.00    0.06   21.88    0.00    0.00    9.36    0.00    0.00    0.00   68.70
22:19:25     all    0.00    0.10   22.03    0.00    0.00    9.49    0.00    0.00    0.00   68.39
22:19:26     all    0.00    2.19   20.66    0.00    0.00    9.12    0.00    0.00    0.00   68.03
22:19:27     all    0.00    6.55   20.26    0.00    0.00    8.83    0.00    0.00    0.00   64.36
22:19:28     all    0.00    5.77   23.61    0.00    0.00    9.63    0.00    0.00    0.00   60.99
22:19:29     all    0.00    4.51   24.19    0.00    0.00   10.19    0.00    0.00    0.00   61.11
22:19:30     all    0.03    2.13   22.88    0.00    0.00    9.45    0.00    0.00    0.00   65.51
22:19:31     all    0.06    0.13   22.87    0.00    0.00    9.43    0.00    0.00    0.00   67.51
22:19:32     all    0.00    0.13   22.90    0.00    0.00    9.41    0.00    0.00    0.00   67.56
22:19:33     all    0.00    0.13   23.66    0.00    0.00   10.29    0.00    0.00    0.00   65.91
22:19:34     all    0.00    0.78   23.93    0.00    0.00   10.05    0.00    0.00    0.00   65.24
22:19:35     all    0.00    3.30   23.47    0.00    0.00    9.86    0.00    0.00    0.00   63.37
22:19:36     all    0.03    1.74   23.51    0.00    0.00   10.36    0.00    0.00    0.00   64.35
22:19:37     all    0.00    0.06   24.36    0.00    0.00    9.93    0.00    0.00    0.00   65.65
22:19:38     all    0.00    2.97   23.65    0.00    0.00    9.85    0.00    0.00    0.00   63.52
22:19:39     all    0.00    6.57   23.32    0.00    0.00   10.16    0.00    0.00    0.00   59.96
22:19:40     all    0.03    3.53   23.41    0.00    0.00    9.50    0.00    0.00    0.00   63.52
22:19:41     all    0.03    1.17   23.80    0.00    0.00    9.53    0.00    0.00    0.00   65.46
22:19:42     all    0.03    0.06   24.70    0.00    0.00    9.80    0.00    0.00    0.00   65.41
22:19:43     all    0.00    2.99   22.89    0.00    0.00    9.69    0.00    0.00    0.00   64.43
22:19:44     all    0.00    3.30   23.08    0.00    0.00    9.71    0.00    0.00    0.00   63.90
22:19:45     all    0.00    2.61   23.52    0.00    0.00   10.01    0.00    0.00    0.00   63.87
22:19:46     all    0.00    0.65   22.88    0.00    0.00   10.25    0.00    0.00    0.00   66.21
22:19:47     all    0.00    0.16   23.53    0.00    0.00   10.41    0.00    0.00    0.00   65.89
22:19:48     all    0.00    5.03   22.94    0.00    0.00   10.13    0.00    0.00    0.00   61.90
22:19:49     all    0.00    3.38   23.56    0.00    0.00   10.16    0.00    0.00    0.00   62.91
22:19:50     all    0.00    0.52   23.76    0.00    0.00    9.92    0.00    0.00    0.00   65.80
22:19:51     all    0.07    0.10   22.73    0.00    0.00    9.66    0.00    0.00    0.00   67.45
22:19:52     all    0.03    0.10   23.30    0.00    0.00   10.56    0.00    0.00    0.00   66.01
22:19:53     all    0.00    3.05   23.70    0.00    0.00    9.69    0.00    0.00    0.00   63.57
22:19:54     all    0.00    3.41   22.04    0.00    0.00    9.98    0.00    0.00    0.00   64.56
22:19:55     all    0.00    0.84   22.58    0.00    0.00   10.50    0.00    0.00    0.00   66.08
22:19:56     all    0.00    0.13   22.04    0.00    0.00    9.01    0.00    0.00    0.00   68.82
22:19:57     all    0.00    2.83   20.80    0.00    0.00    9.69    0.00    0.00    0.00   66.68
22:19:58     all    0.00    3.37   21.01    0.00    0.00    9.23    0.00    0.00    0.00   66.40
22:19:59     all    0.00    2.14   20.60    0.00    0.00    9.18    0.00    0.00    0.00   68.07
22:20:00     all    0.03    3.35   21.07    0.00    0.00    9.11    0.00    0.00    0.00   66.44
22:20:01     all    0.39    0.87   21.43    0.00    0.00    9.25    0.00    0.00    0.00   68.06
22:20:02     all    0.00    0.16   19.49    0.00    0.00    9.96    0.00    0.00    0.00   70.39
22:20:03     all    0.00    0.10   20.35    0.00    0.00    9.27    0.00    0.00    0.00   70.28
22:20:04     all    0.00    0.06   20.39    0.00    0.00    9.58    0.00    0.00    0.00   69.97
22:20:05     all    0.00    0.10   20.04    0.00    0.00    9.37    0.00    0.00    0.00   70.50
22:20:06     all    0.00    4.74   19.88    0.00    0.00    8.70    0.00    0.00    0.00   66.69
22:20:07     all    0.00    9.79   21.14    0.00    0.00    9.11    0.00    0.00    0.00   59.97
22:20:08     all    0.03    9.87   20.59    0.00    0.00    8.46    0.00    0.00    0.00   61.05
22:20:09     all    0.00    7.81   21.11    0.00    0.00    9.48    0.00    0.00    0.00   61.60
22:20:10     all    0.03    5.12   20.42    0.00    0.00    9.36    0.00    0.00    0.00   65.06
22:20:11     all    0.07    5.34   20.63    0.00    0.00    9.25    0.00    0.00    0.00   64.71
22:20:12     all    0.00   15.77   18.52    0.00    0.00    9.26    0.00    0.00    0.00   56.45
22:20:13     all    0.00   26.53   17.54    0.00    0.00    8.41    0.00    0.00    0.00   47.52
22:20:14     all    0.00   22.93   17.81    0.00    0.00    8.04    0.00    0.00    0.00   51.21
22:20:15     all    0.00   12.51   19.52    0.00    0.00    8.89    0.00    0.00    0.00   59.08
22:20:16     all    0.00    8.03   20.37    0.00    0.00    9.20    0.00    0.00    0.00   62.40
22:20:17     all    0.00    6.62   20.08    0.00    0.00    9.29    0.00    0.00    0.00   64.00
22:20:18     all    0.00    5.36   18.99    0.00    0.00    9.61    0.00    0.00    0.00   66.03
22:20:19     all    0.00    3.33   19.81    0.00    0.00    9.73    0.00    0.00    0.00   67.13
22:20:20     all    0.03    2.63   20.20    0.00    0.00    9.48    0.00    0.00    0.00   67.65
22:20:21     all    0.03    0.16   20.02    0.00    0.00    9.65    0.00    0.00    0.00   70.13
22:20:22     all    0.03    3.41   20.32    0.00    0.00    9.72    0.00    0.00    0.00   66.51
22:20:23     all    0.00    3.41   20.35    0.00    0.00    9.06    0.00    0.00    0.00   67.19
22:20:24     all    0.00    1.76   19.45    0.00    0.00    9.33    0.00    0.00    0.00   69.46
22:20:25     all    0.00    0.13   21.78    0.00    0.00    9.08    0.00    0.00    0.00   69.01
22:20:26     all    0.00    0.16   20.68    0.00    0.00    9.00    0.00    0.00    0.00   70.16
22:20:27     all    0.00    3.35   20.67    0.00    0.00    9.26    0.00    0.00    0.00   66.72
22:20:28     all    0.00    3.25   20.51    0.00    0.00    9.59    0.00    0.00    0.00   66.64
22:20:29     all    0.00    0.16   20.45    0.00    0.00    8.77    0.00    0.00    0.00   70.62
22:20:30     all    0.03    0.13   20.85    0.00    0.00    9.13    0.00    0.00    0.00   69.86
22:20:31     all    0.03    0.06   21.88    0.00    0.00    9.71    0.00    0.00    0.00   68.32
22:20:32     all    0.03    0.06   21.92    0.00    0.00    9.78    0.00    0.00    0.00   68.20
22:20:33     all    0.00    0.13   16.68    0.00    0.00    8.75    0.00    0.00    0.00   74.45
22:20:34     all    0.03    0.13   14.65    0.00    0.00    7.08    0.00    0.00    0.00   78.10
22:20:35     all    0.00    0.03   15.26    0.00    0.00    7.60    0.00    0.00    0.00   77.10
22:20:36     all    0.00    0.13   15.73    0.00    0.00    7.78    0.00    0.00    0.00   76.36
22:20:37     all    0.00    0.07   14.89    0.00    0.00    7.26    0.00    0.00    0.00   77.79
22:20:38     all    0.00    0.03   15.02    0.00    0.00    7.18    0.00    0.00    0.00   77.76
22:20:39     all    0.00    0.07   15.06    0.00    0.00    7.80    0.00    0.00    0.00   77.07
22:20:40     all    0.03    1.03   15.17    0.00    0.00    8.20    0.00    0.00    0.00   75.56
22:20:41     all    0.07    3.36   14.23    0.00    0.00    7.34    0.00    0.00    0.00   75.01
22:20:42     all    0.00    3.04   15.21    0.00    0.00    8.44    0.00    0.00    0.00   73.31
22:20:43     all    0.00    0.06   14.89    0.00    0.00    7.56    0.00    0.00    0.00   77.49
22:20:44     all    0.00    2.39   15.16    0.00    0.00    7.50    0.00    0.00    0.00   74.94
22:20:45     all    0.00    2.17   15.02    0.00    0.00    7.77    0.00    0.00    0.00   75.04
22:20:46     all    0.00    0.10   15.51    0.00    0.00    7.77    0.00    0.00    0.00   76.63
22:20:47     all    0.00    0.10   12.10    0.00    0.00    6.63    0.00    0.00    0.00   81.17
22:20:48     all    0.00    0.03    9.65    0.00    0.00    4.97    0.00    0.00    0.00   85.35
22:20:49     all    0.00    0.03    9.53    0.00    0.00    5.76    0.00    0.00    0.00   84.67
22:20:50     all    0.06    0.06    9.08    0.00    0.00    5.25    0.00    0.00    0.00   85.54
22:20:51     all    0.03    0.10    9.59    0.00    0.00    5.28    0.00    0.00    0.00   85.00
22:20:52     all    0.03    0.06    9.51    0.00    0.00    5.95    0.00    0.00    0.00   84.45
22:20:53     all    0.00    1.37    8.81    0.00    0.00    5.14    0.00    0.00    0.00   84.69
22:20:54     all    0.00    1.32    7.41    0.00    0.00    4.29    0.00    0.00    0.00   86.98
22:20:55     all    0.00    0.03    6.86    0.00    0.00    4.45    0.00    0.00    0.00   88.66
22:20:56     all    0.00    0.03    6.91    0.00    0.00    3.97    0.00    0.00    0.00   89.09
22:20:57     all    0.00    0.03    7.44    0.00    0.00    4.04    0.00    0.00    0.00   88.49
22:20:58     all    0.00    0.03    7.22    0.00    0.00    4.03    0.00    0.00    0.00   88.72
22:20:59     all    0.00    0.06    6.83    0.00    0.00    4.19    0.00    0.00    0.00   88.91
22:21:00     all    0.06    0.03    6.83    0.00    0.00    4.48    0.00    0.00    0.00   88.60
22:21:01     all    0.32    0.06    6.81    0.00    0.00    4.42    0.00    0.00    0.00   88.38
22:21:02     all    0.00    0.06    6.88    0.00    0.00    4.57    0.00    0.00    0.00   88.49
22:21:03     all    0.00    0.06    6.55    0.00    0.00    4.45    0.00    0.00    0.00   88.94
22:21:04     all    0.00    0.03    7.19    0.00    0.00    4.36    0.00    0.00    0.00   88.41
22:21:05     all    0.00    0.06    6.93    0.00    0.00    4.09    0.00    0.00    0.00   88.91
22:21:06     all    0.00    0.03    6.86    0.00    0.00    4.09    0.00    0.00    0.00   89.01
22:21:07     all    0.00    0.03    6.86    0.00    0.00    3.95    0.00    0.00    0.00   89.16
22:21:08     all    0.00    0.03    6.64    0.00    0.00    4.35    0.00    0.00    0.00   88.97
22:21:09     all    0.00    0.06    6.71    0.00    0.00    4.32    0.00    0.00    0.00   88.91
22:21:10     all    0.03    0.03    6.88    0.00    0.00    3.73    0.00    0.00    0.00   89.32
22:21:11     all    0.03    0.06    6.43    0.00    0.00    4.33    0.00    0.00    0.00   89.14
22:21:12     all    0.03    0.06    6.67    0.00    0.00    4.02    0.00    0.00    0.00   89.21
22:21:13     all    0.00    0.03    6.69    0.00    0.00    3.98    0.00    0.00    0.00   89.29
22:21:14     all    0.00    0.03    6.31    0.00    0.00    4.28    0.00    0.00    0.00   89.38
22:21:15     all    0.00    0.03    6.09    0.00    0.00    3.74    0.00    0.00    0.00   90.14
22:21:16     all    0.06    0.06    6.28    0.00    0.00    4.15    0.00    0.00    0.00   89.44
22:21:17     all    0.23    0.03    5.41    0.00    0.00    3.40    0.00    0.00    0.00   90.93
22:21:18     all    0.00    0.03    6.33    0.00    0.00    3.63    0.00    0.00    0.00   90.00
22:21:19     all    0.00    0.06    6.46    0.00    0.00    3.84    0.00    0.00    0.00   89.64
22:21:20     all    0.03    0.16    8.20    0.00    0.00    5.62    0.00    0.00    0.00   85.99
22:21:21     all    0.06    2.40    8.10    0.00    0.00    5.15    0.00    0.00    0.00   84.29
22:21:22     all    0.03    6.80   10.85    0.00    0.00    5.93    0.00    0.00    0.00   76.38
22:21:23     all    0.00    3.32   10.36    0.00    0.00    6.06    0.00    0.00    0.00   80.25
22:21:24     all    0.00    6.99   10.83    0.00    0.00    6.99    0.00    0.00    0.00   75.19
22:21:25     all    0.00   11.50   13.67    0.00    0.00    7.84    0.00    0.00    0.00   66.99
22:21:26     all    0.00    9.35   12.78    0.00    0.00    7.48    0.00    0.00    0.00   70.39
22:21:27     all    0.00    7.68   14.59    0.00    0.00    7.42    0.00    0.00    0.00   70.31
22:21:28     all    0.00    7.45   12.20    0.00    0.00    6.80    0.00    0.00    0.00   73.54
22:21:29     all    0.00   11.52   12.66    0.00    0.00    6.65    0.00    0.00    0.00   69.17
22:21:30     all    0.03   13.89   11.56    0.00    0.00    6.75    0.00    0.00    0.00   67.77
22:21:31     all    0.00   12.93   13.25    0.00    0.00    7.61    0.00    0.00    0.00   66.21
22:21:32     all    0.03    9.24   12.55    0.00    0.00    7.75    0.00    0.00    0.00   70.43
22:21:33     all    0.00   13.79   12.11    0.00    0.00    7.52    0.00    0.00    0.00   66.58
22:21:34     all    0.00   11.78   12.33    0.00    0.00    7.27    0.00    0.00    0.00   68.62
22:21:35     all    0.03   22.75   13.09    0.00    0.00    7.59    0.00    0.00    0.00   56.53
22:21:36     all    0.00   23.98   14.36    0.00    0.00    7.31    0.00    0.00    0.00   54.34
22:21:37     all    0.00   21.29   14.15    0.00    0.00    7.76    0.00    0.00    0.00   56.80
22:21:38     all    0.00    8.24   16.68    0.00    0.00    9.63    0.00    0.00    0.00   65.45
22:21:39     all    0.00   14.51   19.89    0.00    0.00    9.59    0.00    0.00    0.00   56.01
22:21:40     all    0.06   12.98   21.58    0.00    0.00   10.40    0.00    0.00    0.00   54.97
22:21:41     all    0.03    6.31   20.91    0.00    0.00   10.36    0.00    0.00    0.00   62.38
22:21:42     all    0.00    7.11   13.79    0.00    0.00    7.63    0.00    0.00    0.00   71.47
22:21:43     all    0.00   11.52   12.90    0.00    0.00    7.28    0.00    0.00    0.00   68.30
22:21:44     all    0.00   10.98   14.81    0.00    0.00    7.28    0.00    0.00    0.00   66.94
22:21:45     all    0.00   11.70   14.63    0.00    0.00    7.25    0.00    0.00    0.00   66.42
22:21:46     all    0.00    7.50    9.61    0.00    0.00    6.04    0.00    0.00    0.00   76.85
22:21:47     all    0.00    7.77    9.89    0.00    0.00    6.49    0.00    0.00    0.00   75.84
22:21:48     all    0.00    8.82    7.74    0.00    0.00    4.78    0.00    0.00    0.00   78.67
22:21:49     all    0.00   12.59    7.69    0.00    0.00    4.49    0.00    0.00    0.00   75.23
22:21:50     all    0.06    9.00    6.94    0.00    0.00    4.80    0.00    0.00    0.00   79.19
22:21:51     all    0.00   11.52    6.55    0.00    0.00    4.00    0.00    0.00    0.00   77.94
22:21:52     all    0.06   11.11    5.88    0.00    0.00    3.58    0.00    0.00    0.00   79.37
22:21:53     all    0.00   10.34    9.08    0.00    0.00    5.28    0.00    0.00    0.00   75.30
22:21:54     all    0.00    4.02    7.65    0.00    0.00    5.05    0.00    0.00    0.00   83.29
22:21:55     all    0.00    7.71    8.80    0.00    0.00    5.51    0.00    0.00    0.00   77.98
22:21:56     all    0.00    5.66    9.05    0.00    0.00    5.01    0.00    0.00    0.00   80.28
22:21:57     all    0.00    5.70    8.37    0.00    0.00    5.28    0.00    0.00    0.00   80.64
22:21:58     all    0.00    6.65    8.60    0.00    0.00    5.09    0.00    0.00    0.00   79.66
22:21:59     all    0.00    4.44    7.01    0.00    0.00    4.76    0.00    0.00    0.00   83.79
22:22:00     all    0.06    1.88    5.99    0.00    0.00    3.27    0.00    0.00    0.00   88.80
22:22:01     all    0.26    4.39    6.02    0.00    0.00    3.49    0.00    0.00    0.00   85.85
22:22:02     all    0.00    2.12    6.61    0.00    0.00    3.62    0.00    0.00    0.00   87.65
22:22:03     all    0.00    0.06    6.85    0.00    0.00    4.60    0.00    0.00    0.00   88.49
22:22:04     all    0.00    0.03    6.67    0.00    0.00    4.55    0.00    0.00    0.00   88.75
22:22:05     all    0.03    0.06    6.81    0.00    0.00    4.59    0.00    0.00    0.00   88.50
22:22:06     all    0.00    0.55    6.61    0.00    0.00    4.43    0.00    0.00    0.00   88.42
22:22:07     all    0.00    1.03    6.81    0.00    0.00    4.18    0.00    0.00    0.00   87.99
22:22:08     all    0.00    0.06    6.63    0.00    0.00    4.50    0.00    0.00    0.00   88.81
22:22:09     all    0.00    0.06    7.37    0.00    0.00    4.18    0.00    0.00    0.00   88.39
22:22:10     all    0.03    0.06    7.18    0.00    0.00    4.19    0.00    0.00    0.00   88.53
22:22:11     all    0.03    0.06    6.58    0.00    0.00    4.12    0.00    0.00    0.00   89.21
22:22:12     all    0.03    0.06    7.25    0.00    0.00    4.15    0.00    0.00    0.00   88.50
22:22:13     all    0.00    0.06    7.24    0.00    0.00    4.23    0.00    0.00    0.00   88.47
22:22:14     all    0.00    1.68    6.08    0.00    0.00    3.91    0.00    0.00    0.00   88.33
22:22:15     all    0.00    0.03    7.15    0.00    0.00    4.51    0.00    0.00    0.00   88.30
22:22:16     all    0.00    0.03    7.28    0.00    0.00    4.19    0.00    0.00    0.00   88.50
22:22:17     all    0.00    0.06    7.34    0.00    0.00    4.58    0.00    0.00    0.00   88.02
22:22:18     all    0.00    0.06    6.51    0.00    0.00    4.32    0.00    0.00    0.00   89.10
22:22:19     all    0.00    0.06    6.83    0.00    0.00    4.34    0.00    0.00    0.00   88.77
22:22:20     all    0.06    0.03    7.07    0.00    0.00    3.57    0.00    0.00    0.00   89.26
22:22:21     all    0.03    0.06    7.59    0.00    0.00    4.45    0.00    0.00    0.00   87.86
22:22:22     all    0.00    0.10    7.27    0.00    0.00    4.80    0.00    0.00    0.00   87.83
22:22:23     all    0.00    0.06    6.89    0.00    0.00    4.47    0.00    0.00    0.00   88.57
22:22:24     all    0.00    0.06    6.99    0.00    0.00    4.64    0.00    0.00    0.00   88.30
22:22:25     all    0.00    0.03    7.49    0.00    0.00    4.73    0.00    0.00    0.00   87.75
22:22:26     all    0.00    0.03    7.73    0.00    0.00    4.51    0.00    0.00    0.00   87.72
22:22:27     all    0.00    0.13    7.69    0.00    0.00    4.07    0.00    0.00    0.00   88.11
22:22:28     all    0.00    1.29    7.10    0.00    0.00    4.31    0.00    0.00    0.00   87.30
22:22:29     all    0.00    0.03    7.28    0.00    0.00    5.02    0.00    0.00    0.00   87.67
22:22:30     all    0.06    0.03    7.49    0.00    0.00    4.82    0.00    0.00    0.00   87.58
22:22:31     all    0.03    0.06    7.17    0.00    0.00    4.38    0.00    0.00    0.00   88.35
22:22:32     all    0.00    0.06    7.64    0.00    0.00    4.34    0.00    0.00    0.00   87.96
22:22:33     all    0.00    0.03    7.51    0.00    0.00    4.42    0.00    0.00    0.00   88.04
22:22:34     all    0.00    0.06    7.93    0.00    0.00    4.72    0.00    0.00    0.00   87.28
22:22:35     all    0.00    0.03    7.91    0.10    0.00    4.36    0.00    0.00    0.00   87.60
22:22:36     all    0.00    0.03    7.57    0.16    0.00    4.53    0.00    0.00    0.00   87.71
22:22:37     all    0.00    0.06    7.17    0.00    0.00    4.41    0.00    0.00    0.00   88.36
22:22:38     all    0.03    0.06    7.53    0.00    0.00    4.58    0.00    0.00    0.00   87.79
22:22:39     all    0.00    0.10    7.24    0.00    0.00    4.49    0.00    0.00    0.00   88.18
22:22:40     all    0.10    0.06    6.95    0.00    0.00    4.37    0.00    0.00    0.00   88.52
22:22:41     all    0.06    0.06    5.77    0.00    0.00    3.74    0.00    0.00    0.00   90.36
22:22:42     all    0.00    0.06    6.28    0.00    0.00    3.24    0.00    0.00    0.00   90.41
22:22:43     all    0.00    0.06    6.39    0.00    0.00    3.27    0.00    0.00    0.00   90.28
22:22:44     all    0.00    0.03    6.18    0.00    0.00    3.52    0.00    0.00    0.00   90.27
22:22:45     all    0.00    0.03    6.30    0.00    0.00    3.36    0.00    0.00    0.00   90.30
22:22:46     all    0.00    0.03    5.71    0.00    0.00    3.97    0.00    0.00    0.00   90.29
22:22:47     all    0.00    0.06    6.25    0.00    0.00    3.64    0.00    0.00    0.00   90.05
22:22:48     all    0.00    0.06    6.60    0.00    0.00    3.57    0.00    0.00    0.00   89.77
22:22:49     all    0.00    0.03    5.95    0.00    0.00    3.70    0.00    0.00    0.00   90.32
22:22:50     all    0.06    0.06    6.22    0.00    0.00    3.88    0.00    0.00    0.00   89.77
22:22:51     all    0.03    0.03    6.22    0.00    0.00    4.12    0.00    0.00    0.00   89.59
22:22:52     all    0.00    0.06    6.04    0.00    0.00    4.11    0.00    0.00    0.00   89.78
22:22:53     all    0.00    0.03    5.75    0.00    0.00    4.07    0.00    0.00    0.00   90.15
22:22:54     all    0.00    1.11    6.43    0.00    0.00    3.79    0.00    0.00    0.00   88.66
22:22:55     all    0.00    0.03    5.98    0.00    0.00    3.89    0.00    0.00    0.00   90.10
22:22:56     all    0.00    0.06    5.41    0.00    0.00    3.99    0.00    0.00    0.00   90.53
22:22:57     all    0.00    0.06    6.02    0.00    0.00    3.83    0.00    0.00    0.00   90.09
22:22:58     all    0.00    0.03    6.32    0.00    0.00    3.72    0.00    0.00    0.00   89.93
22:22:59     all    0.00    0.03    5.73    0.00    0.00    4.05    0.00    0.00    0.00   90.19
22:23:00     all    0.06    0.03    6.03    0.00    0.00    3.78    0.00    0.00    0.00   90.09
22:23:01     all    0.35    0.03    6.37    0.00    0.00    3.86    0.00    0.00    0.00   89.39
22:23:02     all    0.00    0.06    5.71    0.00    0.00    3.85    0.00    0.00    0.00   90.38
22:23:03     all    0.00    0.10    5.76    0.00    0.00    3.80    0.00    0.00    0.00   90.35
22:23:04     all    0.00    0.03    6.19    0.00    0.00    3.68    0.00    0.00    0.00   90.10
22:23:05     all    0.03    0.06    5.73    0.00    0.00    3.54    0.00    0.00    0.00   90.63
22:23:06     all    0.00    0.06    6.13    0.00    0.00    3.65    0.00    0.00    0.00   90.16
22:23:07     all    0.00    0.00    6.20    0.00    0.00    4.14    0.00    0.00    0.00   89.66
22:23:08     all    0.00    0.06    6.01    0.00    0.00    3.88    0.00    0.00    0.00   90.05
22:23:09     all    0.00    0.03    6.17    0.00    0.00    3.66    0.00    0.00    0.00   90.13
22:23:10     all    0.06    1.12    6.32    0.00    0.00    3.50    0.00    0.00    0.00   88.99
22:23:11     all    0.03    0.42    6.02    0.00    0.00    3.64    0.00    0.00    0.00   89.88
22:23:12     all    0.03    0.03    6.30    0.00    0.00    3.99    0.00    0.00    0.00   89.65
22:23:13     all    0.00    0.06    6.06    0.00    0.00    3.55    0.00    0.00    0.00   90.33
22:23:14     all    0.00    0.03    6.61    0.00    0.00    4.37    0.00    0.00    0.00   88.99
22:23:15     all    0.00    0.03    6.76    0.00    0.00    4.39    0.00    0.00    0.00   88.81
22:23:16     all    0.19    0.06    6.13    0.00    0.00    4.27    0.00    0.00    0.00   89.34
22:23:17     all    0.00    0.06    6.44    0.00    0.00    3.88    0.00    0.00    0.00   89.61
22:23:18     all    0.00    0.03    6.10    0.00    0.00    3.97    0.00    0.00    0.00   89.89
22:23:19     all    0.00    0.06    6.07    0.00    0.00    4.02    0.00    0.00    0.00   89.85
22:23:20     all    0.10    0.06    6.41    0.00    0.00    3.72    0.00    0.00    0.00   89.71
22:23:21     all    0.03    0.03    6.53    0.00    0.00    3.92    0.00    0.00    0.00   89.49
22:23:22     all    0.00    0.10    6.48    0.00    0.00    3.69    0.00    0.00    0.00   89.73
22:23:23     all    0.00    0.06    6.05    0.00    0.00    4.18    0.00    0.00    0.00   89.70
22:23:24     all    0.00    0.06    5.87    0.00    0.00    3.66    0.00    0.00    0.00   90.41
22:23:25     all    0.00    0.03    6.10    0.00    0.00    3.84    0.00    0.00    0.00   90.03
22:23:26     all    0.03    0.03    6.48    0.00    0.00    3.50    0.00    0.00    0.00   89.95
22:23:27     all    0.19    0.03    6.53    0.00    0.00    3.84    0.00    0.00    0.00   89.40
22:23:28     all    0.00    0.03    6.27    0.00    0.00    3.65    0.00    0.00    0.00   90.04
22:23:29     all    0.00    0.03    6.60    0.00    0.00    4.04    0.00    0.00    0.00   89.33
22:23:30     all    0.06    0.06    6.56    0.00    0.00    3.70    0.00    0.00    0.00   89.61
22:23:31     all    0.03    0.06    6.53    0.00    0.00    3.70    0.00    0.00    0.00   89.68
22:23:32     all    0.03    0.06    6.20    0.00    0.00    3.39    0.00    0.00    0.00   90.32
22:23:33     all    0.00    0.03    6.53    0.00    0.00    4.08    0.00    0.00    0.00   89.35
22:23:34     all    0.00    0.03    6.10    0.00    0.00    3.71    0.00    0.00    0.00   90.16
22:23:35     all    0.00    0.03    6.27    0.00    0.00    3.98    0.00    0.00    0.00   89.72
22:23:36     all    0.00    0.06    6.49    0.00    0.00    3.95    0.00    0.00    0.00   89.49
22:23:37     all    0.00    0.06    6.03    0.00    0.00    4.23    0.00    0.00    0.00   89.68
22:23:38     all    0.00    0.03    6.23    0.00    0.00    3.41    0.00    0.00    0.00   90.33
22:23:39     all    0.00    0.03    7.12    0.00    0.00    3.69    0.00    0.00    0.00   89.16
22:23:40     all    0.06    0.03    6.39    0.00    0.00    3.61    0.00    0.00    0.00   89.90
22:23:41     all    0.03    0.03    6.42    0.00    0.00    3.93    0.00    0.00    0.00   89.59
22:23:42     all    0.03    0.06    6.21    0.00    0.00    3.62    0.00    0.00    0.00   90.08
22:23:43     all    0.00    0.00    6.60    0.00    0.00    3.82    0.00    0.00    0.00   89.59
22:23:44     all    0.00    0.06    5.74    0.00    0.00    4.07    0.00    0.00    0.00   90.13
22:23:45     all    0.00    0.03    6.31    0.00    0.00    3.60    0.00    0.00    0.00   90.05
22:23:46     all    0.00    0.06    5.84    0.00    0.00    3.42    0.00    0.00    0.00   90.68
22:23:47     all    0.00    0.06    5.70    0.00    0.00    4.06    0.00    0.00    0.00   90.17
22:23:48     all    0.00    0.06    5.74    0.00    0.00    3.61    0.00    0.00    0.00   90.58
22:23:49     all    0.00    0.06    5.73    0.00    0.00    3.64    0.00    0.00    0.00   90.57
22:23:50     all    0.06    0.06    5.77    0.00    0.00    3.22    0.00    0.00    0.00   90.87
22:23:51     all    0.03    0.00    5.55    0.00    0.00    3.42    0.00    0.00    0.00   91.00
22:23:52     all    0.03    0.03    5.85    0.00    0.00    3.34    0.00    0.00    0.00   90.75
22:23:53     all    0.00    0.06    5.33    0.00    0.00    3.49    0.00    0.00    0.00   91.11
22:23:54     all    0.00    0.03    5.51    0.00    0.00    3.19    0.00    0.00    0.00   91.26
22:23:55     all    0.00    0.03    5.80    0.00    0.00    3.25    0.00    0.00    0.00   90.91
22:23:56     all    0.00    0.03    5.78    0.00    0.00    3.63    0.00    0.00    0.00   90.56
22:23:57     all    0.00    0.06    5.24    0.00    0.00    3.53    0.00    0.00    0.00   91.16
22:23:58     all    0.00    0.00    5.36    0.00    0.00    3.36    0.00    0.00    0.00   91.29
22:23:59     all    0.00    0.03    5.89    0.00    0.00    3.74    0.00    0.00    0.00   90.34
22:24:00     all    0.10    0.03    5.34    0.00    0.00    3.44    0.00    0.00    0.00   91.08
22:24:01     all    0.32    0.06    5.85    0.00    0.00    3.60    0.00    0.00    0.00   90.17
22:24:02     all    0.00    0.03    5.46    0.00    0.00    3.28    0.00    0.00    0.00   91.23
22:24:03     all    0.00    0.99    4.88    0.00    0.00    3.11    0.00    0.00    0.00   91.02
22:24:04     all    0.00    0.87    4.26    0.00    0.00    2.71    0.00    0.00    0.00   92.15
22:24:05     all    0.00    0.03    6.33    0.00    0.00    3.81    0.00    0.00    0.00   89.83
22:24:06     all    0.00    0.65    9.43    0.00    0.00    5.30    0.00    0.00    0.00   84.63
22:24:07     all    0.00    0.64    9.42    0.00    0.00    6.12    0.00    0.00    0.00   83.82
22:24:08     all    0.00    3.76   11.00    0.00    0.00    6.33    0.00    0.00    0.00   78.91
22:24:09     all    0.03    3.38   10.82    0.00    0.00    6.11    0.00    0.00    0.00   79.66
22:24:10     all    0.03    5.51   13.49    0.00    0.00    6.97    0.00    0.00    0.00   74.00
22:24:11     all    0.00    8.35   13.26    0.00    0.00    7.42    0.00    0.00    0.00   70.97
22:24:12     all    0.03   10.33   12.65    0.00    0.00    7.41    0.00    0.00    0.00   69.58
22:24:13     all    0.00   10.80   11.88    0.00    0.00    7.11    0.00    0.00    0.00   70.20
22:24:14     all    0.00    7.85   12.50    0.00    0.00    6.71    0.00    0.00    0.00   72.94
22:24:15     all    0.00    9.91   12.15    0.00    0.00    6.50    0.00    0.00    0.00   71.44
22:24:16     all    0.00    8.47   12.73    0.00    0.00    7.08    0.00    0.00    0.00   71.72
22:24:17     all    0.00   11.33   11.40    0.00    0.00    6.83    0.00    0.00    0.00   70.44
22:24:18     all    0.00   10.77   11.06    0.00    0.00    6.08    0.00    0.00    0.00   72.09
22:24:19     all    0.00    7.55   11.88    0.00    0.00    7.55    0.00    0.00    0.00   73.01
22:24:20     all    0.06    9.32   12.57    0.00    0.00    6.76    0.00    0.00    0.00   71.29
22:24:21     all    0.00   10.92   14.40    0.00    0.00    7.60    0.00    0.00    0.00   67.09
22:24:22     all    0.00    9.87   16.56    0.00    0.00    8.70    0.00    0.00    0.00   64.86
22:24:23     all    0.00   14.60   16.22    0.00    0.00    8.89    0.00    0.00    0.00   60.30
22:24:24     all    0.00   11.14   17.54    0.00    0.00    8.91    0.00    0.00    0.00   62.40
22:24:25     all    0.00   10.42   15.75    0.00    0.00    9.43    0.00    0.00    0.00   64.40
22:24:26     all    0.00   18.02   16.10    0.00    0.00    8.85    0.00    0.00    0.00   57.03
22:24:27     all    0.00    9.84   17.00    0.00    0.00    9.23    0.00    0.00    0.00   63.94
22:24:28     all    0.03   10.98   15.21    0.00    0.00    8.46    0.00    0.00    0.00   65.32
22:24:29     all    0.00   16.25   15.86    0.00    0.00    8.92    0.00    0.00    0.00   58.97
22:24:30     all    0.03   13.42   15.67    0.00    0.00    9.12    0.00    0.00    0.00   61.75
22:24:31     all    0.03   15.30   15.34    0.00    0.00    8.37    0.00    0.00    0.00   60.95
22:24:32     all    0.00   12.81   16.42    0.00    0.00    8.88    0.00    0.00    0.00   61.90
22:24:33     all    0.00   14.39   15.93    0.00    0.00    8.44    0.00    0.00    0.00   61.25
22:24:34     all    0.00   13.26   16.02    0.00    0.00    8.67    0.00    0.00    0.00   62.05
22:24:35     all    0.00   15.61   16.58    0.00    0.00    9.00    0.00    0.00    0.00   58.82
22:24:36     all    0.03   10.65   15.86    0.00    0.00    9.16    0.00    0.00    0.00   64.29
22:24:37     all    0.00   17.41   15.66    0.00    0.00    8.48    0.00    0.00    0.00   58.45
22:24:38     all    0.00   14.75   16.37    0.00    0.00    8.72    0.00    0.00    0.00   60.16
22:24:39     all    0.00   11.10   15.45    0.00    0.00    8.21    0.00    0.00    0.00   65.23
22:24:40     all    0.07   14.67   14.80    0.00    0.00    7.43    0.00    0.00    0.00   63.03
22:24:41     all    0.00    8.23   13.85    0.00    0.00    7.23    0.00    0.00    0.00   70.68
22:24:42     all    0.00    9.23   15.25    0.00    0.00    8.16    0.00    0.00    0.00   67.36
22:24:43     all    0.00   14.04   16.08    0.00    0.00    8.70    0.00    0.00    0.00   61.18
22:24:44     all    0.00   10.68   13.32    0.00    0.00    7.03    0.00    0.00    0.00   68.97
22:24:45     all    0.00   11.25   10.76    0.00    0.00    6.56    0.00    0.00    0.00   71.43
22:24:46     all    0.00   16.97   14.58    0.00    0.00    7.81    0.00    0.00    0.00   60.64
22:24:47     all    0.00   10.35   15.93    0.00    0.00    8.75    0.00    0.00    0.00   64.98
22:24:48     all    0.00   14.55   15.75    0.00    0.00    8.12    0.00    0.00    0.00   61.59
22:24:49     all    0.03   16.12   16.16    0.00    0.00    9.11    0.00    0.00    0.00   58.58
22:24:50     all    0.03   14.87   15.98    0.00    0.00    8.12    0.00    0.00    0.00   60.99
22:24:51     all    0.03   16.08   15.46    0.00    0.00    8.32    0.00    0.00    0.00   60.10
22:24:52     all    0.03   12.46   16.13    0.00    0.00    8.44    0.00    0.00    0.00   62.93
22:24:53     all    0.00    9.57   14.78    0.00    0.00    8.76    0.00    0.00    0.00   66.88
22:24:54     all    0.00   13.18   15.32    0.00    0.00    8.63    0.00    0.00    0.00   62.88
22:24:55     all    0.00   11.26   16.50    0.00    0.00    7.64    0.00    0.00    0.00   64.60
22:24:56     all    0.00   16.55   15.18    0.00    0.00    8.31    0.00    0.00    0.00   59.95
22:24:57     all    0.00   11.61   16.01    0.00    0.00    8.02    0.00    0.00    0.00   64.35
22:24:58     all    0.03   17.16   14.79    0.00    0.00    7.80    0.00    0.00    0.00   60.22
22:24:59     all    0.00   15.48   15.64    0.00    0.00    8.78    0.00    0.00    0.00   60.10
22:25:00     all    0.07   13.18   15.37    0.00    0.00    8.60    0.00    0.00    0.00   62.77
22:25:01     all    0.33   15.86   13.68    0.00    0.00    7.39    0.00    0.00    0.00   62.74
22:25:02     all    0.00    5.77   12.70    0.00    0.00    6.74    0.00    0.00    0.00   74.79
22:25:03     all    0.00   14.12   13.27    0.00    0.00    7.29    0.00    0.00    0.00   65.33
22:25:04     all    0.00   15.97   15.38    0.00    0.00    8.41    0.00    0.00    0.00   60.23
22:25:05     all    0.00   13.34   15.90    0.00    0.00    8.84    0.00    0.00    0.00   61.93
22:25:06     all    0.00   15.38   14.66    0.00    0.00    8.05    0.00    0.00    0.00   61.90
22:25:07     all    0.00   14.88   13.00    0.00    0.00    7.64    0.00    0.00    0.00   64.48
22:25:08     all    0.00   12.02    9.75    0.00    0.00    5.78    0.00    0.00    0.00   72.45
22:25:09     all    0.00    8.56    8.53    0.00    0.00    5.65    0.00    0.00    0.00   77.25
22:25:10     all    0.10   15.88   10.72    0.00    0.00    5.52    0.00    0.00    0.00   67.79
22:25:11     all    0.00    6.94   10.95    0.00    0.00    6.23    0.00    0.00    0.00   75.87
22:25:12     all    0.00    7.19    9.42    0.00    0.00    6.18    0.00    0.00    0.00   77.21
22:25:13     all    0.00    2.42    8.42    0.00    0.00    5.03    0.00    0.00    0.00   84.12
22:25:14     all    0.00    3.61    8.16    0.00    0.00    4.78    0.00    0.00    0.00   83.45
22:25:15     all    0.00    4.88    7.98    0.00    0.00    4.75    0.00    0.00    0.00   82.39
22:25:16     all    0.00    4.78    8.09    0.00    0.00    4.85    0.00    0.00    0.00   82.27
22:25:17     all    0.03    4.43    7.71    0.00    0.00    5.53    0.00    0.00    0.00   82.30
22:25:18     all    0.00    0.45    8.18    0.00    0.00    5.00    0.00    0.00    0.00   86.37
22:25:19     all    0.00    6.88    6.62    0.00    0.00    4.66    0.00    0.00    0.00   81.84
22:25:20     all    0.06    3.09    7.66    0.00    0.00    5.05    0.00    0.00    0.00   84.13
22:25:21     all    0.00    3.10    7.12    0.00    0.00    4.25    0.00    0.00    0.00   85.53
22:25:22     all    0.00    4.66    5.46    0.00    0.00    2.96    0.00    0.00    0.00   86.93
22:25:23     all    0.00    0.06    3.82    0.00    0.00    2.53    0.00    0.00    0.00   93.59
22:25:24     all    0.00    1.28    5.52    0.00    0.00    2.95    0.00    0.00    0.00   90.24
22:25:25     all    0.00    2.02    5.48    0.00    0.00    3.05    0.00    0.00    0.00   89.45
22:25:26     all    0.00    0.94    5.35    0.00    0.00    3.06    0.00    0.00    0.00   90.65
22:25:27     all    0.00    0.61    5.60    0.00    0.00    3.58    0.00    0.00    0.00   90.21
22:25:28     all    0.00    1.54    5.00    0.00    0.00    3.62    0.00    0.00    0.00   89.84
22:25:29     all    0.00    0.10    5.73    0.00    0.00    3.62    0.00    0.00    0.00   90.56
22:25:30     all    0.10    0.06    5.83    0.00    0.00    3.46    0.00    0.00    0.00   90.55
22:25:31     all    0.00    0.06    5.69    0.00    0.00    3.02    0.00    0.00    0.00   91.23
22:25:32     all    0.03    0.06    5.76    0.00    0.00    3.15    0.00    0.00    0.00   90.99
22:25:33     all    0.00    3.24    5.42    0.00    0.00    3.62    0.00    0.00    0.00   87.72
22:25:34     all    0.00    0.97    5.22    0.00    0.00    3.61    0.00    0.00    0.00   90.21
22:25:35     all    0.00    0.06    5.98    0.00    0.00    3.54    0.00    0.00    0.00   90.42
22:25:36     all    0.03    0.06    5.39    0.00    0.00    3.43    0.00    0.00    0.00   91.08
22:25:37     all    0.19    0.10    6.04    0.00    0.00    4.06    0.00    0.00    0.00   89.61

Average:     all    0.02    2.36    7.78    0.00    0.00    3.74    0.00    0.00    0.00   86.11
