Linux 4.20.0+ (eternitystorage) 	01/13/24 	_x86_64_	(32 CPU)

21:35:19     CPU    %usr   %nice    %sys %iowait    %irq   %soft  %steal  %guest  %gnice   %idle
21:35:20     all    0.09    0.00    0.03    0.00    0.00    0.06    0.00    0.00    0.00   99.81
21:35:21     all    0.00    0.00    0.03    0.00    0.00    0.00    0.00    0.00    0.00   99.97
21:35:22     all    0.03    0.00    0.00    0.00    0.00    0.00    0.00    0.00    0.00   99.97
21:35:23     all    0.00    0.03    0.00    0.00    0.00    0.00    0.00    0.00    0.00   99.97
21:35:24     all    0.00    0.00    0.00    0.00    0.00    0.00    0.00    0.00    0.00  100.00
21:35:25     all    0.00    0.00    0.00    0.00    0.00    0.00    0.00    0.00    0.00  100.00
21:35:26     all    0.00    0.00    0.00    0.00    0.00    0.00    0.00    0.00    0.00  100.00
21:35:27     all    0.00    0.00    0.03    0.00    0.00    0.00    0.00    0.00    0.00   99.97
21:35:28     all    0.00    0.00    0.00    0.00    0.00    0.00    0.00    0.00    0.00  100.00
21:35:29     all    0.00    0.00    0.00    0.00    0.00    0.00    0.00    0.00    0.00  100.00
21:35:30     all    0.06    0.00    0.06    0.00    0.00    0.03    0.00    0.00    0.00   99.84
21:35:31     all    0.03    0.00    0.00    0.00    0.00    0.00    0.00    0.00    0.00   99.97
21:35:32     all    0.00    0.00    0.03    0.00    0.00    0.00    0.00    0.00    0.00   99.97
21:35:33     all    0.00    0.00    0.00    0.00    0.00    0.00    0.00    0.00    0.00  100.00
21:35:34     all    0.00    0.00    0.00    0.00    0.00    0.00    0.00    0.00    0.00  100.00
21:35:35     all    0.00    0.00    0.00    0.00    0.00    0.00    0.00    0.00    0.00  100.00
21:35:36     all    0.00    0.00    0.00    0.00    0.00    0.00    0.00    0.00    0.00  100.00
21:35:37     all    0.00    0.00    0.00    0.00    0.00    0.00    0.00    0.00    0.00  100.00
21:35:38     all    0.00    0.00    0.00    0.00    0.00    0.00    0.00    0.00    0.00  100.00
21:35:39     all    0.00    0.00    0.00    0.00    0.00    0.00    0.00    0.00    0.00  100.00
21:35:40     all    0.09    0.00    0.06    0.00    0.00    0.00    0.00    0.00    0.00   99.84
21:35:41     all    0.00    0.00    0.00    0.00    0.00    0.00    0.00    0.00    0.00  100.00
21:35:42     all    0.00    0.00    0.03    0.00    0.00    0.00    0.00    0.00    0.00   99.97
21:35:43     all    0.00    0.00    0.00    0.00    0.00    0.00    0.00    0.00    0.00  100.00
21:35:44     all    0.00    0.00    0.00    0.00    0.00    0.00    0.00    0.00    0.00  100.00
21:35:45     all    0.00    0.00    0.38    0.00    0.00    0.06    0.00    0.00    0.00   99.56
21:35:46     all    0.00    0.00    0.06    0.00    0.00    0.00    0.00    0.00    0.00   99.94
21:35:47     all    0.00    0.00    0.00    0.00    0.00    0.00    0.00    0.00    0.00  100.00
21:35:48     all    0.00    0.00    0.00    0.00    0.00    0.00    0.00    0.00    0.00  100.00
21:35:49     all    0.00    0.00    0.00    0.00    0.00    0.00    0.00    0.00    0.00  100.00
21:35:50     all    0.09    0.00    0.09    0.00    0.00    0.03    0.00    0.00    0.00   99.78
21:35:51     all    0.00    0.00    0.00    0.00    0.00    0.00    0.00    0.00    0.00  100.00
21:35:52     all    0.00    0.00    0.06    0.00    0.00    0.00    0.00    0.00    0.00   99.94
21:35:53     all    0.00    0.00    0.38    0.00    0.00    0.03    0.00    0.00    0.00   99.59
21:35:54     all    0.00    0.00    0.03    0.00    0.00    0.00    0.00    0.00    0.00   99.97
21:35:55     all    0.00    0.00    0.00    0.00    0.00    0.00    0.00    0.00    0.00  100.00
21:35:56     all    0.00    0.00    0.03    0.00    0.00    0.00    0.00    0.00    0.00   99.97
21:35:57     all    0.00    0.00    0.00    0.00    0.00    0.00    0.00    0.00    0.00  100.00
21:35:58     all    0.00    0.00    0.03    0.00    0.00    0.00    0.00    0.00    0.00   99.97
21:35:59     all    0.00    0.00    0.00    0.00    0.00    0.00    0.00    0.00    0.00  100.00
21:36:00     all    0.44    0.00    0.16    0.00    0.00    0.09    0.00    0.00    0.00   99.31
21:36:01     all    0.00    0.00    0.00    0.00    0.00    0.00    0.00    0.00    0.00  100.00
21:36:02     all    0.03    0.00    0.25    0.00    0.00    0.00    0.00    0.00    0.00   99.72
21:36:03     all    0.00    0.00    0.47    0.00    0.00    0.00    0.00    0.00    0.00   99.53
21:36:04     all    0.00    0.00    0.59    0.00    0.00    0.00    0.00    0.00    0.00   99.41
21:36:05     all    0.00    0.00    0.59    0.00    0.00    0.03    0.00    0.00    0.00   99.37
21:36:06     all    0.00    0.00    0.59    0.00    0.00    0.00    0.00    0.00    0.00   99.41
21:36:07     all    0.00    0.00    0.56    0.00    0.00    0.00    0.00    0.00    0.00   99.44
21:36:08     all    0.00    0.00    0.47    0.00    0.00    0.00    0.00    0.00    0.00   99.53
21:36:09     all    0.00    0.00    0.53    0.00    0.00    0.00    0.00    0.00    0.00   99.47
21:36:10     all    0.09    0.00    1.07    0.00    0.00    0.06    0.00    0.00    0.00   98.78
21:36:11     all    0.00    0.00    1.13    0.00    0.00    0.00    0.00    0.00    0.00   98.87
21:36:12     all    0.00    0.00    1.13    0.00    0.00    0.09    0.00    0.00    0.00   98.78
21:36:13     all    0.00    0.00    1.07    0.00    0.00    0.03    0.00    0.00    0.00   98.90
21:36:14     all    0.00    0.00    1.35    0.00    0.00    0.03    0.00    0.00    0.00   98.62
21:36:15     all    0.00    0.00    1.38    0.00    0.00    0.03    0.00    0.00    0.00   98.59
21:36:16     all    0.00    0.00    1.07    0.00    0.00    0.03    0.00    0.00    0.00   98.90
21:36:17     all    0.06    0.00    1.10    0.00    0.00    0.03    0.00    0.00    0.00   98.81
21:36:18     all    0.00    0.00    1.19    0.00    0.00    0.00    0.00    0.00    0.00   98.81
21:36:19     all    0.00    0.00    1.13    0.00    0.00    0.00    0.00    0.00    0.00   98.87
21:36:20     all    0.06    0.00    1.22    0.00    0.00    0.03    0.00    0.00    0.00   98.68
21:36:21     all    0.00    0.00    0.97    0.00    0.00    0.00    0.00    0.00    0.00   99.03
21:36:22     all    0.03    0.00    1.22    0.00    0.00    0.03    0.00    0.00    0.00   98.72
21:36:23     all    0.00    0.00    1.07    0.00    0.00    0.00    0.00    0.00    0.00   98.93
21:36:24     all    0.00    0.00    1.10    0.00    0.00    0.00    0.00    0.00    0.00   98.90
21:36:25     all    0.00    0.00    1.13    0.00    0.00    0.03    0.00    0.00    0.00   98.84
21:36:26     all    0.03    0.00    1.10    0.00    0.00    0.00    0.00    0.00    0.00   98.87
21:36:27     all    0.00    0.00    1.10    0.00    0.00    0.03    0.00    0.00    0.00   98.87
21:36:28     all    0.00    0.00    1.04    0.00    0.00    0.03    0.00    0.00    0.00   98.93
21:36:29     all    0.00    0.00    0.97    0.00    0.00    0.06    0.00    0.00    0.00   98.96
21:36:30     all    0.06    0.00    1.19    0.00    0.00    0.03    0.00    0.00    0.00   98.71
21:36:31     all    0.00    0.00    1.25    0.00    0.00    0.00    0.00    0.00    0.00   98.75
21:36:32     all    0.00    0.00    1.32    0.00    0.00    0.00    0.00    0.00    0.00   98.68
21:36:33     all    0.00    0.00    1.38    0.00    0.00    0.03    0.00    0.00    0.00   98.59
21:36:34     all    0.00    0.00    1.04    0.00    0.00    0.03    0.00    0.00    0.00   98.93
21:36:35     all    0.00    0.00    1.31    0.00    0.00    0.03    0.00    0.00    0.00   98.65
21:36:36     all    0.00    0.00    1.16    0.00    0.00    0.00    0.00    0.00    0.00   98.84
21:36:37     all    0.00    0.00    1.13    0.00    0.00    0.00    0.00    0.00    0.00   98.87
21:36:38     all    0.03    0.00    1.10    0.00    0.00    0.03    0.00    0.00    0.00   98.84
21:36:39     all    0.00    0.00    1.16    0.00    0.00    0.03    0.00    0.00    0.00   98.81
21:36:40     all    0.09    0.00    1.25    0.00    0.00    0.00    0.00    0.00    0.00   98.65
21:36:41     all    0.00    0.00    1.03    0.00    0.00    0.06    0.00    0.00    0.00   98.90
21:36:42     all    0.03    0.00    1.16    0.00    0.00    0.00    0.00    0.00    0.00   98.81
21:36:43     all    0.00    0.00    1.16    0.00    0.00    0.00    0.00    0.00    0.00   98.84
21:36:44     all    0.00    0.00    1.22    0.00    0.00    0.03    0.00    0.00    0.00   98.75
21:36:45     all    0.00    0.00    1.19    0.00    0.00    0.00    0.00    0.00    0.00   98.81
21:36:46     all    0.00    0.00    1.25    0.00    0.00    0.03    0.00    0.00    0.00   98.72
21:36:47     all    0.00    0.00    1.13    0.00    0.00    0.03    0.00    0.00    0.00   98.84
21:36:48     all    0.00    0.00    1.34    0.00    0.00    0.06    0.00    0.00    0.00   98.59
21:36:49     all    0.00    0.00    1.16    0.00    0.00    0.03    0.00    0.00    0.00   98.81
21:36:50     all    0.09    0.00    1.28    0.00    0.00    0.06    0.00    0.00    0.00   98.56
21:36:51     all    0.00    0.00    0.81    0.00    0.00    0.03    0.00    0.00    0.00   99.15
21:36:52     all    0.03    0.00    1.16    0.00    0.00    0.00    0.00    0.00    0.00   98.81
21:36:53     all    0.00    0.00    1.04    0.00    0.00    0.03    0.00    0.00    0.00   98.93
21:36:54     all    0.00    0.00    1.04    0.00    0.00    0.00    0.00    0.00    0.00   98.96
21:36:55     all    0.00    0.00    1.19    0.00    0.00    0.03    0.00    0.00    0.00   98.78
21:36:56     all    0.00    0.00    1.13    0.00    0.00    0.03    0.00    0.00    0.00   98.84
21:36:57     all    0.00    0.00    1.13    0.00    0.00    0.00    0.00    0.00    0.00   98.87
21:36:58     all    0.00    0.00    1.07    0.00    0.00    0.00    0.00    0.00    0.00   98.93
21:36:59     all    0.00    0.00    1.25    0.00    0.00    0.06    0.00    0.00    0.00   98.68
21:37:00     all    0.47    0.00    1.40    0.00    0.00    0.34    0.00    0.00    0.00   97.78
21:37:01     all    0.00    0.00    1.16    0.00    0.00    0.03    0.00    0.00    0.00   98.81
21:37:02     all    0.00    0.00    1.19    0.00    0.00    0.03    0.00    0.00    0.00   98.78
21:37:03     all    0.00    0.00    1.22    0.00    0.00    0.03    0.00    0.00    0.00   98.75
21:37:04     all    0.00    0.00    1.16    0.00    0.00    0.00    0.00    0.00    0.00   98.84
21:37:05     all    0.00    0.00    1.22    0.00    0.00    0.03    0.00    0.00    0.00   98.75
21:37:06     all    0.00    0.00    0.97    0.00    0.00    0.03    0.00    0.00    0.00   98.99
21:37:07     all    0.00    0.00    1.16    0.00    0.00    0.00    0.00    0.00    0.00   98.84
21:37:08     all    0.00    0.00    1.38    0.00    0.00    0.06    0.00    0.00    0.00   98.56
21:37:09     all    0.00    0.00    1.22    0.00    0.00    0.00    0.00    0.00    0.00   98.78
21:37:10     all    0.13    0.00    1.04    0.00    0.00    0.13    0.00    0.00    0.00   98.71
21:37:11     all    0.00    0.00    1.16    0.00    0.00    0.00    0.00    0.00    0.00   98.84
21:37:12     all    0.03    0.00    1.32    0.00    0.00    0.03    0.00    0.00    0.00   98.62
21:37:13     all    0.00    0.00    1.22    0.00    0.00    0.00    0.00    0.00    0.00   98.78
21:37:14     all    0.00    0.00    1.10    0.00    0.00    0.03    0.00    0.00    0.00   98.87
21:37:15     all    0.00    0.00    1.16    0.00    0.00    0.00    0.00    0.00    0.00   98.84
21:37:16     all    0.06    0.00    1.22    0.00    0.00    0.03    0.00    0.00    0.00   98.68
21:37:17     all    0.00    0.00    1.13    0.00    0.00    0.03    0.00    0.00    0.00   98.84
21:37:18     all    0.00    0.00    1.38    0.00    0.00    0.00    0.00    0.00    0.00   98.62
21:37:19     all    0.00    0.00    1.10    0.00    0.00    0.06    0.00    0.00    0.00   98.84
21:37:20     all    0.06    0.00    1.10    0.00    0.00    0.09    0.00    0.00    0.00   98.74
21:37:21     all    0.00    0.00    1.19    0.00    0.00    0.03    0.00    0.00    0.00   98.78
21:37:22     all    0.03    0.00    1.07    0.00    0.00    0.00    0.00    0.00    0.00   98.90
21:37:23     all    0.00    0.00    1.16    0.00    0.00    0.03    0.00    0.00    0.00   98.81
21:37:24     all    0.00    0.00    1.13    0.00    0.00    0.03    0.00    0.00    0.00   98.84
21:37:25     all    0.00    0.00    0.97    0.00    0.00    0.03    0.00    0.00    0.00   98.99
21:37:26     all    0.00    0.00    1.25    0.00    0.00    0.00    0.00    0.00    0.00   98.75
21:37:27     all    0.00    0.00    1.25    0.00    0.00    0.03    0.00    0.00    0.00   98.72
21:37:28     all    0.00    0.00    1.28    0.00    0.00    0.03    0.00    0.00    0.00   98.68
21:37:29     all    0.03    0.00    1.22    0.00    0.00    0.03    0.00    0.00    0.00   98.72
21:37:30     all    0.09    0.00    1.10    0.00    0.00    0.06    0.00    0.00    0.00   98.74
21:37:31     all    0.00    0.00    1.47    0.00    0.00    0.00    0.00    0.00    0.00   98.53
21:37:32     all    0.00    0.00    1.32    0.00    0.00    0.00    0.00    0.00    0.00   98.68
21:37:33     all    0.00    0.00    1.10    0.00    0.00    0.00    0.00    0.00    0.00   98.90
21:37:34     all    0.00    0.00    1.16    0.00    0.00    0.03    0.00    0.00    0.00   98.81
21:37:35     all    0.00    0.00    1.19    0.00    0.00    0.00    0.00    0.00    0.00   98.81
21:37:36     all    0.00    0.00    1.07    0.00    0.00    0.03    0.00    0.00    0.00   98.90
21:37:37     all    0.00    0.00    1.13    0.00    0.00    0.06    0.00    0.00    0.00   98.81
21:37:38     all    0.00    0.00    1.16    0.00    0.00    0.00    0.00    0.00    0.00   98.84
21:37:39     all    0.00    0.00    1.16    0.00    0.00    0.06    0.00    0.00    0.00   98.78
21:37:40     all    0.09    0.00    1.32    0.00    0.00    0.06    0.00    0.00    0.00   98.53
21:37:41     all    0.00    0.00    1.13    0.00    0.00    0.00    0.00    0.00    0.00   98.87
21:37:42     all    0.03    0.00    1.28    0.00    0.00    0.03    0.00    0.00    0.00   98.65
21:37:43     all    0.00    0.00    1.19    0.00    0.00    0.00    0.00    0.00    0.00   98.81
21:37:44     all    0.00    0.00    1.16    0.00    0.00    0.00    0.00    0.00    0.00   98.84
21:37:45     all    0.00    0.00    1.04    0.00    0.00    0.00    0.00    0.00    0.00   98.96
21:37:46     all    0.00    0.00    1.13    0.00    0.00    0.03    0.00    0.00    0.00   98.84
21:37:47     all    0.00    0.00    1.16    0.00    0.00    0.00    0.00    0.00    0.00   98.84
21:37:48     all    0.00    0.00    1.22    0.00    0.00    0.03    0.00    0.00    0.00   98.75
21:37:49     all    0.00    0.00    1.07    0.00    0.00    0.03    0.00    0.00    0.00   98.90
21:37:50     all    0.06    0.00    1.22    0.00    0.00    0.03    0.00    0.00    0.00   98.68
21:37:51     all    0.00    0.00    1.25    0.00    0.00    0.03    0.00    0.00    0.00   98.72
21:37:52     all    0.03    0.00    1.07    0.00    0.00    0.00    0.00    0.00    0.00   98.90
21:37:53     all    0.00    0.00    0.97    0.00    0.00    0.06    0.00    0.00    0.00   98.96
21:37:54     all    0.00    0.00    1.22    0.00    0.00    0.00    0.00    0.00    0.00   98.78
21:37:55     all    0.00    0.00    1.13    0.00    0.00    0.03    0.00    0.00    0.00   98.84
21:37:56     all    0.00    0.00    1.07    0.00    0.00    0.03    0.00    0.00    0.00   98.90
21:37:57     all    0.00    0.00    1.19    0.00    0.00    0.03    0.00    0.00    0.00   98.78
21:37:58     all    0.00    0.00    1.07    0.00    0.00    0.00    0.00    0.00    0.00   98.93
21:37:59     all    0.00    0.00    1.47    0.00    0.00    0.03    0.00    0.00    0.00   98.50
21:38:00     all    0.50    0.00    1.34    0.00    0.00    0.28    0.00    0.00    0.00   97.88
21:38:01     all    0.00    0.00    1.22    0.00    0.00    0.03    0.00    0.00    0.00   98.75
21:38:02     all    0.03    0.00    1.19    0.00    0.00    0.03    0.00    0.00    0.00   98.75
21:38:03     all    0.00    0.00    1.10    0.00    0.00    0.03    0.00    0.00    0.00   98.87
21:38:04     all    0.00    0.00    1.16    0.00    0.00    0.00    0.00    0.00    0.00   98.84
21:38:05     all    0.00    0.00    1.10    0.00    0.00    0.06    0.00    0.00    0.00   98.84
21:38:06     all    0.00    0.00    1.19    0.00    0.00    0.03    0.00    0.00    0.00   98.78
21:38:07     all    0.00    0.00    1.41    0.00    0.00    0.03    0.00    0.00    0.00   98.56
21:38:08     all    0.00    0.00    1.07    0.00    0.00    0.06    0.00    0.00    0.00   98.87
21:38:09     all    0.00    0.00    1.16    0.00    0.00    0.06    0.00    0.00    0.00   98.78
21:38:10     all    0.13    0.00    1.13    0.00    0.00    0.13    0.00    0.00    0.00   98.62
21:38:11     all    0.00    0.00    1.16    0.00    0.00    0.03    0.00    0.00    0.00   98.81
21:38:12     all    0.00    0.00    1.41    0.00    0.00    0.00    0.00    0.00    0.00   98.59
21:38:13     all    0.00    0.00    1.22    0.00    0.00    0.06    0.00    0.00    0.00   98.72
21:38:14     all    0.00    0.00    1.16    0.00    0.00    0.06    0.00    0.00    0.00   98.78
21:38:15     all    0.00    0.00    1.35    0.00    0.00    0.03    0.00    0.00    0.00   98.62
21:38:16     all    0.00    0.00    1.04    0.00    0.00    0.06    0.00    0.00    0.00   98.90
21:38:17     all    0.00    0.00    1.13    0.00    0.00    0.06    0.00    0.00    0.00   98.81
21:38:18     all    0.03    0.00    1.13    0.00    0.00    0.03    0.00    0.00    0.00   98.81
21:38:19     all    0.00    0.00    0.97    0.00    0.00    0.03    0.00    0.00    0.00   98.99
21:38:20     all    0.09    0.00    1.19    0.00    0.00    0.09    0.00    0.00    0.00   98.62
21:38:21     all    0.00    0.00    1.04    0.00    0.00    0.03    0.00    0.00    0.00   98.93
21:38:22     all    0.00    0.00    1.25    0.00    0.00    0.00    0.00    0.00    0.00   98.75
21:38:23     all    0.00    0.00    1.13    0.00    0.00    0.03    0.00    0.00    0.00   98.84
21:38:24     all    0.00    0.00    1.10    0.00    0.00    0.03    0.00    0.00    0.00   98.87
21:38:25     all    0.00    0.00    1.19    0.00    0.00    0.03    0.00    0.00    0.00   98.78
21:38:26     all    0.00    0.00    1.13    0.00    0.00    0.03    0.00    0.00    0.00   98.84
21:38:27     all    0.22    0.00    1.10    0.00    0.00    0.03    0.00    0.00    0.00   98.65
21:38:28     all    0.00    0.00    1.25    0.00    0.00    0.03    0.00    0.00    0.00   98.72
21:38:29     all    0.00    0.00    1.04    0.00    0.00    0.03    0.00    0.00    0.00   98.93
21:38:30     all    0.03    0.00    1.32    0.00    0.00    0.09    0.00    0.00    0.00   98.56
21:38:31     all    0.00    0.00    1.13    0.00    0.00    0.03    0.00    0.00    0.00   98.84
21:38:32     all    0.03    0.00    1.10    0.00    0.00    0.03    0.00    0.00    0.00   98.84
21:38:33     all    0.00    0.00    1.44    0.00    0.00    0.00    0.00    0.00    0.00   98.56
21:38:34     all    0.00    0.00    1.04    0.00    0.00    0.03    0.00    0.00    0.00   98.93
21:38:35     all    0.00    0.00    1.22    0.00    0.00    0.06    0.00    0.00    0.00   98.72
21:38:36     all    0.00    0.00    1.13    0.00    0.00    0.00    0.00    0.00    0.00   98.87
21:38:37     all    0.00    0.00    1.35    0.00    0.00    0.03    0.00    0.00    0.00   98.62
21:38:38     all    0.00    0.00    1.04    0.00    0.00    0.03    0.00    0.00    0.00   98.93
21:38:39     all    0.00    0.00    1.19    0.00    0.00    0.03    0.00    0.00    0.00   98.78
21:38:40     all    0.09    0.00    1.19    0.00    0.00    0.09    0.00    0.00    0.00   98.62
21:38:41     all    0.00    0.00    1.19    0.00    0.00    0.09    0.00    0.00    0.00   98.72
21:38:42     all    0.00    0.00    1.47    0.00    0.00    0.06    0.00    0.00    0.00   98.47
21:38:43     all    0.00    0.00    1.25    0.00    0.00    0.00    0.00    0.00    0.00   98.75
21:38:44     all    0.00    0.00    1.10    0.00    0.00    0.03    0.00    0.00    0.00   98.87
21:38:45     all    0.00    0.00    1.10    0.00    0.00    0.03    0.00    0.00    0.00   98.87
21:38:46     all    0.00    0.00    1.31    0.00    0.00    0.00    0.00    0.00    0.00   98.69
21:38:47     all    0.00    0.00    1.25    0.00    0.00    0.03    0.00    0.00    0.00   98.72
21:38:48     all    0.00    0.00    1.13    0.00    0.00    0.00    0.00    0.00    0.00   98.87
21:38:49     all    0.00    0.00    1.22    0.00    0.00    0.03    0.00    0.00    0.00   98.75
21:38:50     all    0.06    0.00    1.19    0.00    0.00    0.09    0.00    0.00    0.00   98.65
21:38:51     all    0.00    0.00    1.25    0.00    0.00    0.06    0.00    0.00    0.00   98.68
21:38:52     all    0.00    0.00    1.10    0.00    0.00    0.00    0.00    0.00    0.00   98.90
21:38:53     all    0.00    0.00    1.22    0.00    0.00    0.03    0.00    0.00    0.00   98.75
21:38:54     all    0.00    0.00    1.22    0.00    0.00    0.06    0.00    0.00    0.00   98.72
21:38:55     all    0.00    0.00    1.04    0.00    0.00    0.00    0.00    0.00    0.00   98.96
21:38:56     all    0.00    0.00    1.19    0.00    0.00    0.03    0.00    0.00    0.00   98.78
21:38:57     all    0.00    0.00    1.13    0.00    0.00    0.03    0.00    0.00    0.00   98.84
21:38:58     all    0.00    0.00    1.16    0.00    0.00    0.03    0.00    0.00    0.00   98.81
21:38:59     all    0.00    0.00    1.10    0.00    0.00    0.00    0.00    0.00    0.00   98.90
21:39:00     all    0.44    0.00    1.44    0.00    0.00    0.09    0.00    0.00    0.00   98.03
21:39:01     all    0.00    0.00    1.25    0.00    0.00    0.06    0.00    0.00    0.00   98.68
21:39:02     all    0.00    0.00    1.16    0.00    0.00    0.00    0.00    0.00    0.00   98.84
21:39:03     all    0.00    0.00    1.13    0.00    0.00    0.03    0.00    0.00    0.00   98.84
21:39:04     all    0.00    0.00    1.22    0.00    0.00    0.03    0.00    0.00    0.00   98.75
21:39:05     all    0.00    0.00    1.19    0.00    0.00    0.03    0.00    0.00    0.00   98.78
21:39:06     all    0.00    0.00    1.16    0.00    0.00    0.00    0.00    0.00    0.00   98.84
21:39:07     all    0.00    0.00    0.97    0.00    0.00    0.03    0.00    0.00    0.00   98.99
21:39:08     all    0.00    0.00    1.28    0.00    0.00    0.00    0.00    0.00    0.00   98.72
21:39:09     all    0.00    0.00    1.19    0.00    0.00    0.00    0.00    0.00    0.00   98.81
21:39:10     all    0.06    0.00    1.13    0.00    0.00    0.09    0.00    0.00    0.00   98.71
21:39:11     all    0.03    0.00    1.22    0.00    0.00    0.06    0.00    0.00    0.00   98.68
21:39:12     all    0.03    0.00    1.22    0.00    0.00    0.00    0.00    0.00    0.00   98.75
21:39:13     all    0.00    0.00    0.97    0.00    0.00    0.03    0.00    0.00    0.00   98.99
21:39:14     all    0.00    0.00    1.07    0.00    0.00    0.03    0.00    0.00    0.00   98.90
21:39:15     all    0.00    0.00    1.16    0.00    0.00    0.03    0.00    0.00    0.00   98.81
21:39:16     all    0.19    0.00    1.10    0.00    0.00    0.03    0.00    0.00    0.00   98.68
21:39:17     all    0.00    0.00    1.16    0.00    0.00    0.09    0.00    0.00    0.00   98.75
21:39:18     all    0.00    0.00    1.28    0.00    0.00    0.06    0.00    0.00    0.00   98.65
21:39:19     all    0.00    0.00    1.19    0.00    0.00    0.03    0.00    0.00    0.00   98.78
21:39:20     all    0.09    0.00    1.25    0.00    0.00    0.06    0.00    0.00    0.00   98.59
21:39:21     all    0.00    0.00    1.38    0.00    0.00    0.03    0.00    0.00    0.00   98.59
21:39:22     all    0.03    0.00    1.16    0.00    0.00    0.03    0.00    0.00    0.00   98.78
21:39:23     all    0.00    0.00    1.41    0.00    0.00    0.03    0.00    0.00    0.00   98.56
21:39:24     all    0.00    0.00    1.22    0.00    0.00    0.03    0.00    0.00    0.00   98.75
21:39:25     all    0.00    0.00    1.28    0.00    0.00    0.03    0.00    0.00    0.00   98.68
21:39:26     all    0.00    0.00    0.53    0.00    0.00    0.00    0.00    0.00    0.00   99.47
21:39:27     all    0.00    0.00    0.53    0.00    0.00    0.00    0.00    0.00    0.00   99.47
21:39:28     all    0.00    0.00    1.54    0.00    0.00    0.63    0.00    0.00    0.00   97.83
21:39:29     all    0.00    0.00    6.74    0.00    0.00    4.20    0.00    0.00    0.00   89.06
21:39:30     all    0.06    0.10    7.13    0.00    0.00    3.60    0.00    0.00    0.00   89.11
21:39:31     all    0.00    1.28    9.86    0.00    0.00    5.43    0.00    0.00    0.00   83.43
21:39:32     all    0.03    3.21    9.98    0.00    0.00    5.69    0.00    0.00    0.00   81.09
21:39:33     all    0.00    3.25    9.09    0.00    0.00    5.30    0.00    0.00    0.00   82.36
21:39:34     all    0.00    3.27    9.29    0.00    0.00    4.50    0.00    0.00    0.00   82.94
21:39:35     all    0.00    0.29    8.71    0.00    0.00    5.08    0.00    0.00    0.00   85.92
21:39:36     all    0.03    0.03    9.24    0.00    0.00    5.63    0.00    0.00    0.00   85.06
21:39:37     all    0.00    0.03    9.50    0.00    0.00    5.06    0.00    0.00    0.00   85.40
21:39:38     all    0.00    0.03    9.19    0.00    0.00    4.63    0.00    0.00    0.00   86.14
21:39:39     all    0.00    0.03    9.48    0.00    0.00    4.92    0.00    0.00    0.00   85.57
21:39:40     all    0.10    0.06    9.12    0.00    0.00    5.60    0.00    0.00    0.00   85.12
21:39:41     all    0.00    1.20    8.59    0.00    0.00    5.06    0.00    0.00    0.00   85.16
21:39:42     all    0.03    3.23    9.49    0.00    0.00    5.23    0.00    0.00    0.00   82.03
21:39:43     all    0.00    1.45    9.20    0.00    0.00    5.39    0.00    0.00    0.00   83.96
21:39:44     all    0.00    0.03    9.17    0.00    0.00    5.39    0.00    0.00    0.00   85.40
21:39:45     all    0.00    0.03    9.08    0.00    0.00    5.59    0.00    0.00    0.00   85.30
21:39:46     all    0.00    0.03    8.92    0.00    0.00    5.54    0.00    0.00    0.00   85.52
21:39:47     all    0.00    0.06    8.90    0.00    0.00    5.65    0.00    0.00    0.00   85.39
21:39:48     all    0.00    0.03    9.53    0.00    0.00    5.24    0.00    0.00    0.00   85.20
21:39:49     all    0.00    0.00   11.59    0.00    0.00    6.66    0.00    0.00    0.00   81.75
21:39:50     all    0.06    0.19    9.51    0.00    0.00    6.07    0.00    0.00    0.00   84.16
21:39:51     all    0.03    1.04    9.76    0.00    0.00    5.87    0.00    0.00    0.00   83.30
21:39:52     all    0.00    3.26    9.64    0.00    0.00    5.93    0.00    0.00    0.00   81.17
21:39:53     all    0.00    3.26    9.66    0.00    0.00    6.49    0.00    0.00    0.00   80.58
21:39:54     all    0.00    1.58    9.30    0.00    0.00    5.91    0.00    0.00    0.00   83.21
21:39:55     all    0.00    0.03    8.79    0.00    0.00    5.92    0.00    0.00    0.00   85.25
21:39:56     all    0.00    0.00   10.24    0.00    0.00    5.82    0.00    0.00    0.00   83.94
21:39:57     all    0.03    0.00   10.04    0.00    0.00    6.43    0.00    0.00    0.00   83.50
21:39:58     all    0.00    0.07    9.80    0.00    0.00    5.34    0.00    0.00    0.00   84.79
21:39:59     all    0.00    0.06   10.02    0.00    0.00    6.26    0.00    0.00    0.00   83.65
21:40:00     all    0.33    0.00   10.38    0.00    0.00    5.34    0.00    0.00    0.00   83.95
21:40:01     all    0.00    1.07    9.74    0.00    0.00    6.07    0.00    0.00    0.00   83.12
21:40:02     all    0.03    0.71   10.01    0.00    0.00    5.60    0.00    0.00    0.00   83.65
21:40:03     all    0.00    0.03    9.66    0.00    0.00    5.63    0.00    0.00    0.00   84.67
21:40:04     all    0.00    0.06    9.56    0.00    0.00    5.93    0.00    0.00    0.00   84.44
21:40:05     all    0.00    0.03    9.88    0.00    0.00    5.67    0.00    0.00    0.00   84.41
21:40:06     all    0.03    0.03    9.52    0.00    0.00    5.44    0.00    0.00    0.00   84.97
21:40:07     all    0.00    1.36   10.25    0.00    0.00    5.93    0.00    0.00    0.00   82.46
21:40:08     all    0.00    0.06   10.68    0.00    0.00    6.09    0.00    0.00    0.00   83.16
21:40:09     all    0.00    0.16   10.30    0.00    0.00    5.65    0.00    0.00    0.00   83.89
21:40:10     all    0.10    3.26    9.83    0.00    0.00    6.01    0.00    0.00    0.00   80.80
21:40:11     all    0.00    2.80    9.54    0.00    0.00    6.25    0.00    0.00    0.00   81.41
21:40:12     all    0.03    0.03   10.23    0.00    0.00    5.90    0.00    0.00    0.00   83.81
21:40:13     all    0.00    0.03    8.55    0.00    0.00    4.34    0.00    0.00    0.00   87.07
21:40:14     all    0.00    0.03    8.91    0.00    0.00    5.08    0.00    0.00    0.00   85.98
21:40:15     all    0.00    0.06   10.12    0.00    0.00    5.76    0.00    0.00    0.00   84.05
21:40:16     all    0.00    0.06    7.93    0.00    0.00    4.96    0.00    0.00    0.00   87.04
21:40:17     all    0.00    0.03    8.80    0.00    0.00    4.98    0.00    0.00    0.00   86.19
21:40:18     all    0.00    0.06    9.54    0.00    0.00    5.65    0.00    0.00    0.00   84.75
21:40:19     all    0.00    6.01    7.30    0.00    0.00    4.76    0.00    0.00    0.00   81.92
21:40:20     all    0.10    9.69    8.21    0.00    0.00    4.96    0.00    0.00    0.00   77.04
21:40:21     all    0.00    9.62    8.75    0.00    0.00    5.29    0.00    0.00    0.00   76.34
21:40:22     all    0.03    7.09    7.51    0.00    0.00    4.29    0.00    0.00    0.00   81.07
21:40:23     all    0.00    4.60    8.21    0.00    0.00    5.57    0.00    0.00    0.00   81.62
21:40:24     all    0.00    1.81    8.67    0.00    0.00    5.13    0.00    0.00    0.00   84.39
21:40:25     all    0.00   21.75    5.66    0.00    0.00    2.88    0.00    0.00    0.00   69.72
21:40:26     all    0.00   23.98    6.97    0.00    0.00    3.66    0.00    0.00    0.00   65.39
21:40:27     all    0.00   14.03    8.08    0.00    0.00    4.28    0.00    0.00    0.00   73.61
21:40:28     all    0.00    9.03    6.91    0.00    0.00    4.50    0.00    0.00    0.00   79.56
21:40:29     all    0.00    6.50    8.21    0.00    0.00    4.96    0.00    0.00    0.00   80.33
21:40:30     all    0.10    4.69    8.63    0.00    0.00    5.04    0.00    0.00    0.00   81.54
21:40:31     all    0.00    3.22    8.24    0.00    0.00    5.44    0.00    0.00    0.00   83.10
21:40:32     all    0.03    3.11    8.43    0.00    0.00    5.03    0.00    0.00    0.00   83.40
21:40:33     all    0.00    0.06    8.15    0.00    0.00    5.31    0.00    0.00    0.00   86.48
21:40:34     all    0.00    1.71    8.30    0.00    0.00    4.49    0.00    0.00    0.00   85.50
21:40:35     all    0.00    0.03    9.39    0.00    0.00    4.57    0.00    0.00    0.00   86.01
21:40:36     all    0.00    0.06    8.93    0.00    0.00    5.40    0.00    0.00    0.00   85.60
21:40:37     all    0.26    0.03    8.08    0.00    0.00    5.22    0.00    0.00    0.00   86.41
21:40:38     all    0.00    0.06    9.04    0.00    0.00    5.42    0.00    0.00    0.00   85.48
21:40:39     all    0.00    0.03    8.58    0.00    0.00    5.78    0.00    0.00    0.00   85.61
21:40:40     all    0.10    0.00    8.87    0.00    0.00    5.45    0.00    0.00    0.00   85.58
21:40:41     all    0.00    0.10    8.63    0.00    0.00    6.00    0.00    0.00    0.00   85.28
21:40:42     all    0.03    0.03    9.48    0.00    0.00    5.04    0.00    0.00    0.00   85.42
21:40:43     all    0.00    0.00    9.11    0.00    0.00    5.35    0.00    0.00    0.00   85.53
21:40:44     all    0.00    0.03    9.46    0.00    0.00    5.28    0.00    0.00    0.00   85.23
21:40:45     all    0.00    0.03    7.82    0.00    0.00    5.04    0.00    0.00    0.00   87.11
21:40:46     all    0.00    0.03    9.43    0.00    0.00    5.41    0.00    0.00    0.00   85.13
21:40:47     all    0.00    0.03    8.72    0.00    0.00    5.28    0.00    0.00    0.00   85.97
21:40:48     all    0.00    0.03   10.27    0.00    0.00    4.89    0.00    0.00    0.00   84.80
21:40:49     all    0.00    0.03    8.52    0.00    0.00    4.85    0.00    0.00    0.00   86.60
21:40:50     all    0.10    0.03    9.52    0.00    0.00    5.39    0.00    0.00    0.00   84.96
21:40:51     all    0.00    0.03    8.41    0.00    0.00    4.29    0.00    0.00    0.00   87.26
21:40:52     all    0.00    0.06    8.90    0.00    0.00    6.06    0.00    0.00    0.00   84.97
21:40:53     all    0.00    3.22    8.88    0.00    0.00    4.99    0.00    0.00    0.00   82.92
21:40:54     all    0.00    3.27    7.86    0.00    0.00    4.98    0.00    0.00    0.00   83.89
21:40:55     all    0.00    0.81    8.48    0.00    0.00    5.00    0.00    0.00    0.00   85.71
21:40:56     all    0.00    0.03    8.78    0.00    0.00    4.76    0.00    0.00    0.00   86.43
21:40:57     all    0.03    0.03    8.83    0.00    0.00    5.49    0.00    0.00    0.00   85.62
21:40:58     all    0.00    0.00    8.87    0.00    0.00    5.25    0.00    0.00    0.00   85.88
21:40:59     all    0.00    0.03    4.69    0.00    0.00    2.58    0.00    0.00    0.00   92.70
21:41:00     all    0.32    0.00    3.55    0.00    0.00    1.44    0.00    0.00    0.00   94.69
21:41:01     all    0.00    0.03    3.30    0.00    0.00    1.60    0.00    0.00    0.00   95.06
21:41:02     all    0.00    0.03    3.16    0.00    0.00    1.48    0.00    0.00    0.00   95.32
21:41:03     all    0.00    0.00    3.44    0.00    0.00    1.38    0.00    0.00    0.00   95.17
21:41:04     all    0.00    0.03    3.62    0.00    0.00    1.50    0.00    0.00    0.00   94.84
21:41:05     all    0.00    0.00    3.74    0.00    0.00    1.82    0.00    0.00    0.00   94.44
21:41:06     all    0.00    0.03    3.62    0.00    0.00    1.51    0.00    0.00    0.00   94.84
21:41:07     all    0.00    0.00    3.35    0.00    0.00    1.29    0.00    0.00    0.00   95.37
21:41:08     all    0.00    0.00    3.52    0.00    0.00    1.60    0.00    0.00    0.00   94.87
21:41:09     all    0.00    0.00    3.40    0.00    0.00    1.48    0.00    0.00    0.00   95.12
21:41:10     all    0.10    0.03    3.71    0.00    0.00    1.63    0.00    0.00    0.00   94.53
21:41:11     all    0.00    0.00    3.36    0.00    0.00    1.63    0.00    0.00    0.00   95.01
21:41:12     all    0.06    0.00    3.51    0.00    0.00    1.19    0.00    0.00    0.00   95.23
21:41:13     all    0.03    0.00    3.37    0.00    0.00    1.44    0.00    0.00    0.00   95.15
21:41:14     all    0.00    0.03    3.62    0.00    0.00    1.44    0.00    0.00    0.00   94.90
21:41:15     all    0.00    0.00    3.28    0.00    0.00    1.57    0.00    0.00    0.00   95.15
21:41:16     all    0.03    0.00    3.27    0.00    0.00    1.32    0.00    0.00    0.00   95.38
21:41:17     all    0.00    0.03    3.75    0.00    0.00    1.57    0.00    0.00    0.00   94.65
21:41:18     all    0.00    0.03    3.46    0.00    0.00    1.70    0.00    0.00    0.00   94.81
21:41:19     all    0.00    0.00    3.38    0.00    0.00    1.58    0.00    0.00    0.00   95.05
21:41:20     all    0.06    0.03    3.62    0.00    0.00    1.63    0.00    0.00    0.00   94.65
21:41:21     all    0.00    0.00    3.42    0.00    0.00    1.76    0.00    0.00    0.00   94.82
21:41:22     all    0.03    0.00    3.36    0.00    0.00    1.79    0.00    0.00    0.00   94.82
21:41:23     all    0.00    0.03    3.62    0.00    0.00    1.54    0.00    0.00    0.00   94.80
21:41:24     all    0.00    0.00    3.44    0.00    0.00    1.64    0.00    0.00    0.00   94.93
21:41:25     all    0.00    0.03    3.25    0.00    0.00    1.70    0.00    0.00    0.00   95.02
21:41:26     all    0.00    0.00    3.23    0.00    0.00    1.26    0.00    0.00    0.00   95.52
21:41:27     all    0.00    0.00    3.54    0.00    0.00    1.32    0.00    0.00    0.00   95.15
21:41:28     all    0.00    0.03    3.08    0.00    0.00    1.60    0.00    0.00    0.00   95.29
21:41:29     all    0.00    0.00    3.33    0.00    0.00    1.86    0.00    0.00    0.00   94.81
21:41:30     all    0.06    0.03    2.79    0.00    0.00    1.28    0.00    0.00    0.00   95.83
21:41:31     all    0.00    0.00    3.33    0.00    0.00    1.38    0.00    0.00    0.00   95.29
21:41:32     all    0.03    0.00    3.04    0.00    0.00    1.18    0.00    0.00    0.00   95.75
21:41:33     all    0.00    0.03    3.13    0.00    0.00    1.34    0.00    0.00    0.00   95.50
21:41:34     all    0.00    0.03    3.44    0.00    0.00    1.25    0.00    0.00    0.00   95.28
21:41:35     all    0.00    0.00    2.66    0.00    0.00    1.32    0.00    0.00    0.00   96.02
21:41:36     all    0.00    0.00    3.76    0.00    0.00    1.34    0.00    0.00    0.00   94.90
21:41:37     all    0.00    0.00    4.96    0.00    0.00    2.77    0.00    0.00    0.00   92.27
21:41:38     all    0.00    0.45    6.81    0.00    0.00    4.91    0.00    0.00    0.00   87.83
21:41:39     all    0.00    0.65    6.55    0.00    0.00    4.29    0.00    0.00    0.00   88.51
21:41:40     all    0.10    0.42    6.89    0.00    0.00    4.25    0.00    0.00    0.00   88.34
21:41:41     all    0.00    3.45    6.51    0.00    0.00    3.99    0.00    0.00    0.00   86.05
21:41:42     all    0.00    3.61    6.68    0.00    0.00    3.77    0.00    0.00    0.00   85.94
21:41:43     all    0.00    3.71    5.23    0.00    0.00    3.61    0.00    0.00    0.00   87.45
21:41:44     all    0.00    3.45    5.90    0.00    0.00    3.68    0.00    0.00    0.00   86.98
21:41:45     all    0.00    3.75    5.55    0.00    0.00    3.49    0.00    0.00    0.00   87.21
21:41:46     all    0.00    6.70    5.66    0.00    0.00    3.50    0.00    0.00    0.00   84.14
21:41:47     all    0.00    2.61    6.38    0.00    0.00    4.38    0.00    0.00    0.00   86.62
21:41:48     all    0.00    3.58    6.05    0.00    0.00    4.22    0.00    0.00    0.00   86.15
21:41:49     all    0.00    3.57    5.41    0.00    0.00    3.67    0.00    0.00    0.00   87.35
21:41:50     all    0.06    3.77    5.38    0.00    0.00    3.41    0.00    0.00    0.00   87.38
21:41:51     all    0.00   15.25    7.74    0.00    0.00    4.96    0.00    0.00    0.00   72.05
21:41:52     all    0.03    9.97    7.80    0.00    0.00    4.86    0.00    0.00    0.00   77.34
21:41:53     all    0.00    6.07    4.11    0.00    0.00    2.38    0.00    0.00    0.00   87.44
21:41:54     all    0.00    1.28    5.77    0.00    0.00    3.20    0.00    0.00    0.00   89.75
21:41:55     all    0.00    5.86    6.37    0.00    0.00    3.23    0.00    0.00    0.00   84.53
21:41:56     all    0.00    2.75    5.66    0.00    0.00    4.27    0.00    0.00    0.00   87.33
21:41:57     all    0.00    3.62    7.30    0.00    0.00    4.68    0.00    0.00    0.00   84.40
21:41:58     all    0.00    3.25    8.99    0.00    0.00    6.01    0.00    0.00    0.00   81.75
21:41:59     all    0.00   20.23   10.57    0.00    0.00    5.38    0.00    0.00    0.00   63.81
21:42:00     all    0.33   11.18   11.83    0.00    0.00    6.67    0.00    0.00    0.00   69.99
21:42:01     all    0.00    3.72    7.02    0.00    0.00    5.00    0.00    0.00    0.00   84.27
21:42:02     all    0.00    3.19    6.51    0.00    0.00    3.80    0.00    0.00    0.00   86.51
21:42:03     all    0.00    1.91    6.07    0.00    0.00    4.39    0.00    0.00    0.00   87.63
21:42:04     all    0.00    0.39    6.91    0.00    0.00    4.46    0.00    0.00    0.00   88.24
21:42:05     all    0.00    3.16    6.93    0.00    0.00    4.54    0.00    0.00    0.00   85.37
21:42:06     all    0.00    2.83    7.24    0.00    0.00    4.38    0.00    0.00    0.00   85.55
21:42:07     all    0.00    7.15    7.24    0.00    0.00    4.33    0.00    0.00    0.00   81.28
21:42:08     all    0.00    4.81    6.14    0.00    0.00    3.82    0.00    0.00    0.00   85.23
21:42:09     all    0.00    7.84    6.11    0.00    0.00    4.09    0.00    0.00    0.00   81.96
21:42:10     all    0.10    4.12    6.27    0.00    0.00    3.99    0.00    0.00    0.00   85.53
21:42:11     all    0.00    4.33    5.54    0.00    0.00    3.27    0.00    0.00    0.00   86.86
21:42:12     all    0.00    3.46    5.95    0.00    0.00    3.88    0.00    0.00    0.00   86.70
21:42:13     all    0.00    5.18    7.07    0.00    0.00    4.47    0.00    0.00    0.00   83.29
21:42:14     all    0.00    4.10    7.05    0.00    0.00    4.52    0.00    0.00    0.00   84.32
21:42:15     all    0.00    4.62    5.87    0.00    0.00    4.59    0.00    0.00    0.00   84.92
21:42:16     all    0.00    5.52    7.02    0.00    0.00    4.71    0.00    0.00    0.00   82.75
21:42:17     all    0.00    2.98    7.19    0.00    0.00    4.81    0.00    0.00    0.00   85.01
21:42:18     all    0.00    3.07    7.13    0.00    0.00    4.70    0.00    0.00    0.00   85.09
21:42:19     all    0.00    4.31    5.02    0.00    0.00    2.78    0.00    0.00    0.00   87.89
21:42:20     all    0.06    2.12    3.99    0.00    0.00    1.71    0.00    0.00    0.00   92.11
21:42:21     all    0.00    2.34    3.72    0.00    0.00    2.15    0.00    0.00    0.00   91.79
21:42:22     all    0.03    1.83    3.85    0.00    0.00    2.25    0.00    0.00    0.00   92.04
21:42:23     all    0.00    0.03    4.78    0.00    0.00    2.63    0.00    0.00    0.00   92.55
21:42:24     all    0.00    0.03    4.47    0.00    0.00    2.57    0.00    0.00    0.00   92.92
21:42:25     all    0.00    0.00    4.78    0.00    0.00    2.76    0.00    0.00    0.00   92.46
21:42:26     all    0.03    0.03    4.80    0.00    0.00    3.07    0.00    0.00    0.00   92.06
21:42:27     all    0.00    0.00    5.02    0.00    0.00    2.64    0.00    0.00    0.00   92.34
21:42:28     all    0.00    0.03    4.48    0.00    0.00    2.64    0.00    0.00    0.00   92.85
21:42:29     all    0.00    0.03    4.77    0.00    0.00    2.85    0.00    0.00    0.00   92.34
21:42:30     all    0.06    0.03    4.93    0.00    0.00    2.74    0.00    0.00    0.00   92.23
21:42:31     all    0.00    1.35    4.17    0.00    0.00    2.38    0.00    0.00    0.00   92.10
21:42:32     all    0.03    0.26    4.32    0.00    0.00    2.29    0.00    0.00    0.00   93.11
21:42:33     all    0.00    0.06    4.41    0.00    0.00    2.87    0.00    0.00    0.00   92.65
21:42:34     all    0.00    0.03    5.05    0.00    0.00    2.70    0.00    0.00    0.00   92.22
21:42:35     all    0.00    0.03    4.46    0.00    0.00    2.92    0.00    0.00    0.00   92.59
21:42:36     all    0.00    0.00    4.42    0.00    0.00    2.98    0.00    0.00    0.00   92.60
21:42:37     all    0.00    0.03    4.46    0.00    0.00    2.73    0.00    0.00    0.00   92.78
21:42:38     all    0.00    0.03    4.91    0.00    0.00    2.95    0.00    0.00    0.00   92.11
21:42:39     all    0.00    0.00    4.78    0.00    0.00    3.02    0.00    0.00    0.00   92.20
21:42:40     all    0.10    0.03    4.51    0.00    0.00    3.09    0.00    0.00    0.00   92.28
21:42:41     all    0.00    0.03    5.06    0.00    0.00    3.01    0.00    0.00    0.00   91.89
21:42:42     all    0.03    0.03    4.99    0.00    0.00    3.09    0.00    0.00    0.00   91.86
21:42:43     all    0.00    0.03    4.57    0.00    0.00    2.83    0.00    0.00    0.00   92.56
21:42:44     all    0.00    0.03    4.80    0.00    0.00    3.36    0.00    0.00    0.00   91.81
21:42:45     all    0.00    0.03    4.79    0.00    0.00    2.99    0.00    0.00    0.00   92.19
21:42:46     all    0.00    0.00    4.78    0.00    0.00    2.95    0.00    0.00    0.00   92.27
21:42:47     all    0.22    0.06    5.24    0.00    0.00    3.58    0.00    0.00    0.00   90.90
21:42:48     all    0.00    0.03    4.87    0.00    0.00    3.19    0.00    0.00    0.00   91.91
21:42:49     all    0.00    0.03    4.55    0.00    0.00    3.07    0.00    0.00    0.00   92.35
21:42:50     all    0.10    0.03    5.50    0.00    0.00    3.39    0.00    0.00    0.00   90.98
21:42:51     all    0.00    0.06    4.67    0.00    0.00    3.10    0.00    0.00    0.00   92.17
21:42:52     all    0.03    0.00    5.11    0.00    0.00    3.18    0.00    0.00    0.00   91.67
21:42:53     all    0.00    0.00    3.52    0.00    0.00    2.78    0.00    0.00    0.00   93.69
21:42:54     all    0.00    0.00    2.89    0.00    0.00    1.35    0.00    0.00    0.00   95.77
21:42:55     all    0.00    0.03    2.70    0.00    0.00    1.16    0.00    0.00    0.00   96.12
21:42:56     all    0.00    0.00    3.71    0.00    0.00    1.41    0.00    0.00    0.00   94.89
21:42:57     all    0.00    0.00    2.95    0.00    0.00    1.06    0.00    0.00    0.00   95.99
21:42:58     all    0.00    1.77    1.20    0.00    0.00    0.73    0.00    0.00    0.00   96.30
21:42:59     all    0.00    0.03    3.52    0.00    0.00    1.25    0.00    0.00    0.00   95.21
21:43:00     all    0.38    0.03    3.01    0.00    0.00    1.44    0.00    0.00    0.00   95.14
21:43:01     all    0.00    0.00    3.15    0.00    0.00    1.80    0.00    0.00    0.00   95.05
21:43:02     all    0.03    0.00    2.98    0.00    0.00    1.22    0.00    0.00    0.00   95.78
21:43:03     all    0.00    0.03    3.76    0.00    0.00    1.59    0.00    0.00    0.00   94.61
21:43:04     all    0.00    0.00    3.14    0.00    0.00    1.60    0.00    0.00    0.00   95.26
21:43:05     all    0.00    0.00    3.10    0.00    0.00    1.47    0.00    0.00    0.00   95.43
21:43:06     all    0.00    0.03    3.13    0.00    0.00    1.37    0.00    0.00    0.00   95.46
21:43:07     all    0.00    0.00    3.01    0.00    0.00    1.22    0.00    0.00    0.00   95.77
21:43:08     all    0.00    0.00    3.35    0.00    0.00    1.38    0.00    0.00    0.00   95.27
21:43:09     all    0.00    0.00    2.90    0.00    0.00    1.47    0.00    0.00    0.00   95.63
21:43:10     all    0.03    0.03    3.20    0.00    0.00    1.28    0.00    0.00    0.00   95.45
21:43:11     all    0.00    0.03    3.05    0.00    0.00    1.38    0.00    0.00    0.00   95.54
21:43:12     all    0.06    0.00    3.14    0.00    0.00    1.51    0.00    0.00    0.00   95.29
21:43:13     all    0.00    0.00    3.10    0.00    0.00    1.15    0.00    0.00    0.00   95.75
21:43:14     all    0.00    0.00    3.40    0.00    0.00    1.22    0.00    0.00    0.00   95.38
21:43:15     all    0.00    0.03    3.17    0.00    0.00    1.28    0.00    0.00    0.00   95.52
21:43:16     all    0.03    0.00    3.16    0.00    0.00    1.44    0.00    0.00    0.00   95.37
21:43:17     all    0.00    0.00    3.42    0.00    0.00    1.53    0.00    0.00    0.00   95.05
21:43:18     all    0.03    0.03    2.88    0.00    0.00    1.34    0.00    0.00    0.00   95.71
21:43:19     all    0.00    0.00    3.26    0.00    0.00    1.18    0.00    0.00    0.00   95.55
21:43:20     all    0.03    0.00    2.94    0.00    0.00    1.44    0.00    0.00    0.00   95.58
21:43:21     all    0.03    0.00    3.14    0.00    0.00    1.41    0.00    0.00    0.00   95.42
21:43:22     all    0.00    0.00    3.29    0.00    0.00    1.21    0.00    0.00    0.00   95.49
21:43:23     all    0.03    0.00    3.32    0.00    0.00    1.25    0.00    0.00    0.00   95.40
21:43:24     all    0.00    0.00    3.02    0.00    0.00    1.16    0.00    0.00    0.00   95.82
21:43:25     all    0.00    0.03    3.26    0.00    0.00    1.54    0.00    0.00    0.00   95.17
21:43:26     all    0.00    0.00    3.13    0.00    0.00    1.41    0.00    0.00    0.00   95.46
21:43:27     all    0.00    0.03    3.42    0.00    0.00    1.44    0.00    0.00    0.00   95.11
21:43:28     all    0.00    0.00    3.19    0.00    0.00    1.43    0.00    0.00    0.00   95.38
21:43:29     all    0.00    0.00    3.27    0.00    0.00    1.44    0.00    0.00    0.00   95.28
21:43:30     all    0.10    0.03    3.16    0.00    0.00    1.37    0.00    0.00    0.00   95.34
21:43:31     all    0.00    0.03    3.17    0.00    0.00    1.12    0.00    0.00    0.00   95.67
21:43:32     all    0.00    0.00    3.71    0.00    0.00    1.76    0.00    0.00    0.00   94.54
21:43:33     all    0.00    0.00    3.21    0.00    0.00    1.28    0.00    0.00    0.00   95.50
21:43:34     all    0.00    0.00    3.06    0.00    0.00    1.40    0.00    0.00    0.00   95.53
21:43:35     all    0.00    0.03    2.70    0.00    0.00    1.03    0.00    0.00    0.00   96.23
21:43:36     all    0.00    0.00    3.40    0.00    0.00    1.31    0.00    0.00    0.00   95.29
21:43:37     all    0.00    0.00    3.48    0.00    0.00    1.53    0.00    0.00    0.00   94.98
21:43:38     all    0.00    0.00    3.30    0.00    0.00    1.50    0.00    0.00    0.00   95.20
21:43:39     all    0.00    0.00    3.44    0.00    0.00    1.29    0.00    0.00    0.00   95.28
21:43:40     all    0.10    0.03    3.34    0.00    0.00    1.32    0.00    0.00    0.00   95.21
21:43:41     all    0.00    0.00    3.07    0.00    0.00    1.41    0.00    0.00    0.00   95.52
21:43:42     all    0.03    0.00    2.99    0.00    0.00    1.12    0.00    0.00    0.00   95.85
21:43:43     all    0.00    0.00    2.98    0.00    0.00    1.35    0.00    0.00    0.00   95.67
21:43:44     all    0.00    0.00    3.33    0.00    0.00    1.47    0.00    0.00    0.00   95.20
21:43:45     all    0.00    0.00    3.39    0.00    0.00    1.66    0.00    0.00    0.00   94.95
21:43:46     all    0.00    0.03    2.91    0.00    0.00    1.47    0.00    0.00    0.00   95.59
21:43:47     all    0.00    0.03    3.39    0.00    0.00    1.73    0.00    0.00    0.00   94.85
21:43:48     all    0.00    0.00    3.27    0.00    0.00    1.22    0.00    0.00    0.00   95.51
21:43:49     all    0.00    0.00    3.01    0.00    0.00    1.73    0.00    0.00    0.00   95.26
21:43:50     all    0.06    0.00    3.25    0.00    0.00    1.45    0.00    0.00    0.00   95.24
21:43:51     all    0.00    0.00    3.10    0.00    0.00    1.60    0.00    0.00    0.00   95.30
21:43:52     all    0.03    0.00    3.72    0.00    0.00    1.51    0.00    0.00    0.00   94.74
21:43:53     all    0.00    0.03    3.10    0.00    0.00    1.31    0.00    0.00    0.00   95.56
21:43:54     all    0.00    0.00    3.39    0.00    0.00    1.34    0.00    0.00    0.00   95.27
21:43:55     all    0.00    0.00    3.11    0.00    0.00    1.28    0.00    0.00    0.00   95.61
21:43:56     all    0.00    0.03    3.07    0.00    0.00    1.25    0.00    0.00    0.00   95.64
21:43:57     all    0.00    0.00    3.12    0.00    0.00    1.55    0.00    0.00    0.00   95.33
21:43:58     all    0.00    0.03    2.86    0.00    0.00    1.12    0.00    0.00    0.00   95.99
21:43:59     all    0.00    0.00    3.36    0.00    0.00    1.41    0.00    0.00    0.00   95.23
21:44:00     all    0.32    0.00    3.40    0.00    0.00    1.60    0.00    0.00    0.00   94.68
21:44:01     all    0.00    0.03    3.22    0.00    0.00    1.50    0.00    0.00    0.00   95.24
21:44:02     all    0.03    0.00    3.27    0.00    0.00    1.31    0.00    0.00    0.00   95.38
21:44:03     all    0.00    0.00    3.20    0.00    0.00    1.38    0.00    0.00    0.00   95.42
21:44:04     all    0.00    0.03    3.17    0.00    0.00    1.35    0.00    0.00    0.00   95.45
21:44:05     all    0.00    0.00    3.34    0.00    0.00    1.53    0.00    0.00    0.00   95.13
21:44:06     all    0.03    0.03    2.87    0.00    0.00    1.02    0.00    0.00    0.00   96.04
21:44:07     all    0.00    0.35    2.81    0.00    0.00    1.12    0.00    0.00    0.00   95.73
21:44:08     all    0.00    1.33    2.00    0.00    0.00    0.73    0.00    0.00    0.00   95.94
21:44:09     all    0.00    0.00    2.77    0.00    0.00    1.09    0.00    0.00    0.00   96.14
21:44:10     all    0.10    0.03    3.07    0.00    0.00    0.96    0.00    0.00    0.00   95.84
21:44:11     all    0.00    0.00    2.53    0.00    0.00    0.93    0.00    0.00    0.00   96.54
21:44:12     all    0.00    0.00    3.11    0.00    0.00    1.28    0.00    0.00    0.00   95.61
21:44:13     all    0.00    0.00    2.72    0.00    0.00    0.99    0.00    0.00    0.00   96.29
21:44:14     all    0.00    0.00    3.05    0.00    0.00    1.19    0.00    0.00    0.00   95.77
21:44:15     all    0.00    0.03    2.78    0.00    0.00    1.05    0.00    0.00    0.00   96.13
21:44:16     all    0.00    0.00    3.47    0.00    0.00    1.21    0.00    0.00    0.00   95.32
21:44:17     all    0.00    0.03    3.17    0.00    0.00    1.06    0.00    0.00    0.00   95.74
21:44:18     all    0.03    0.00    3.28    0.00    0.00    1.30    0.00    0.00    0.00   95.39
21:44:19     all    0.00    0.00    2.75    0.00    0.00    1.02    0.00    0.00    0.00   96.23
21:44:20     all    0.06    0.00    3.23    0.00    0.00    1.12    0.00    0.00    0.00   95.58
21:44:21     all    0.00    0.00    2.69    0.00    0.00    0.99    0.00    0.00    0.00   96.32
21:44:22     all    0.03    0.00    3.52    0.00    0.00    1.06    0.00    0.00    0.00   95.39
21:44:23     all    0.00    0.00    2.96    0.00    0.00    1.45    0.00    0.00    0.00   95.58
21:44:24     all    0.00    0.38    7.08    0.00    0.00    3.91    0.00    0.00    0.00   88.63
21:44:25     all    0.00    0.51    7.10    0.00    0.00    3.76    0.00    0.00    0.00   88.63
21:44:26     all    0.00    3.54    6.10    0.00    0.00    3.28    0.00    0.00    0.00   87.09
21:44:27     all    0.00    3.22    6.02    0.00    0.00    4.19    0.00    0.00    0.00   86.57
21:44:28     all    0.00    1.54    6.75    0.00    0.00    3.52    0.00    0.00    0.00   88.19
21:44:29     all    0.00    0.61    6.43    0.00    0.00    4.03    0.00    0.00    0.00   88.93
21:44:30     all    0.10    4.86    6.49    0.00    0.00    3.96    0.00    0.00    0.00   84.59
21:44:31     all    0.00    3.40    6.34    0.00    0.00    3.68    0.00    0.00    0.00   86.57
21:44:32     all    0.03    5.18    6.04    0.00    0.00    3.58    0.00    0.00    0.00   85.16
21:44:33     all    0.00    2.68    5.55    0.00    0.00    3.84    0.00    0.00    0.00   87.93
21:44:34     all    0.00    3.43    6.03    0.00    0.00    3.72    0.00    0.00    0.00   86.82
21:44:35     all    0.00    4.40    6.26    0.00    0.00    3.73    0.00    0.00    0.00   85.61
21:44:36     all    0.00    3.48    6.34    0.00    0.00    3.48    0.00    0.00    0.00   86.70
21:44:37     all    0.00    0.58    5.58    0.00    0.00    3.58    0.00    0.00    0.00   90.25
21:44:38     all    0.00    0.81    5.35    0.00    0.00    3.48    0.00    0.00    0.00   90.36
21:44:39     all    0.00    5.07    6.07    0.00    0.00    3.82    0.00    0.00    0.00   85.04
21:44:40     all    0.10    3.44    7.56    0.00    0.00    4.28    0.00    0.00    0.00   84.63
21:44:41     all    0.00    7.37    8.60    0.00    0.00    5.46    0.00    0.00    0.00   78.56
21:44:42     all    0.00    5.67    9.56    0.00    0.00    5.70    0.00    0.00    0.00   79.07
21:44:43     all    0.03    5.81    8.87    0.00    0.00    5.74    0.00    0.00    0.00   79.55
21:44:44     all    0.00    5.28    9.59    0.00    0.00    5.60    0.00    0.00    0.00   79.54
21:44:45     all    0.00    5.59    9.19    0.00    0.00    5.59    0.00    0.00    0.00   79.63
21:44:46     all    0.00    3.88    9.12    0.00    0.00    5.50    0.00    0.00    0.00   81.50
21:44:47     all    0.00    9.01    8.98    0.00    0.00    5.56    0.00    0.00    0.00   76.45
21:44:48     all    0.00    6.66    9.29    0.00    0.00    5.52    0.00    0.00    0.00   78.52
21:44:49     all    0.00    9.91    8.13    0.00    0.00    5.90    0.00    0.00    0.00   76.06
21:44:50     all    0.10    4.96    9.21    0.00    0.00    6.31    0.00    0.00    0.00   79.41
21:44:51     all    0.00    7.53    9.04    0.00    0.00    6.05    0.00    0.00    0.00   77.39
21:44:52     all    0.00    3.33    9.06    0.00    0.00    5.44    0.00    0.00    0.00   82.16
21:44:53     all    0.00    4.68    8.81    0.00    0.00    5.17    0.00    0.00    0.00   81.34
21:44:54     all    0.00    6.28    9.59    0.00    0.00    5.51    0.00    0.00    0.00   78.61
21:44:55     all    0.00    4.05    8.35    0.00    0.00    5.63    0.00    0.00    0.00   81.96
21:44:56     all    0.00    9.27    8.75    0.00    0.00    5.50    0.00    0.00    0.00   76.48
21:44:57     all    0.19    7.14    9.23    0.00    0.00    5.72    0.00    0.00    0.00   77.72
21:44:58     all    0.00    5.07    7.38    0.00    0.00    4.30    0.00    0.00    0.00   83.26
21:44:59     all    0.00    6.12    7.67    0.00    0.00    4.35    0.00    0.00    0.00   81.87
21:45:00     all    0.42    7.42    9.19    0.00    0.00    5.71    0.00    0.00    0.00   77.27
21:45:01     all    0.00    4.10    9.62    0.00    0.00    5.20    0.00    0.00    0.00   81.09
21:45:02     all    0.00    8.04    9.01    0.00    0.00    5.58    0.00    0.00    0.00   77.37
21:45:03     all    0.00    6.77    7.47    0.00    0.00    4.05    0.00    0.00    0.00   81.70
21:45:04     all    0.00    4.89    8.73    0.00    0.00    5.12    0.00    0.00    0.00   81.26
21:45:05     all    0.00    6.85    9.87    0.00    0.00    5.27    0.00    0.00    0.00   78.01
21:45:06     all    0.00    2.83    8.52    0.00    0.00    5.10    0.00    0.00    0.00   83.55
21:45:07     all    0.00    5.88    8.54    0.00    0.00    5.01    0.00    0.00    0.00   80.57
21:45:08     all    0.00    6.78    8.63    0.00    0.00    5.22    0.00    0.00    0.00   79.37
21:45:09     all    0.00    6.22    8.96    0.00    0.00    5.64    0.00    0.00    0.00   79.18
21:45:10     all    0.10    9.97    8.64    0.00    0.00    5.28    0.00    0.00    0.00   76.02
21:45:11     all    0.00    7.78    9.80    0.00    0.00    5.69    0.00    0.00    0.00   76.73
21:45:12     all    0.03    6.83    8.96    0.00    0.00    5.67    0.00    0.00    0.00   78.51
21:45:13     all    0.00    3.09    8.81    0.00    0.00    5.34    0.00    0.00    0.00   82.76
21:45:14     all    0.00    9.07    8.61    0.00    0.00    5.21    0.00    0.00    0.00   77.10
21:45:15     all    0.00    5.87    9.16    0.00    0.00    5.52    0.00    0.00    0.00   79.44
21:45:16     all    0.00    6.07    8.94    0.00    0.00    5.00    0.00    0.00    0.00   79.99
21:45:17     all    0.00    5.51    8.03    0.00    0.00    5.18    0.00    0.00    0.00   81.28
21:45:18     all    0.00    9.23    9.07    0.00    0.00    5.68    0.00    0.00    0.00   76.02
21:45:19     all    0.00    8.29    9.09    0.00    0.00    5.77    0.00    0.00    0.00   76.85
21:45:20     all    0.06    6.24    8.63    0.00    0.00    5.53    0.00    0.00    0.00   79.55
21:45:21     all    0.00    8.89    8.53    0.00    0.00    5.48    0.00    0.00    0.00   77.10
21:45:22     all    0.00    4.01    8.85    0.00    0.00    5.59    0.00    0.00    0.00   81.55
21:45:23     all    0.00    7.97    9.06    0.00    0.00    5.66    0.00    0.00    0.00   77.31
21:45:24     all    0.00    9.67    9.09    0.00    0.00    5.19    0.00    0.00    0.00   76.04
21:45:25     all    0.00    7.60    8.18    0.00    0.00    4.83    0.00    0.00    0.00   79.39
21:45:26     all    0.00    4.56    5.88    0.00    0.00    3.89    0.00    0.00    0.00   85.67
21:45:27     all    0.00    4.56    6.53    0.00    0.00    4.24    0.00    0.00    0.00   84.67
21:45:28     all    0.00    4.56    6.54    0.00    0.00    4.72    0.00    0.00    0.00   84.18
21:45:29     all    0.00    3.12    6.25    0.00    0.00    4.41    0.00    0.00    0.00   86.22
21:45:30     all    0.06    1.42    6.41    0.00    0.00    3.83    0.00    0.00    0.00   88.27
21:45:31     all    0.00    3.34    6.09    0.00    0.00    3.85    0.00    0.00    0.00   86.72
21:45:32     all    0.00    2.92    7.49    0.00    0.00    4.47    0.00    0.00    0.00   85.12
21:45:33     all    0.00    3.10    6.59    0.00    0.00    4.16    0.00    0.00    0.00   86.14
21:45:34     all    0.00    5.88    6.39    0.00    0.00    4.17    0.00    0.00    0.00   83.56
21:45:35     all    0.00    3.90    5.78    0.00    0.00    4.38    0.00    0.00    0.00   85.94
21:45:36     all    0.00    3.21    6.97    0.00    0.00    3.82    0.00    0.00    0.00   85.99
21:45:37     all    0.00    4.90    6.53    0.00    0.00    4.10    0.00    0.00    0.00   84.47
21:45:38     all    0.00    2.98    5.57    0.00    0.00    3.81    0.00    0.00    0.00   87.64
21:45:39     all    0.00    1.70    5.41    0.00    0.00    3.65    0.00    0.00    0.00   89.25
21:45:40     all    0.06    0.03    3.74    0.00    0.00    2.04    0.00    0.00    0.00   94.12
21:45:41     all    0.00    0.03    3.94    0.00    0.00    2.37    0.00    0.00    0.00   93.66
21:45:42     all    0.03    0.03    4.03    0.00    0.00    2.24    0.00    0.00    0.00   93.67
21:45:43     all    0.00    0.03    3.69    0.00    0.00    2.09    0.00    0.00    0.00   94.19
21:45:44     all    0.00    0.06    3.57    0.00    0.00    1.98    0.00    0.00    0.00   94.39
21:45:45     all    0.00    0.03    3.14    0.00    0.00    1.60    0.00    0.00    0.00   95.22
21:45:46     all    0.03    1.47    2.93    0.00    0.00    1.43    0.00    0.00    0.00   94.14
21:45:47     all    0.00    1.57    2.78    0.00    0.00    1.21    0.00    0.00    0.00   94.44
21:45:48     all    0.00    0.03    2.85    0.00    0.00    1.60    0.00    0.00    0.00   95.51
21:45:49     all    0.00    0.03    3.72    0.00    0.00    2.05    0.00    0.00    0.00   94.20
21:45:50     all    0.06    0.03    3.84    0.00    0.00    1.99    0.00    0.00    0.00   94.07
21:45:51     all    0.00    0.03    3.36    0.00    0.00    2.08    0.00    0.00    0.00   94.53
21:45:52     all    0.03    0.03    3.91    0.00    0.00    2.15    0.00    0.00    0.00   93.88
21:45:53     all    0.00    0.03    3.91    0.00    0.00    1.92    0.00    0.00    0.00   94.13
21:45:54     all    0.00    0.03    4.22    0.00    0.00    2.17    0.00    0.00    0.00   93.58
21:45:55     all    0.00    0.00    4.29    0.00    0.00    2.27    0.00    0.00    0.00   93.44
21:45:56     all    0.00    0.03    3.83    0.00    0.00    2.04    0.00    0.00    0.00   94.10
21:45:57     all    0.00    0.03    4.33    0.00    0.00    2.48    0.00    0.00    0.00   93.15
21:45:58     all    0.00    0.00    4.22    0.00    0.00    2.46    0.00    0.00    0.00   93.31
21:45:59     all    0.00    2.12    2.76    0.00    0.00    1.39    0.00    0.00    0.00   93.72
21:46:00     all    0.35    0.03    3.89    0.00    0.00    2.04    0.00    0.00    0.00   93.68
21:46:01     all    0.00    0.03    3.90    0.00    0.00    2.34    0.00    0.00    0.00   93.73
21:46:02     all    0.03    0.03    3.94    0.00    0.00    2.40    0.00    0.00    0.00   93.59
21:46:03     all    0.00    0.03    4.11    0.00    0.00    2.05    0.00    0.00    0.00   93.81
21:46:04     all    0.00    0.03    3.74    0.00    0.00    2.27    0.00    0.00    0.00   93.95
21:46:05     all    0.00    0.00    4.36    0.00    0.00    2.47    0.00    0.00    0.00   93.16
21:46:06     all    0.00    0.03    3.98    0.00    0.00    2.45    0.00    0.00    0.00   93.54
21:46:07     all    0.00    0.03    4.10    0.00    0.00    2.37    0.00    0.00    0.00   93.49
21:46:08     all    0.00    0.00    4.23    0.00    0.00    2.59    0.00    0.00    0.00   93.18
21:46:09     all    0.00    1.60    3.43    0.00    0.00    1.99    0.00    0.00    0.00   92.99
21:46:10     all    0.10    0.03    4.41    0.00    0.00    2.24    0.00    0.00    0.00   93.22
21:46:11     all    0.00    2.17    3.87    0.00    0.00    1.50    0.00    0.00    0.00   92.46
21:46:12     all    0.00    2.06    3.31    0.00    0.00    1.48    0.00    0.00    0.00   93.15
21:46:13     all    0.00    0.67    3.89    0.00    0.00    2.23    0.00    0.00    0.00   93.21
21:46:14     all    0.00    0.03    4.34    0.00    0.00    2.64    0.00    0.00    0.00   92.99
21:46:15     all    0.00    0.06    3.86    0.00    0.00    2.27    0.00    0.00    0.00   93.80
21:46:16     all    0.00    0.00    4.43    0.00    0.00    2.25    0.00    0.00    0.00   93.33
21:46:17     all    0.00    0.06    4.22    0.00    0.00    2.27    0.00    0.00    0.00   93.45
21:46:18     all    0.00    0.03    4.28    0.00    0.00    3.03    0.00    0.00    0.00   92.65
21:46:19     all    0.00    0.00    4.04    0.00    0.00    2.66    0.00    0.00    0.00   93.30
21:46:20     all    0.10    0.03    3.80    0.00    0.00    2.22    0.00    0.00    0.00   93.85
21:46:21     all    0.00    1.43    4.06    0.00    0.00    2.47    0.00    0.00    0.00   92.04
21:46:22     all    0.00    0.00    4.44    0.00    0.00    3.13    0.00    0.00    0.00   92.43
21:46:23     all    0.00    0.00    4.65    0.00    0.00    2.47    0.00    0.00    0.00   92.87
21:46:24     all    0.00    0.03    4.16    0.00    0.00    2.66    0.00    0.00    0.00   93.15
21:46:25     all    0.00    0.06    4.43    0.00    0.00    2.79    0.00    0.00    0.00   92.71
21:46:26     all    0.00    0.00    4.73    0.00    0.00    3.01    0.00    0.00    0.00   92.26
21:46:27     all    0.00    0.03    4.47    0.00    0.00    2.84    0.00    0.00    0.00   92.65
21:46:28     all    0.00    0.06    4.64    0.00    0.00    2.40    0.00    0.00    0.00   92.89
21:46:29     all    0.00    0.00    5.08    0.00    0.00    2.91    0.00    0.00    0.00   92.01
21:46:30     all    0.10    0.03    4.62    0.00    0.00    2.66    0.00    0.00    0.00   92.59
21:46:31     all    0.00    0.03    4.83    0.00    0.00    2.35    0.00    0.00    0.00   92.79
21:46:32     all    0.03    0.00    4.95    0.00    0.00    2.49    0.00    0.00    0.00   92.53
21:46:33     all    0.00    0.03    4.72    0.00    0.00    2.89    0.00    0.00    0.00   92.35
21:46:34     all    0.00    0.00    4.89    0.00    0.00    2.64    0.00    0.00    0.00   92.48
21:46:35     all    0.00    0.03    3.87    0.00    0.00    2.11    0.00    0.00    0.00   93.98
21:46:36     all    0.00    0.00    2.74    0.00    0.00    1.60    0.00    0.00    0.00   95.66
21:46:37     all    0.00    0.03    2.31    0.00    0.00    1.20    0.00    0.00    0.00   96.45
21:46:38     all    0.03    0.00    3.12    0.00    0.00    1.78    0.00    0.00    0.00   95.06
21:46:39     all    0.00    0.41    2.29    0.00    0.00    1.27    0.00    0.00    0.00   96.03
21:46:40     all    0.10    0.00    2.96    0.00    0.00    1.82    0.00    0.00    0.00   95.13
21:46:41     all    0.00    0.00    3.02    0.00    0.00    1.97    0.00    0.00    0.00   95.01
21:46:42     all    0.03    0.00    3.29    0.00    0.00    1.87    0.00    0.00    0.00   94.82
21:46:43     all    0.00    0.00    2.74    0.00    0.00    1.50    0.00    0.00    0.00   95.76
21:46:44     all    0.00    0.03    2.78    0.00    0.00    1.69    0.00    0.00    0.00   95.50
21:46:45     all    0.00    0.00    2.76    0.00    0.00    2.09    0.00    0.00    0.00   95.15
21:46:46     all    0.00    0.03    2.41    0.00    0.00    1.24    0.00    0.00    0.00   96.32
21:46:47     all    0.00    0.00    2.75    0.00    0.00    1.92    0.00    0.00    0.00   95.34
21:46:48     all    0.00    0.00    0.63    0.00    0.00    0.44    0.00    0.00    0.00   98.93
21:46:49     all    0.00    0.00    0.00    0.00    0.00    0.00    0.00    0.00    0.00  100.00
21:46:50     all    0.09    0.00    0.06    0.00    0.00    0.03    0.00    0.00    0.00   99.81
21:46:51     all    0.00    0.00    0.00    0.00    0.00    0.00    0.00    0.00    0.00  100.00
21:46:52     all    0.03    0.00    0.19    0.00    0.00    0.00    0.00    0.00    0.00   99.78
21:46:53     all    0.00    0.00    0.00    0.00    0.00    0.00    0.00    0.00    0.00  100.00
21:46:54     all    0.00    0.00    0.00    0.00    0.00    0.00    0.00    0.00    0.00  100.00
21:46:55     all    0.00    0.00    0.00    0.00    0.00    0.00    0.00    0.00    0.00  100.00

Average:     all    0.02    1.12    3.93    0.00    0.00    2.06    0.00    0.00    0.00   92.88
