Linux 4.20.0+ (eternitystorage) 	01/13/24 	_x86_64_	(32 CPU)

20:57:03     CPU    %usr   %nice    %sys %iowait    %irq   %soft  %steal  %guest  %gnice   %idle
20:57:04     all    0.00    0.00    0.03    0.00    0.00    0.00    0.00    0.00    0.00   99.97
20:57:05     all    0.00    0.00    0.00    0.00    0.00    0.00    0.00    0.00    0.00  100.00
20:57:06     all    0.00    0.00    0.00    0.00    0.00    0.00    0.00    0.00    0.00  100.00
20:57:07     all    0.00    0.00    0.00    0.00    0.00    0.00    0.00    0.00    0.00  100.00
20:57:08     all    0.00    0.00    0.00    0.00    0.00    0.00    0.00    0.00    0.00  100.00
20:57:09     all    0.00    0.00    0.00    0.00    0.00    0.00    0.00    0.00    0.00  100.00
20:57:10     all    0.06    0.00    0.06    0.00    0.00    0.06    0.00    0.00    0.00   99.81
20:57:11     all    0.00    0.00    0.00    0.00    0.00    0.00    0.00    0.00    0.00  100.00
20:57:12     all    0.00    0.00    0.03    0.00    0.00    0.00    0.00    0.00    0.00   99.97
20:57:13     all    0.00    0.00    0.00    0.00    0.00    0.00    0.00    0.00    0.00  100.00
20:57:14     all    0.03    0.00    0.00    0.00    0.00    0.00    0.00    0.00    0.00   99.97
20:57:15     all    0.00    0.00    0.00    0.00    0.00    0.00    0.00    0.00    0.00  100.00
20:57:16     all    0.00    0.00    0.03    0.00    0.00    0.00    0.00    0.00    0.00   99.97
20:57:17     all    0.00    0.00    0.00    0.00    0.00    0.00    0.00    0.00    0.00  100.00
20:57:18     all    0.00    0.00    0.03    0.00    0.00    0.00    0.00    0.00    0.00   99.97
20:57:19     all    0.00    0.00    0.03    0.00    0.00    0.00    0.00    0.00    0.00   99.97
20:57:20     all    0.09    0.00    0.06    0.00    0.00    0.06    0.00    0.00    0.00   99.78
20:57:21     all    0.00    0.00    0.00    0.00    0.00    0.00    0.00    0.00    0.00  100.00
20:57:22     all    0.00    0.00    0.25    0.00    0.00    0.06    0.00    0.00    0.00   99.69
20:57:23     all    0.00    0.00    0.06    0.00    0.00    0.00    0.00    0.00    0.00   99.94
20:57:24     all    0.03    0.00    0.03    0.00    0.00    0.00    0.00    0.00    0.00   99.94
20:57:25     all    0.00    0.00    0.00    0.00    0.00    0.00    0.00    0.00    0.00  100.00
20:57:26     all    0.00    0.00    0.00    0.00    0.00    0.00    0.00    0.00    0.00  100.00
20:57:27     all    0.00    0.00    0.00    0.00    0.00    0.00    0.00    0.00    0.00  100.00
20:57:28     all    0.00    0.00    0.00    0.00    0.00    0.00    0.00    0.00    0.00  100.00
20:57:29     all    0.00    0.00    0.03    0.00    0.00    0.00    0.00    0.00    0.00   99.97
20:57:30     all    0.06    0.00    0.06    0.00    0.00    0.03    0.00    0.00    0.00   99.84
20:57:31     all    0.00    0.00    0.00    0.00    0.00    0.00    0.00    0.00    0.00  100.00
20:57:32     all    0.06    0.00    0.03    0.00    0.00    0.00    0.00    0.00    0.00   99.91
20:57:33     all    0.00    0.00    0.00    0.00    0.00    0.00    0.00    0.00    0.00  100.00
20:57:34     all    0.00    0.00    0.03    0.00    0.00    0.00    0.00    0.00    0.00   99.97
20:57:35     all    0.00    0.00    0.00    0.00    0.00    0.00    0.00    0.00    0.00  100.00
20:57:36     all    0.00    0.00    0.03    0.00    0.00    0.00    0.00    0.00    0.00   99.97
20:57:37     all    0.00    0.00    0.00    0.00    0.00    0.00    0.00    0.00    0.00  100.00
20:57:38     all    0.00    0.00    0.00    0.00    0.00    0.00    0.00    0.00    0.00  100.00
20:57:39     all    0.00    0.00    0.16    0.00    0.00    0.00    0.00    0.00    0.00   99.84
20:57:40     all    0.06    0.00    0.53    0.00    0.00    0.03    0.00    0.00    0.00   99.37
20:57:41     all    0.00    0.00    0.53    0.00    0.00    0.00    0.00    0.00    0.00   99.47
20:57:42     all    0.00    0.00    0.60    0.00    0.00    0.00    0.00    0.00    0.00   99.40
20:57:43     all    0.00    0.00    0.69    0.00    0.00    0.03    0.00    0.00    0.00   99.28
20:57:44     all    0.00    0.00    0.56    0.00    0.00    0.00    0.00    0.00    0.00   99.44
20:57:45     all    0.00    0.00    0.72    0.00    0.00    0.00    0.00    0.00    0.00   99.28
20:57:46     all    0.00    0.00    0.56    0.00    0.00    0.00    0.00    0.00    0.00   99.44
20:57:47     all    0.34    0.00    0.44    0.00    0.00    0.00    0.00    0.00    0.00   99.22
20:57:48     all    0.00    0.00    0.56    0.00    0.00    0.03    0.00    0.00    0.00   99.41
20:57:49     all    0.00    0.00    0.56    0.00    0.00    0.00    0.00    0.00    0.00   99.44
20:57:50     all    0.06    0.00    0.72    0.00    0.00    0.03    0.00    0.00    0.00   99.19
20:57:51     all    0.00    0.00    0.53    0.00    0.00    0.00    0.00    0.00    0.00   99.47
20:57:52     all    0.00    0.00    0.41    0.00    0.00    0.00    0.00    0.00    0.00   99.59
20:57:53     all    0.00    0.00    0.66    0.00    0.00    0.00    0.00    0.00    0.00   99.34
20:57:54     all    0.00    0.00    0.56    0.00    0.00    0.03    0.00    0.00    0.00   99.41
20:57:55     all    0.00    0.00    0.56    0.00    0.00    0.00    0.00    0.00    0.00   99.44
20:57:56     all    0.00    0.00    0.50    0.00    0.00    0.00    0.00    0.00    0.00   99.50
20:57:57     all    0.03    0.00    0.69    0.00    0.00    0.00    0.00    0.00    0.00   99.28
20:57:58     all    0.00    0.00    0.44    0.00    0.00    0.00    0.00    0.00    0.00   99.56
20:57:59     all    0.00    0.00    0.63    0.00    0.00    0.00    0.00    0.00    0.00   99.37
20:58:00     all    0.41    0.00    0.72    0.00    0.00    0.22    0.00    0.00    0.00   98.66
20:58:01     all    0.06    0.00    0.53    0.00    0.00    0.03    0.00    0.00    0.00   99.37
20:58:02     all    0.00    0.00    0.56    0.00    0.00    0.03    0.00    0.00    0.00   99.41
20:58:03     all    0.00    0.00    0.44    0.00    0.00    0.00    0.00    0.00    0.00   99.56
20:58:04     all    0.00    0.00    0.66    0.00    0.00    0.00    0.00    0.00    0.00   99.34
20:58:05     all    0.00    0.00    0.53    0.00    0.00    0.00    0.00    0.00    0.00   99.47
20:58:06     all    0.00    0.00    0.66    0.00    0.00    0.00    0.00    0.00    0.00   99.34
20:58:07     all    0.00    0.00    0.53    0.00    0.00    0.00    0.00    0.00    0.00   99.47
20:58:08     all    0.00    0.00    0.75    0.00    0.00    0.00    0.00    0.00    0.00   99.25
20:58:09     all    0.00    0.00    0.63    0.00    0.00    0.00    0.00    0.00    0.00   99.37
20:58:10     all    0.09    0.00    0.59    0.00    0.00    0.06    0.00    0.00    0.00   99.25
20:58:11     all    0.00    0.00    0.47    0.00    0.00    0.00    0.00    0.00    0.00   99.53
20:58:12     all    0.03    0.00    0.56    0.00    0.00    0.00    0.00    0.00    0.00   99.41
20:58:13     all    0.00    0.00    0.50    0.00    0.00    0.00    0.00    0.00    0.00   99.50
20:58:14     all    0.00    0.00    0.47    0.00    0.00    0.00    0.00    0.00    0.00   99.53
20:58:15     all    0.00    0.00    0.47    0.00    0.00    0.00    0.00    0.00    0.00   99.53
20:58:16     all    0.00    0.00    0.63    0.00    0.00    0.00    0.00    0.00    0.00   99.37
20:58:17     all    0.00    0.00    0.38    0.00    0.00    0.00    0.00    0.00    0.00   99.62
20:58:18     all    0.00    0.00    0.59    0.00    0.00    0.03    0.00    0.00    0.00   99.37
20:58:19     all    0.00    0.00    0.56    0.00    0.00    0.00    0.00    0.00    0.00   99.44
20:58:20     all    0.06    0.00    0.60    0.00    0.00    0.03    0.00    0.00    0.00   99.31
20:58:21     all    0.00    0.00    0.47    0.00    0.00    0.03    0.00    0.00    0.00   99.50
20:58:22     all    0.00    0.00    0.63    0.00    0.00    0.00    0.00    0.00    0.00   99.37
20:58:23     all    0.00    0.00    0.47    0.00    0.00    0.00    0.00    0.00    0.00   99.53
20:58:24     all    0.00    0.00    0.53    0.00    0.00    0.00    0.00    0.00    0.00   99.47
20:58:25     all    0.00    0.00    0.53    0.00    0.00    0.00    0.00    0.00    0.00   99.47
20:58:26     all    0.00    0.00    0.63    0.00    0.00    0.03    0.00    0.00    0.00   99.34
20:58:27     all    0.00    0.00    0.50    0.00    0.00    0.00    0.00    0.00    0.00   99.50
20:58:28     all    0.00    0.00    0.53    0.00    0.00    0.00    0.00    0.00    0.00   99.47
20:58:29     all    0.00    0.00    0.44    0.00    0.00    0.03    0.00    0.00    0.00   99.53
20:58:30     all    0.09    0.00    0.50    0.00    0.00    0.00    0.00    0.00    0.00   99.40
20:58:31     all    0.00    0.00    0.59    0.00    0.00    0.00    0.00    0.00    0.00   99.41
20:58:32     all    0.03    0.00    0.47    0.00    0.00    0.00    0.00    0.00    0.00   99.50
20:58:33     all    0.00    0.00    0.50    0.00    0.00    0.00    0.00    0.00    0.00   99.50
20:58:34     all    0.00    0.00    0.56    0.00    0.00    0.03    0.00    0.00    0.00   99.41
20:58:35     all    0.00    0.00    0.56    0.00    0.00    0.00    0.00    0.00    0.00   99.44
20:58:36     all    0.00    0.00    0.56    0.00    0.00    0.00    0.00    0.00    0.00   99.44
20:58:37     all    0.00    0.00    0.50    0.00    0.00    0.00    0.00    0.00    0.00   99.50
20:58:38     all    0.03    0.00    0.56    0.00    0.00    0.00    0.00    0.00    0.00   99.41
20:58:39     all    0.00    0.00    0.50    0.00    0.00    0.00    0.00    0.00    0.00   99.50
20:58:40     all    0.06    0.00    0.66    0.00    0.00    0.06    0.00    0.00    0.00   99.22
20:58:41     all    0.00    0.00    0.50    0.00    0.00    0.00    0.00    0.00    0.00   99.50
20:58:42     all    0.03    0.00    0.50    0.00    0.00    0.00    0.00    0.00    0.00   99.47
20:58:43     all    0.00    0.00    0.50    0.00    0.00    0.00    0.00    0.00    0.00   99.50
20:58:44     all    0.00    0.00    0.63    0.00    0.00    0.00    0.00    0.00    0.00   99.37
20:58:45     all    0.00    0.00    0.59    0.00    0.00    0.00    0.00    0.00    0.00   99.41
20:58:46     all    0.03    0.00    0.59    0.00    0.00    0.00    0.00    0.00    0.00   99.37
20:58:47     all    0.00    0.00    0.47    0.00    0.00    0.00    0.00    0.00    0.00   99.53
20:58:48     all    0.00    0.00    0.56    0.00    0.00    0.00    0.00    0.00    0.00   99.44
20:58:49     all    0.00    0.00    0.56    0.00    0.00    0.00    0.00    0.00    0.00   99.44
20:58:50     all    0.09    0.00    0.53    0.00    0.00    0.06    0.00    0.00    0.00   99.31
20:58:51     all    0.03    0.00    0.66    0.00    0.00    0.00    0.00    0.00    0.00   99.31
20:58:52     all    0.03    0.00    0.53    0.00    0.00    0.00    0.00    0.00    0.00   99.44
20:58:53     all    0.00    0.00    0.53    0.00    0.00    0.03    0.00    0.00    0.00   99.44
20:58:54     all    0.00    0.00    0.63    0.00    0.00    0.00    0.00    0.00    0.00   99.37
20:58:55     all    0.00    0.00    0.53    0.00    0.00    0.00    0.00    0.00    0.00   99.47
20:58:56     all    0.00    0.00    0.50    0.00    0.00    0.00    0.00    0.00    0.00   99.50
20:58:57     all    0.00    0.00    0.56    0.00    0.00    0.00    0.00    0.00    0.00   99.44
20:58:58     all    0.00    0.00    0.59    0.00    0.00    0.00    0.00    0.00    0.00   99.41
20:58:59     all    0.00    0.00    0.53    0.00    0.00    0.00    0.00    0.00    0.00   99.47
20:59:00     all    0.44    0.00    0.59    0.00    0.00    0.25    0.00    0.00    0.00   98.72
20:59:01     all    0.06    0.00    0.56    0.00    0.00    0.00    0.00    0.00    0.00   99.37
20:59:02     all    0.03    0.00    0.59    0.00    0.00    0.00    0.00    0.00    0.00   99.37
20:59:03     all    0.00    0.00    0.63    0.00    0.00    0.00    0.00    0.00    0.00   99.37
20:59:04     all    0.00    0.00    0.63    0.00    0.00    0.00    0.00    0.00    0.00   99.37
20:59:05     all    0.00    0.00    0.56    0.00    0.00    0.00    0.00    0.00    0.00   99.44
20:59:06     all    0.00    0.00    0.35    0.00    0.00    0.03    0.00    0.00    0.00   99.62
20:59:07     all    0.00    0.00    0.59    0.00    0.00    0.00    0.00    0.00    0.00   99.41
20:59:08     all    0.00    0.00    0.53    0.00    0.00    0.00    0.00    0.00    0.00   99.47
20:59:09     all    0.00    0.00    0.53    0.00    0.00    0.00    0.00    0.00    0.00   99.47
20:59:10     all    0.09    0.00    0.56    0.00    0.00    0.06    0.00    0.00    0.00   99.28
20:59:11     all    0.00    0.00    0.66    0.00    0.00    0.00    0.00    0.00    0.00   99.34
20:59:12     all    0.00    0.00    0.47    0.00    0.00    0.00    0.00    0.00    0.00   99.53
20:59:13     all    0.00    0.00    0.69    0.00    0.00    0.00    0.00    0.00    0.00   99.31
20:59:14     all    0.00    0.00    0.53    0.00    0.00    0.03    0.00    0.00    0.00   99.44
20:59:15     all    0.00    0.00    0.50    0.00    0.00    0.00    0.00    0.00    0.00   99.50
20:59:16     all    0.06    0.00    0.50    0.00    0.00    0.00    0.00    0.00    0.00   99.44
20:59:17     all    0.00    0.00    0.66    0.00    0.00    0.00    0.00    0.00    0.00   99.34
20:59:18     all    0.00    0.00    0.59    0.00    0.00    0.00    0.00    0.00    0.00   99.41
20:59:19     all    0.00    0.00    0.47    0.00    0.00    0.00    0.00    0.00    0.00   99.53
20:59:20     all    0.06    0.00    0.66    0.00    0.00    0.06    0.00    0.00    0.00   99.22
20:59:21     all    0.00    0.00    0.63    0.00    0.00    0.00    0.00    0.00    0.00   99.37
20:59:22     all    0.00    0.00    0.78    0.00    0.00    0.00    0.00    0.00    0.00   99.22
20:59:23     all    0.00    0.00    0.47    0.00    0.00    0.00    0.00    0.00    0.00   99.53
20:59:24     all    0.00    0.00    0.63    0.00    0.00    0.03    0.00    0.00    0.00   99.34
20:59:25     all    0.00    0.00    0.50    0.00    0.00    0.00    0.00    0.00    0.00   99.50
20:59:26     all    0.00    0.00    0.53    0.00    0.00    0.00    0.00    0.00    0.00   99.47
20:59:27     all    0.00    0.00    0.50    0.00    0.00    0.00    0.00    0.00    0.00   99.50
20:59:28     all    0.00    0.00    0.50    0.00    0.00    0.00    0.00    0.00    0.00   99.50
20:59:29     all    0.00    0.00    0.66    0.00    0.00    0.00    0.00    0.00    0.00   99.34
20:59:30     all    0.09    0.00    0.50    0.00    0.00    0.03    0.00    0.00    0.00   99.37
20:59:31     all    0.00    0.00    0.44    0.00    0.00    0.00    0.00    0.00    0.00   99.56
20:59:32     all    0.03    0.00    0.72    0.00    0.00    0.00    0.00    0.00    0.00   99.25
20:59:33     all    0.00    0.00    0.56    0.00    0.00    0.00    0.00    0.00    0.00   99.44
20:59:34     all    0.00    0.00    0.50    0.00    0.00    0.00    0.00    0.00    0.00   99.50
20:59:35     all    0.00    0.00    0.50    0.00    0.00    0.00    0.00    0.00    0.00   99.50
20:59:36     all    0.00    0.00    0.50    0.00    0.00    0.03    0.00    0.00    0.00   99.47
20:59:37     all    0.00    0.00    0.56    0.00    0.00    0.00    0.00    0.00    0.00   99.44
20:59:38     all    0.00    0.00    0.59    0.00    0.00    0.00    0.00    0.00    0.00   99.41
20:59:39     all    0.00    0.00    0.47    0.00    0.00    0.00    0.00    0.00    0.00   99.53
20:59:40     all    0.09    0.00    0.63    0.00    0.00    0.06    0.00    0.00    0.00   99.22
20:59:41     all    0.03    0.00    0.50    0.00    0.00    0.03    0.00    0.00    0.00   99.44
20:59:42     all    0.00    0.00    0.63    0.00    0.00    0.00    0.00    0.00    0.00   99.37
20:59:43     all    0.00    0.00    0.56    0.00    0.00    0.00    0.00    0.00    0.00   99.44
20:59:44     all    0.00    0.00    0.63    0.00    0.00    0.03    0.00    0.00    0.00   99.34
20:59:45     all    0.00    0.00    0.59    0.00    0.00    0.00    0.00    0.00    0.00   99.41
20:59:46     all    0.00    0.00    0.47    0.00    0.00    0.00    0.00    0.00    0.00   99.53
20:59:47     all    0.00    0.00    0.50    0.00    0.00    0.00    0.00    0.00    0.00   99.50
20:59:48     all    0.00    0.00    0.53    0.00    0.00    0.00    0.00    0.00    0.00   99.47
20:59:49     all    0.00    0.00    0.75    0.00    0.00    0.00    0.00    0.00    0.00   99.25
20:59:50     all    0.06    0.00    0.69    0.00    0.00    0.03    0.00    0.00    0.00   99.22
20:59:51     all    0.00    0.00    0.59    0.00    0.00    0.00    0.00    0.00    0.00   99.41
20:59:52     all    0.03    0.00    0.59    0.00    0.00    0.00    0.00    0.00    0.00   99.37
20:59:53     all    0.00    0.00    0.53    0.00    0.00    0.00    0.00    0.00    0.00   99.47
20:59:54     all    0.03    0.00    0.59    0.00    0.00    0.00    0.00    0.00    0.00   99.37
20:59:55     all    0.00    0.00    0.69    0.00    0.00    0.00    0.00    0.00    0.00   99.31
20:59:56     all    0.00    0.00    0.66    0.00    0.00    0.00    0.00    0.00    0.00   99.34
20:59:57     all    0.31    0.00    0.47    0.00    0.00    0.00    0.00    0.00    0.00   99.22
20:59:58     all    0.00    0.00    0.53    0.00    0.00    0.00    0.00    0.00    0.00   99.47
20:59:59     all    0.00    0.00    0.50    0.00    0.00    0.00    0.00    0.00    0.00   99.50
21:00:00     all    0.44    0.00    0.72    0.00    0.00    0.13    0.00    0.00    0.00   98.72
21:00:01     all    0.03    0.00    0.47    0.00    0.00    0.00    0.00    0.00    0.00   99.50
21:00:02     all    0.00    0.00    0.53    0.00    0.00    0.00    0.00    0.00    0.00   99.47
21:00:03     all    0.00    0.00    0.53    0.00    0.00    0.00    0.00    0.00    0.00   99.47
21:00:04     all    0.00    0.00    0.56    0.00    0.00    0.00    0.00    0.00    0.00   99.44
21:00:05     all    0.00    0.00    0.44    0.00    0.00    0.03    0.00    0.00    0.00   99.53
21:00:06     all    0.00    0.00    0.44    0.00    0.00    0.00    0.00    0.00    0.00   99.56
21:00:07     all    0.00    0.00    0.56    0.00    0.00    0.03    0.00    0.00    0.00   99.41
21:00:08     all    0.00    0.00    0.59    0.00    0.00    0.00    0.00    0.00    0.00   99.41
21:00:09     all    0.00    0.00    0.50    0.00    0.00    0.00    0.00    0.00    0.00   99.50
21:00:10     all    0.09    0.00    0.56    0.00    0.00    0.00    0.00    0.00    0.00   99.34
21:00:11     all    0.00    0.00    0.56    0.00    0.00    0.00    0.00    0.00    0.00   99.44
21:00:12     all    0.03    0.00    0.72    0.00    0.00    0.00    0.00    0.00    0.00   99.25
21:00:13     all    0.00    0.00    0.63    0.00    0.00    0.00    0.00    0.00    0.00   99.37
21:00:14     all    0.00    0.00    0.63    0.00    0.00    0.00    0.00    0.00    0.00   99.37
21:00:15     all    0.00    0.00    0.56    0.00    0.00    0.00    0.00    0.00    0.00   99.44
21:00:16     all    0.00    0.00    0.53    0.00    0.00    0.03    0.00    0.00    0.00   99.44
21:00:17     all    0.00    0.00    0.53    0.00    0.00    0.00    0.00    0.00    0.00   99.47
21:00:18     all    0.00    0.00    0.56    0.00    0.00    0.00    0.00    0.00    0.00   99.44
21:00:19     all    0.00    0.00    0.59    0.00    0.00    0.00    0.00    0.00    0.00   99.41
21:00:20     all    0.06    0.00    0.69    0.00    0.00    0.03    0.00    0.00    0.00   99.22
21:00:21     all    0.00    0.00    0.69    0.00    0.00    0.03    0.00    0.00    0.00   99.28
21:00:22     all    0.03    0.00    0.53    0.00    0.00    0.00    0.00    0.00    0.00   99.44
21:00:23     all    0.00    0.00    0.50    0.00    0.00    0.00    0.00    0.00    0.00   99.50
21:00:24     all    0.00    0.00    0.63    0.00    0.00    0.00    0.00    0.00    0.00   99.37
21:00:25     all    0.00    0.00    0.69    0.00    0.00    0.00    0.00    0.00    0.00   99.31
21:00:26     all    0.00    0.00    0.56    0.00    0.00    0.00    0.00    0.00    0.00   99.44
21:00:27     all    0.00    0.00    0.59    0.00    0.00    0.00    0.00    0.00    0.00   99.41
21:00:28     all    0.00    0.00    0.56    0.00    0.00    0.00    0.00    0.00    0.00   99.44
21:00:29     all    0.00    0.00    0.53    0.00    0.00    0.00    0.00    0.00    0.00   99.47
21:00:30     all    0.09    0.00    0.63    0.00    0.00    0.03    0.00    0.00    0.00   99.25
21:00:31     all    0.00    0.00    0.56    0.00    0.00    0.00    0.00    0.00    0.00   99.44
21:00:32     all    0.03    0.00    0.53    0.00    0.00    0.00    0.00    0.00    0.00   99.44
21:00:33     all    0.00    0.00    0.56    0.00    0.00    0.00    0.00    0.00    0.00   99.44
21:00:34     all    0.03    0.00    0.59    0.00    0.00    0.00    0.00    0.00    0.00   99.37
21:00:35     all    0.00    0.00    0.56    0.00    0.00    0.00    0.00    0.00    0.00   99.44
21:00:36     all    0.00    0.00    0.56    0.00    0.00    0.03    0.00    0.00    0.00   99.41
21:00:37     all    0.00    0.00    0.56    0.00    0.00    0.00    0.00    0.00    0.00   99.44
21:00:38     all    0.00    0.00    0.56    0.00    0.00    0.03    0.00    0.00    0.00   99.41
21:00:39     all    0.00    0.00    0.56    0.00    0.00    0.00    0.00    0.00    0.00   99.44
21:00:40     all    0.06    0.00    0.63    0.00    0.00    0.09    0.00    0.00    0.00   99.22
21:00:41     all    0.00    0.00    0.66    0.00    0.00    0.00    0.00    0.00    0.00   99.34
21:00:42     all    0.00    0.00    0.66    0.00    0.00    0.00    0.00    0.00    0.00   99.34
21:00:43     all    0.00    0.00    0.50    0.00    0.00    0.00    0.00    0.00    0.00   99.50
21:00:44     all    0.00    0.00    0.56    0.00    0.00    0.00    0.00    0.00    0.00   99.44
21:00:45     all    0.00    0.00    0.41    0.00    0.00    0.00    0.00    0.00    0.00   99.59
21:00:46     all    0.00    0.00    0.59    0.00    0.00    0.00    0.00    0.00    0.00   99.41
21:00:47     all    0.00    0.00    0.63    0.00    0.00    0.00    0.00    0.00    0.00   99.37
21:00:48     all    0.00    0.00    0.50    0.00    0.00    0.03    0.00    0.00    0.00   99.47
21:00:49     all    0.00    0.00    0.53    0.00    0.00    0.00    0.00    0.00    0.00   99.47
21:00:50     all    0.09    0.00    0.63    0.00    0.00    0.03    0.00    0.00    0.00   99.25
21:00:51     all    0.00    0.00    0.56    0.00    0.00    0.03    0.00    0.00    0.00   99.41
21:00:52     all    0.00    0.00    0.47    0.00    0.00    0.00    0.00    0.00    0.00   99.53
21:00:53     all    0.00    0.00    0.47    0.00    0.00    0.00    0.00    0.00    0.00   99.53
21:00:54     all    0.00    0.00    0.50    0.00    0.00    0.00    0.00    0.00    0.00   99.50
21:00:55     all    0.00    0.00    0.53    0.00    0.00    0.00    0.00    0.00    0.00   99.47
21:00:56     all    0.00    0.00    0.44    0.00    0.00    0.00    0.00    0.00    0.00   99.56
21:00:57     all    0.00    0.00    0.56    0.00    0.00    0.00    0.00    0.00    0.00   99.44
21:00:58     all    0.00    0.00    0.56    0.00    0.00    0.00    0.00    0.00    0.00   99.44
21:00:59     all    0.00    0.00    0.56    0.00    0.00    0.03    0.00    0.00    0.00   99.41
21:01:00     all    0.44    0.00    0.75    0.00    0.00    0.22    0.00    0.00    0.00   98.60
21:01:01     all    0.00    0.00    0.56    0.00    0.00    0.00    0.00    0.00    0.00   99.44
21:01:02     all    0.00    0.00    0.53    0.00    0.00    0.00    0.00    0.00    0.00   99.47
21:01:03     all    0.00    0.00    0.63    0.00    0.00    0.00    0.00    0.00    0.00   99.37
21:01:04     all    0.00    0.00    0.50    0.00    0.00    0.00    0.00    0.00    0.00   99.50
21:01:05     all    0.00    0.00    0.66    0.00    0.00    0.00    0.00    0.00    0.00   99.34
21:01:06     all    0.03    0.00    0.50    0.00    0.00    0.00    0.00    0.00    0.00   99.47
21:01:07     all    0.00    0.00    0.72    0.00    0.00    0.00    0.00    0.00    0.00   99.28
21:01:08     all    0.00    0.00    0.56    0.00    0.00    0.00    0.00    0.00    0.00   99.44
21:01:09     all    0.00    0.00    0.53    0.00    0.00    0.00    0.00    0.00    0.00   99.47
21:01:10     all    0.09    0.00    0.53    0.00    0.00    0.06    0.00    0.00    0.00   99.31
21:01:11     all    0.00    0.00    0.50    0.00    0.00    0.00    0.00    0.00    0.00   99.50
21:01:12     all    0.00    0.00    0.56    0.00    0.00    0.00    0.00    0.00    0.00   99.44
21:01:13     all    0.00    0.00    0.59    0.00    0.00    0.00    0.00    0.00    0.00   99.41
21:01:14     all    0.00    0.00    0.44    0.00    0.00    0.00    0.00    0.00    0.00   99.56
21:01:15     all    0.00    0.00    0.59    0.00    0.00    0.00    0.00    0.00    0.00   99.41
21:01:16     all    0.13    0.00    0.59    0.00    0.00    0.00    0.00    0.00    0.00   99.28
21:01:17     all    0.00    0.00    0.63    0.00    0.00    0.03    0.00    0.00    0.00   99.34
21:01:18     all    0.00    0.00    0.66    0.00    0.00    0.00    0.00    0.00    0.00   99.34
21:01:19     all    0.00    0.00    0.47    0.00    0.00    0.00    0.00    0.00    0.00   99.53
21:01:20     all    0.06    0.00    0.69    0.00    0.00    0.06    0.00    0.00    0.00   99.19
21:01:21     all    0.00    0.00    0.47    0.00    0.00    0.00    0.00    0.00    0.00   99.53
21:01:22     all    0.03    0.00    0.66    0.00    0.00    0.00    0.00    0.00    0.00   99.31
21:01:23     all    0.00    0.00    0.56    0.00    0.00    0.00    0.00    0.00    0.00   99.44
21:01:24     all    0.03    0.00    0.41    0.00    0.00    0.00    0.00    0.00    0.00   99.56
21:01:25     all    0.00    0.00    0.00    0.00    0.00    0.00    0.00    0.00    0.00  100.00
21:01:26     all    0.00    0.00    0.03    0.00    0.00    0.00    0.00    0.00    0.00   99.97
21:01:27     all    0.00    0.00    0.00    0.00    0.00    0.00    0.00    0.00    0.00  100.00
21:01:28     all    0.00    0.00    1.63    0.00    0.00    0.88    0.00    0.00    0.00   97.49
21:01:29     all    0.00    0.00    5.12    0.00    0.00    3.68    0.00    0.00    0.00   91.21
21:01:30     all    0.09    0.13    2.62    0.00    0.00    1.07    0.00    0.00    0.00   96.08
21:01:31     all    0.00    0.00    3.09    0.00    0.00    2.01    0.00    0.00    0.00   94.90
21:01:32     all    0.03    0.00    3.70    0.00    0.00    2.26    0.00    0.00    0.00   94.01
21:01:33     all    0.00    0.00    3.12    0.00    0.00    1.97    0.00    0.00    0.00   94.91
21:01:34     all    0.00    0.03    3.60    0.00    0.00    2.17    0.00    0.00    0.00   94.20
21:01:35     all    0.00    0.00    3.15    0.00    0.00    2.04    0.00    0.00    0.00   94.81
21:01:36     all    0.00    0.00    3.50    0.00    0.00    2.42    0.00    0.00    0.00   94.08
21:01:37     all    0.00    0.00    3.26    0.00    0.00    2.11    0.00    0.00    0.00   94.63
21:01:38     all    0.00    0.00    3.31    0.00    0.00    2.07    0.00    0.00    0.00   94.62
21:01:39     all    0.00    0.03    3.57    0.00    0.00    2.26    0.00    0.00    0.00   94.14
21:01:40     all    0.06    0.00    3.18    0.00    0.00    2.23    0.00    0.00    0.00   94.53
21:01:41     all    0.00    0.00    3.60    0.00    0.00    1.75    0.00    0.00    0.00   94.65
21:01:42     all    0.00    0.00    3.79    0.00    0.00    2.04    0.00    0.00    0.00   94.17
21:01:43     all    0.00    0.03    3.31    0.00    0.00    2.04    0.00    0.00    0.00   94.62
21:01:44     all    0.00    0.00    3.53    0.00    0.00    2.23    0.00    0.00    0.00   94.24
21:01:45     all    0.00    0.00    3.47    0.00    0.00    2.20    0.00    0.00    0.00   94.33
21:01:46     all    0.03    0.00    3.49    0.00    0.00    1.97    0.00    0.00    0.00   94.50
21:01:47     all    0.00    0.03    3.29    0.00    0.00    2.11    0.00    0.00    0.00   94.57
21:01:48     all    0.00    0.00    3.25    0.00    0.00    2.01    0.00    0.00    0.00   94.75
21:01:49     all    0.00    0.00    3.41    0.00    0.00    2.39    0.00    0.00    0.00   94.19
21:01:50     all    0.10    0.00    3.58    0.00    0.00    2.22    0.00    0.00    0.00   94.10
21:01:51     all    0.00    0.00    3.49    0.00    0.00    1.98    0.00    0.00    0.00   94.53
21:01:52     all    0.03    0.03    3.13    0.00    0.00    1.89    0.00    0.00    0.00   94.92
21:01:53     all    0.00    0.03    2.56    0.00    0.00    1.55    0.00    0.00    0.00   95.87
21:01:54     all    0.00    0.00    0.00    0.00    0.00    0.00    0.00    0.00    0.00  100.00
21:01:55     all    0.00    0.00    0.03    0.00    0.00    0.00    0.00    0.00    0.00   99.97
21:01:56     all    0.00    0.00    0.00    0.00    0.00    0.00    0.00    0.00    0.00  100.00
21:01:57     all    0.00    0.00    0.03    0.00    0.00    0.00    0.00    0.00    0.00   99.97
21:01:58     all    0.00    0.00    0.00    0.00    0.00    0.00    0.00    0.00    0.00  100.00
21:01:59     all    0.00    0.00    0.03    0.00    0.00    0.00    0.00    0.00    0.00   99.97
21:02:00     all    0.34    0.00    0.16    0.00    0.00    0.16    0.00    0.00    0.00   99.34
21:02:01     all    0.00    0.00    0.00    0.00    0.00    0.00    0.00    0.00    0.00  100.00
21:02:02     all    0.03    0.00    0.03    0.00    0.00    0.00    0.00    0.00    0.00   99.94
21:02:03     all    0.00    0.00    0.00    0.00    0.00    0.00    0.00    0.00    0.00  100.00
21:02:04     all    0.00    0.00    0.03    0.00    0.00    0.00    0.00    0.00    0.00   99.97
21:02:05     all    0.44    0.00    0.03    0.00    0.00    0.00    0.00    0.00    0.00   99.53
21:02:06     all    0.00    0.00    0.00    0.00    0.00    0.00    0.00    0.00    0.00  100.00
21:02:07     all    0.00    0.00    0.00    0.00    0.00    0.00    0.00    0.00    0.00  100.00
21:02:08     all    0.00    0.00    0.00    0.00    0.00    0.00    0.00    0.00    0.00  100.00
21:02:09     all    0.00    0.00    0.00    0.00    0.00    0.00    0.00    0.00    0.00  100.00
21:02:10     all    0.09    0.00    0.06    0.00    0.00    0.03    0.00    0.00    0.00   99.81
21:02:11     all    0.00    0.00    0.00    0.00    0.00    0.00    0.00    0.00    0.00  100.00
21:02:12     all    0.00    0.00    0.06    0.00    0.00    0.00    0.00    0.00    0.00   99.94
21:02:13     all    0.00    0.00    0.00    0.00    0.00    0.00    0.00    0.00    0.00  100.00
21:02:14     all    0.03    0.00    0.00    0.00    0.00    0.00    0.00    0.00    0.00   99.97
21:02:15     all    0.00    0.00    0.03    0.00    0.00    0.00    0.00    0.00    0.00   99.97
21:02:16     all    0.00    0.00    0.03    0.00    0.00    0.00    0.00    0.00    0.00   99.97
21:02:17     all    0.00    0.00    0.00    0.00    0.00    0.00    0.00    0.00    0.00  100.00
21:02:18     all    0.00    0.00    0.03    0.00    0.00    0.00    0.00    0.00    0.00   99.97
21:02:19     all    0.00    0.00    0.03    0.00    0.00    0.00    0.00    0.00    0.00   99.97
21:02:20     all    0.09    0.00    0.03    0.00    0.00    0.06    0.00    0.00    0.00   99.81
21:02:21     all    0.00    0.00    0.03    0.00    0.00    0.00    0.00    0.00    0.00   99.97
21:02:22     all    0.00    0.00    0.06    0.00    0.00    0.00    0.00    0.00    0.00   99.94
21:02:23     all    0.00    0.00    0.00    0.00    0.00    0.00    0.00    0.00    0.00  100.00
21:02:24     all    0.00    0.00    0.03    0.00    0.00    0.00    0.00    0.00    0.00   99.97
21:02:25     all    0.00    0.00    0.03    0.00    0.00    0.00    0.00    0.00    0.00   99.97
21:02:26     all    0.03    0.00    0.00    0.00    0.00    0.00    0.00    0.00    0.00   99.97
21:02:27     all    0.00    0.00    0.00    0.00    0.00    0.00    0.00    0.00    0.00  100.00
21:02:28     all    0.00    0.00    0.00    0.00    0.00    0.00    0.00    0.00    0.00  100.00
21:02:29     all    0.00    0.00    0.00    0.00    0.00    0.00    0.00    0.00    0.00  100.00
21:02:30     all    0.06    0.00    0.12    0.00    0.00    0.06    0.00    0.00    0.00   99.75
21:02:31     all    0.00    0.00    0.00    0.00    0.00    0.00    0.00    0.00    0.00  100.00
21:02:32     all    0.03    0.00    0.00    0.00    0.00    0.00    0.00    0.00    0.00   99.97
21:02:33     all    0.00    0.00    0.03    0.00    0.00    0.00    0.00    0.00    0.00   99.97
21:02:34     all    0.00    0.00    0.00    0.00    0.00    0.00    0.00    0.00    0.00  100.00
21:02:35     all    0.03    0.00    0.00    0.00    0.00    0.00    0.00    0.00    0.00   99.97
21:02:36     all    0.00    0.00    0.00    0.00    0.00    0.00    0.00    0.00    0.00  100.00
21:02:37     all    0.00    0.00    0.00    0.00    0.00    0.00    0.00    0.00    0.00  100.00
21:02:38     all    0.00    0.00    0.00    0.00    0.00    0.00    0.00    0.00    0.00  100.00
21:02:39     all    0.00    0.00    0.03    0.00    0.00    0.00    0.00    0.00    0.00   99.97
21:02:40     all    0.06    0.00    0.06    0.00    0.00    0.03    0.00    0.00    0.00   99.84
21:02:41     all    0.03    0.00    0.00    0.00    0.00    0.00    0.00    0.00    0.00   99.97
21:02:42     all    0.00    0.00    0.00    0.00    0.00    0.03    0.00    0.00    0.00   99.97
21:02:43     all    0.00    0.00    0.00    0.00    0.00    0.00    0.00    0.00    0.00  100.00
21:02:44     all    0.00    0.00    0.03    0.00    0.00    0.00    0.00    0.00    0.00   99.97
21:02:45     all    0.00    0.00    0.00    0.00    0.00    0.00    0.00    0.00    0.00  100.00
21:02:46     all    0.00    0.00    0.00    0.00    0.00    0.00    0.00    0.00    0.00  100.00
21:02:47     all    0.00    0.00    0.03    0.00    0.00    0.00    0.00    0.00    0.00   99.97
21:02:48     all    0.00    0.00    0.00    0.00    0.00    0.00    0.00    0.00    0.00  100.00
21:02:49     all    0.00    0.00    0.00    0.00    0.00    0.00    0.00    0.00    0.00  100.00
21:02:50     all    0.06    0.00    0.06    0.00    0.00    0.06    0.00    0.00    0.00   99.81
21:02:51     all    0.00    0.00    0.00    0.00    0.00    0.00    0.00    0.00    0.00  100.00
21:02:52     all    0.03    0.00    0.03    0.00    0.00    0.00    0.00    0.00    0.00   99.94
21:02:53     all    0.00    0.00    0.00    0.00    0.00    0.00    0.00    0.00    0.00  100.00
21:02:54     all    0.00    0.00    0.00    0.00    0.00    0.00    0.00    0.00    0.00  100.00
21:02:55     all    0.00    0.00    0.00    0.00    0.00    0.00    0.00    0.00    0.00  100.00
21:02:56     all    0.00    0.00    0.00    0.00    0.00    0.00    0.00    0.00    0.00  100.00
21:02:57     all    0.00    0.00    0.00    0.00    0.00    0.00    0.00    0.00    0.00  100.00
21:02:58     all    0.03    0.00    0.00    0.00    0.00    0.00    0.00    0.00    0.00   99.97
21:02:59     all    0.00    0.00    0.03    0.00    0.00    0.00    0.00    0.00    0.00   99.97
21:03:00     all    0.31    0.00    0.12    0.00    0.00    0.09    0.00    0.00    0.00   99.47
21:03:01     all    0.00    0.00    0.03    0.00    0.00    0.00    0.00    0.00    0.00   99.97
21:03:02     all    0.03    0.00    0.03    0.00    0.00    0.00    0.00    0.00    0.00   99.94
21:03:03     all    0.00    0.00    0.00    0.00    0.00    0.00    0.00    0.00    0.00  100.00
21:03:04     all    0.00    0.00    0.03    0.00    0.00    0.00    0.00    0.00    0.00   99.97
21:03:05     all    0.00    0.00    0.00    0.00    0.00    0.00    0.00    0.00    0.00  100.00
21:03:06     all    0.00    0.00    0.03    0.00    0.00    0.00    0.00    0.00    0.00   99.97
21:03:07     all    0.00    0.00    0.00    0.00    0.00    0.00    0.00    0.00    0.00  100.00
21:03:08     all    0.00    0.00    0.00    0.00    0.00    0.00    0.00    0.00    0.00  100.00
21:03:09     all    0.00    0.00    0.03    0.00    0.00    0.00    0.00    0.00    0.00   99.97
21:03:10     all    0.09    0.00    0.03    0.00    0.00    0.00    0.00    0.00    0.00   99.87
21:03:11     all    0.00    0.00    0.00    0.00    0.00    0.00    0.00    0.00    0.00  100.00
21:03:12     all    0.00    0.00    0.03    0.00    0.00    0.00    0.00    0.00    0.00   99.97
21:03:13     all    0.00    0.00    0.00    0.00    0.00    0.00    0.00    0.00    0.00  100.00
21:03:14     all    0.00    0.00    0.03    0.00    0.00    0.00    0.00    0.00    0.00   99.97
21:03:15     all    0.00    0.00    0.00    0.00    0.00    0.00    0.00    0.00    0.00  100.00
21:03:16     all    0.19    0.00    0.00    0.00    0.00    0.00    0.00    0.00    0.00   99.81
21:03:17     all    0.00    0.00    0.00    0.00    0.00    0.00    0.00    0.00    0.00  100.00
21:03:18     all    0.00    0.00    0.00    0.00    0.00    0.00    0.00    0.00    0.00  100.00
21:03:19     all    0.00    0.00    0.00    0.00    0.00    0.00    0.00    0.00    0.00  100.00
21:03:20     all    0.06    0.00    0.09    0.00    0.00    0.06    0.00    0.00    0.00   99.78
21:03:21     all    0.00    0.00    0.00    0.00    0.00    0.00    0.00    0.00    0.00  100.00
21:03:22     all    0.03    0.00    0.00    0.00    0.00    0.00    0.00    0.00    0.00   99.97
21:03:23     all    0.00    0.00    0.00    0.00    0.00    0.00    0.00    0.00    0.00  100.00
21:03:24     all    0.03    0.00    0.00    0.00    0.00    0.00    0.00    0.00    0.00   99.97
21:03:25     all    0.00    0.00    0.03    0.00    0.00    0.00    0.00    0.00    0.00   99.97
21:03:26     all    0.00    0.00    0.00    0.00    0.00    0.00    0.00    0.00    0.00  100.00
21:03:27     all    0.00    0.00    0.00    0.00    0.00    0.00    0.00    0.00    0.00  100.00
21:03:28     all    0.00    0.00    0.00    0.00    0.00    0.00    0.00    0.00    0.00  100.00
21:03:29     all    0.00    0.00    0.00    0.00    0.00    0.00    0.00    0.00    0.00  100.00
21:03:30     all    0.06    0.00    0.09    0.00    0.00    0.03    0.00    0.00    0.00   99.81
21:03:31     all    0.00    0.00    0.00    0.00    0.00    0.00    0.00    0.00    0.00  100.00
21:03:32     all    0.00    0.00    0.03    0.00    0.00    0.00    0.00    0.00    0.00   99.97
21:03:33     all    0.00    0.00    0.00    0.00    0.00    0.00    0.00    0.00    0.00  100.00
21:03:34     all    0.00    0.00    0.00    0.00    0.00    0.00    0.00    0.00    0.00  100.00
21:03:35     all    0.03    0.00    0.00    0.00    0.00    0.00    0.00    0.00    0.00   99.97
21:03:36     all    0.00    0.00    0.00    0.00    0.00    0.00    0.00    0.00    0.00  100.00
21:03:37     all    0.00    0.00    3.69    0.00    0.00    2.43    0.00    0.00    0.00   93.88
21:03:38     all    0.00    0.93    6.30    0.00    0.00    4.15    0.00    0.00    0.00   88.62
21:03:39     all    0.00    4.12    5.85    0.00    0.00    4.15    0.00    0.00    0.00   85.88
21:03:40     all    0.10    3.40    6.39    0.00    0.00    3.85    0.00    0.00    0.00   86.26
21:03:41     all    0.00    3.44    5.50    0.00    0.00    3.96    0.00    0.00    0.00   87.10
21:03:42     all    0.00    3.34    4.72    0.00    0.00    3.11    0.00    0.00    0.00   88.84
21:03:43     all    0.00    1.16    5.27    0.00    0.00    4.17    0.00    0.00    0.00   89.40
21:03:44     all    0.00    1.54    5.47    0.00    0.00    3.54    0.00    0.00    0.00   89.45
21:03:45     all    0.00    2.69    5.86    0.00    0.00    3.87    0.00    0.00    0.00   87.58
21:03:46     all    0.00    3.57    5.37    0.00    0.00    3.79    0.00    0.00    0.00   87.28
21:03:47     all    0.00    4.39    5.58    0.00    0.00    4.04    0.00    0.00    0.00   85.99
21:03:48     all    0.00    3.22    6.10    0.00    0.00    4.25    0.00    0.00    0.00   86.43
21:03:49     all    0.00    3.60    6.12    0.00    0.00    3.73    0.00    0.00    0.00   86.55
21:03:50     all    0.13    4.65    5.23    0.00    0.00    3.65    0.00    0.00    0.00   86.34
21:03:51     all    0.00    2.81    5.45    0.00    0.00    3.94    0.00    0.00    0.00   87.80
21:03:52     all    0.03    2.63    3.46    0.00    0.00    2.05    0.00    0.00    0.00   91.83
21:03:53     all    0.00    4.26    5.22    0.00    0.00    3.45    0.00    0.00    0.00   87.07
21:03:54     all    0.00    3.69    5.33    0.00    0.00    4.43    0.00    0.00    0.00   86.55
21:03:55     all    0.00    3.41    5.50    0.00    0.00    3.67    0.00    0.00    0.00   87.42
21:03:56     all    0.00    4.55    4.91    0.00    0.00    3.78    0.00    0.00    0.00   86.77
21:03:57     all    0.00    3.36    5.94    0.00    0.00    3.26    0.00    0.00    0.00   87.44
21:03:58     all    0.00    3.22    6.22    0.00    0.00    3.73    0.00    0.00    0.00   86.82
21:03:59     all    0.00    4.33    3.73    0.00    0.00    2.39    0.00    0.00    0.00   89.55
21:04:00     all    0.34    2.10    1.44    0.00    0.00    0.94    0.00    0.00    0.00   95.18
21:04:01     all    0.00    1.83    0.98    0.00    0.00    0.44    0.00    0.00    0.00   96.75
21:04:02     all    0.00    1.40    1.65    0.00    0.00    0.92    0.00    0.00    0.00   96.03
21:04:03     all    0.00    0.03    2.35    0.00    0.00    1.40    0.00    0.00    0.00   96.22
21:04:04     all    0.00    1.51    2.20    0.00    0.00    1.10    0.00    0.00    0.00   95.19
21:04:05     all    0.00    0.03    2.16    0.00    0.00    1.02    0.00    0.00    0.00   96.79
21:04:06     all    0.00    0.00    2.23    0.00    0.00    1.21    0.00    0.00    0.00   96.56
21:04:07     all    0.51    0.03    2.11    0.00    0.00    1.24    0.00    0.00    0.00   96.11
21:04:08     all    0.00    0.00    2.79    0.00    0.00    1.40    0.00    0.00    0.00   95.81
21:04:09     all    0.00    0.00    2.29    0.00    0.00    1.46    0.00    0.00    0.00   96.24
21:04:10     all    0.13    0.03    2.51    0.03    0.00    1.18    0.00    0.00    0.00   96.12
21:04:11     all    0.00    0.00    2.16    0.00    0.00    1.18    0.00    0.00    0.00   96.66
21:04:12     all    0.00    0.03    2.48    0.00    0.00    1.52    0.00    0.00    0.00   95.97
21:04:13     all    0.00    0.00    2.48    0.00    0.00    1.62    0.00    0.00    0.00   95.89
21:04:14     all    0.00    0.00    2.65    0.00    0.00    1.50    0.00    0.00    0.00   95.86
21:04:15     all    0.00    0.03    2.60    0.00    0.00    1.75    0.00    0.00    0.00   95.62
21:04:16     all    0.00    1.44    2.45    0.00    0.00    1.13    0.00    0.00    0.00   94.98
21:04:17     all    0.00    0.00    2.73    0.00    0.00    1.56    0.00    0.00    0.00   95.71
21:04:18     all    0.00    0.00    2.79    0.00    0.00    1.62    0.00    0.00    0.00   95.59
21:04:19     all    0.00    0.03    2.16    0.00    0.00    1.37    0.00    0.00    0.00   96.44
21:04:20     all    0.06    0.00    2.80    0.00    0.00    1.75    0.00    0.00    0.00   95.39
21:04:21     all    0.00    0.00    2.60    0.00    0.00    1.68    0.00    0.00    0.00   95.71
21:04:22     all    0.06    0.03    2.25    0.00    0.00    1.36    0.00    0.00    0.00   96.29
21:04:23     all    0.00    0.03    2.77    0.00    0.00    1.78    0.00    0.00    0.00   95.42
21:04:24     all    0.00    0.00    2.55    0.00    0.00    1.82    0.00    0.00    0.00   95.64
21:04:25     all    0.00    0.00    2.30    0.00    0.00    1.47    0.00    0.00    0.00   96.23
21:04:26     all    0.00    0.00    2.67    0.00    0.00    1.50    0.00    0.00    0.00   95.83
21:04:27     all    0.00    0.03    2.71    0.00    0.00    1.31    0.00    0.00    0.00   95.96
21:04:28     all    0.00    0.00    2.89    0.00    0.00    1.75    0.00    0.00    0.00   95.36
21:04:29     all    0.00    0.00    3.28    0.00    0.00    1.66    0.00    0.00    0.00   95.06
21:04:30     all    0.06    0.03    2.36    0.00    0.00    1.56    0.00    0.00    0.00   95.99
21:04:31     all    0.03    0.00    3.17    0.00    0.00    2.06    0.00    0.00    0.00   94.73
21:04:32     all    0.03    0.03    3.11    0.00    0.00    2.19    0.00    0.00    0.00   94.63
21:04:33     all    0.00    0.00    2.86    0.00    0.00    1.87    0.00    0.00    0.00   95.27
21:04:34     all    0.00    0.03    2.69    0.00    0.00    1.77    0.00    0.00    0.00   95.51
21:04:35     all    0.00    0.00    3.23    0.00    0.00    2.31    0.00    0.00    0.00   94.45
21:04:36     all    0.00    0.00    2.99    0.00    0.00    2.10    0.00    0.00    0.00   94.90
21:04:37     all    0.00    0.00    2.84    0.00    0.00    1.92    0.00    0.00    0.00   95.24
21:04:38     all    0.00    0.03    2.54    0.00    0.00    1.56    0.00    0.00    0.00   95.87
21:04:39     all    0.00    0.00    2.25    0.00    0.00    1.40    0.00    0.00    0.00   96.35
21:04:40     all    0.06    0.00    0.09    0.00    0.00    0.06    0.00    0.00    0.00   99.78
21:04:41     all    0.00    0.00    0.00    0.00    0.00    0.00    0.00    0.00    0.00  100.00
21:04:42     all    0.03    0.00    0.03    0.00    0.00    0.00    0.00    0.00    0.00   99.94
21:04:43     all    0.00    0.00    0.00    0.00    0.00    0.00    0.00    0.00    0.00  100.00
21:04:44     all    0.00    0.00    0.00    0.00    0.00    0.00    0.00    0.00    0.00  100.00
21:04:45     all    0.03    0.00    0.00    0.00    0.00    0.00    0.00    0.00    0.00   99.97
21:04:46     all    0.00    0.00    0.03    0.00    0.00    0.00    0.00    0.00    0.00   99.97
21:04:47     all    0.00    0.00    0.00    0.00    0.00    0.00    0.00    0.00    0.00  100.00
21:04:48     all    0.00    0.00    0.03    0.00    0.00    0.00    0.00    0.00    0.00   99.97
21:04:49     all    0.00    0.00    0.00    0.00    0.00    0.00    0.00    0.00    0.00  100.00
21:04:50     all    0.09    0.00    0.06    0.00    0.00    0.06    0.00    0.00    0.00   99.78
21:04:51     all    0.00    0.00    0.03    0.00    0.00    0.00    0.00    0.00    0.00   99.97
21:04:52     all    0.03    0.00    0.03    0.00    0.00    0.00    0.00    0.00    0.00   99.94
21:04:53     all    0.00    0.00    0.00    0.00    0.00    0.00    0.00    0.00    0.00  100.00
21:04:54     all    0.00    0.00    0.03    0.00    0.00    0.00    0.00    0.00    0.00   99.97
21:04:55     all    0.00    0.00    0.00    0.00    0.00    0.00    0.00    0.00    0.00  100.00
21:04:56     all    0.00    0.00    0.00    0.00    0.00    0.00    0.00    0.00    0.00  100.00
21:04:57     all    0.00    0.00    0.00    0.00    0.00    0.00    0.00    0.00    0.00  100.00
21:04:58     all    0.00    0.00    0.00    0.00    0.00    0.00    0.00    0.00    0.00  100.00
21:04:59     all    0.00    0.00    0.00    0.00    0.00    0.00    0.00    0.00    0.00  100.00
21:05:00     all    0.31    0.00    0.16    0.00    0.00    0.25    0.00    0.00    0.00   99.28
21:05:01     all    0.00    0.00    0.00    0.00    0.00    0.00    0.00    0.00    0.00  100.00
21:05:02     all    0.06    0.00    0.00    0.00    0.00    0.00    0.00    0.00    0.00   99.94
21:05:03     all    0.00    0.00    0.00    0.00    0.00    0.00    0.00    0.00    0.00  100.00
21:05:04     all    0.00    0.00    0.00    0.00    0.00    0.00    0.00    0.00    0.00  100.00
21:05:05     all    0.00    0.00    0.00    0.00    0.00    0.00    0.00    0.00    0.00  100.00
21:05:06     all    0.00    0.00    0.00    0.00    0.00    0.00    0.00    0.00    0.00  100.00
21:05:07     all    0.00    0.00    0.00    0.00    0.00    0.00    0.00    0.00    0.00  100.00
21:05:08     all    0.00    0.03    0.00    0.00    0.00    0.00    0.00    0.00    0.00   99.97
21:05:09     all    0.00    0.00    0.00    0.00    0.00    0.00    0.00    0.00    0.00  100.00
21:05:10     all    0.09    0.00    0.06    0.00    0.00    0.06    0.00    0.00    0.00   99.78
21:05:11     all    0.00    0.00    0.00    0.00    0.00    0.00    0.00    0.00    0.00  100.00
21:05:12     all    0.06    0.00    0.00    0.00    0.00    0.00    0.00    0.00    0.00   99.94
21:05:13     all    0.00    0.00    0.00    0.00    0.00    0.00    0.00    0.00    0.00  100.00
21:05:14     all    0.00    0.00    0.00    0.00    0.00    0.00    0.00    0.00    0.00  100.00
21:05:15     all    0.00    0.00    0.00    0.00    0.00    0.00    0.00    0.00    0.00  100.00
21:05:16     all    0.19    0.00    0.00    0.00    0.00    0.00    0.00    0.00    0.00   99.81
21:05:17     all    0.00    0.00    0.03    0.00    0.00    0.00    0.00    0.00    0.00   99.97
21:05:18     all    0.00    0.00    0.00    0.00    0.00    0.00    0.00    0.00    0.00  100.00
21:05:19     all    0.00    0.00    0.00    0.00    0.00    0.00    0.00    0.00    0.00  100.00
21:05:20     all    0.06    0.00    0.03    0.00    0.00    0.00    0.00    0.00    0.00   99.91
21:05:21     all    0.00    0.00    0.03    0.00    0.00    0.00    0.00    0.00    0.00   99.97
21:05:22     all    0.00    0.00    0.03    0.00    0.00    0.00    0.00    0.00    0.00   99.97
21:05:23     all    0.00    0.00    0.00    0.00    0.00    0.00    0.00    0.00    0.00  100.00
21:05:24     all    0.00    0.00    0.00    0.00    0.00    0.00    0.00    0.00    0.00  100.00
21:05:25     all    0.03    0.00    0.00    0.00    0.00    0.00    0.00    0.00    0.00   99.97
21:05:26     all    0.00    0.00    0.00    0.00    0.00    0.00    0.00    0.00    0.00  100.00
21:05:27     all    0.00    0.00    0.00    0.00    0.00    0.00    0.00    0.00    0.00  100.00
21:05:28     all    0.00    0.00    0.03    0.00    0.00    0.00    0.00    0.00    0.00   99.97
21:05:29     all    0.00    0.00    0.00    0.00    0.00    0.00    0.00    0.00    0.00  100.00
21:05:30     all    0.09    0.00    0.06    0.00    0.00    0.00    0.00    0.00    0.00   99.84
21:05:31     all    0.00    0.00    0.00    0.00    0.00    0.00    0.00    0.00    0.00  100.00
21:05:32     all    0.03    0.00    0.03    0.00    0.00    0.00    0.00    0.00    0.00   99.94
21:05:33     all    0.00    0.00    0.03    0.00    0.00    0.00    0.00    0.00    0.00   99.97
21:05:34     all    0.00    0.00    0.00    0.00    0.00    0.00    0.00    0.00    0.00  100.00
21:05:35     all    0.00    0.00    0.03    0.00    0.00    0.00    0.00    0.00    0.00   99.97
21:05:36     all    0.00    0.00    0.00    0.00    0.00    0.00    0.00    0.00    0.00  100.00
21:05:37     all    0.00    0.00    0.00    0.00    0.00    0.00    0.00    0.00    0.00  100.00
21:05:38     all    0.00    0.00    0.03    0.00    0.00    0.00    0.00    0.00    0.00   99.97
21:05:39     all    0.00    0.00    0.03    0.00    0.00    0.00    0.00    0.00    0.00   99.97
21:05:40     all    0.09    0.00    0.03    0.00    0.00    0.00    0.00    0.00    0.00   99.87
21:05:41     all    0.00    0.00    0.00    0.00    0.00    0.00    0.00    0.00    0.00  100.00
21:05:42     all    0.03    0.00    0.03    0.00    0.00    0.00    0.00    0.00    0.00   99.94
21:05:43     all    0.00    0.00    0.00    0.00    0.00    0.00    0.00    0.00    0.00  100.00
21:05:44     all    0.00    0.00    0.00    0.00    0.00    0.00    0.00    0.00    0.00  100.00
21:05:45     all    0.00    0.00    0.00    0.00    0.00    0.00    0.00    0.00    0.00  100.00
21:05:46     all    0.00    0.00    0.00    0.00    0.00    0.00    0.00    0.00    0.00  100.00
21:05:47     all    0.00    0.00    0.03    0.00    0.00    0.00    0.00    0.00    0.00   99.97
21:05:48     all    0.00    0.00    0.03    0.00    0.00    0.00    0.00    0.00    0.00   99.97
21:05:49     all    0.00    0.00    0.00    0.00    0.00    0.00    0.00    0.00    0.00  100.00
21:05:50     all    0.06    0.00    0.03    0.00    0.00    0.00    0.00    0.00    0.00   99.91
21:05:51     all    0.00    0.00    0.00    0.00    0.00    0.00    0.00    0.00    0.00  100.00
21:05:52     all    0.00    0.00    0.06    0.00    0.00    0.00    0.00    0.00    0.00   99.94
21:05:53     all    0.00    0.00    0.00    0.00    0.00    0.00    0.00    0.00    0.00  100.00
21:05:54     all    0.00    0.00    0.03    0.00    0.00    0.00    0.00    0.00    0.00   99.97
21:05:55     all    0.00    0.00    0.00    0.00    0.00    0.00    0.00    0.00    0.00  100.00
21:05:56     all    0.00    0.00    0.00    0.00    0.00    0.00    0.00    0.00    0.00  100.00
21:05:57     all    0.00    0.00    0.00    0.00    0.00    0.00    0.00    0.00    0.00  100.00
21:05:58     all    0.03    0.00    0.00    0.00    0.00    0.00    0.00    0.00    0.00   99.97
21:05:59     all    0.00    0.00    0.00    0.00    0.00    0.00    0.00    0.00    0.00  100.00
21:06:00     all    0.34    0.00    0.13    0.00    0.00    0.00    0.00    0.00    0.00   99.53
21:06:01     all    0.00    0.00    0.00    0.00    0.00    0.00    0.00    0.00    0.00  100.00
21:06:02     all    0.03    0.00    0.03    0.00    0.00    0.00    0.00    0.00    0.00   99.94
21:06:03     all    0.00    0.00    0.03    0.00    0.00    0.00    0.00    0.00    0.00   99.97
21:06:04     all    0.00    0.00    0.00    0.00    0.00    0.00    0.00    0.00    0.00  100.00
21:06:05     all    0.00    0.00    0.00    0.00    0.00    0.00    0.00    0.00    0.00  100.00
21:06:06     all    0.00    0.00    0.00    0.00    0.00    0.00    0.00    0.00    0.00  100.00
21:06:07     all    0.00    0.00    0.03    0.00    0.00    0.00    0.00    0.00    0.00   99.97
21:06:08     all    0.00    0.00    0.00    0.00    0.00    0.00    0.00    0.00    0.00  100.00
21:06:09     all    0.00    0.00    0.00    0.00    0.00    0.00    0.00    0.00    0.00  100.00
21:06:10     all    0.06    0.00    0.12    0.00    0.00    0.00    0.00    0.00    0.00   99.81
21:06:11     all    0.00    0.00    0.00    0.00    0.00    0.00    0.00    0.00    0.00  100.00
21:06:12     all    0.03    0.00    0.03    0.00    0.00    0.00    0.00    0.00    0.00   99.94
21:06:13     all    0.03    0.00    0.00    0.00    0.00    0.00    0.00    0.00    0.00   99.97
21:06:14     all    0.00    0.00    0.03    0.00    0.00    0.00    0.00    0.00    0.00   99.97
21:06:15     all    0.00    0.00    0.03    0.00    0.00    0.00    0.00    0.00    0.00   99.97
21:06:16     all    0.00    0.00    0.00    0.00    0.00    0.00    0.00    0.00    0.00  100.00
21:06:17     all    0.28    0.00    0.00    0.00    0.00    0.00    0.00    0.00    0.00   99.72
21:06:18     all    0.00    0.00    0.03    0.00    0.00    0.00    0.00    0.00    0.00   99.97
21:06:19     all    0.00    0.00    0.03    0.00    0.00    0.00    0.00    0.00    0.00   99.97
21:06:20     all    0.09    0.00    0.06    0.00    0.00    0.00    0.00    0.00    0.00   99.84
21:06:21     all    0.00    0.22    5.18    0.00    0.00    3.10    0.00    0.00    0.00   91.50
21:06:22     all    0.03    3.26    5.71    0.00    0.00    3.80    0.00    0.00    0.00   87.20
21:06:23     all    0.00    1.89    5.84    0.00    0.00    3.82    0.00    0.00    0.00   88.45
21:06:24     all    0.00    0.54    6.59    0.00    0.00    3.69    0.00    0.00    0.00   89.18
21:06:25     all    0.00    3.34    5.08    0.00    0.00    3.76    0.00    0.00    0.00   87.82
21:06:26     all    0.00    2.36    5.91    0.00    0.00    4.02    0.00    0.00    0.00   87.70
21:06:27     all    0.00    4.27    5.46    0.00    0.00    3.69    0.00    0.00    0.00   86.58
21:06:28     all    0.00    3.05    5.72    0.00    0.00    3.79    0.00    0.00    0.00   87.43
21:06:29     all    0.00    3.98    5.56    0.00    0.00    3.79    0.00    0.00    0.00   86.67
21:06:30     all    0.00    3.30    5.70    0.00    0.00    3.53    0.00    0.00    0.00   87.47
21:06:31     all    0.03    3.70    5.86    0.00    0.00    3.82    0.00    0.00    0.00   86.59
21:06:32     all    0.03    2.41    5.39    0.00    0.00    3.60    0.00    0.00    0.00   88.57
21:06:33     all    0.00    4.52    6.03    0.00    0.00    3.43    0.00    0.00    0.00   86.01
21:06:34     all    0.00    1.85    6.01    0.00    0.00    3.84    0.00    0.00    0.00   88.30
21:06:35     all    0.00    0.41    5.93    0.00    0.00    3.50    0.00    0.00    0.00   90.16
21:06:36     all    0.00    3.45    5.24    0.00    0.00    3.99    0.00    0.00    0.00   87.32
21:06:37     all    0.00    2.08    5.32    0.00    0.00    3.91    0.00    0.00    0.00   88.69
21:06:38     all    0.00    4.87    5.70    0.00    0.00    3.59    0.00    0.00    0.00   85.84
21:06:39     all    0.00    2.52    5.62    0.00    0.00    3.20    0.00    0.00    0.00   88.66
21:06:40     all    0.06    4.26    5.89    0.00    0.00    3.46    0.00    0.00    0.00   86.34
21:06:41     all    0.00    2.62    6.00    0.00    0.00    3.70    0.00    0.00    0.00   87.68
21:06:42     all    0.00    2.58    6.39    0.00    0.00    3.50    0.00    0.00    0.00   87.53
21:06:43     all    0.00    2.41    5.40    0.00    0.00    3.34    0.00    0.00    0.00   88.84
21:06:44     all    0.00    1.10    1.86    0.00    0.00    0.95    0.00    0.00    0.00   96.09
21:06:45     all    0.00    1.60    3.23    0.00    0.00    2.30    0.00    0.00    0.00   92.87
21:06:46     all    0.00    3.22    5.97    0.00    0.00    3.57    0.00    0.00    0.00   87.24
21:06:47     all    0.00    4.08    5.75    0.00    0.00    3.69    0.00    0.00    0.00   86.48
21:06:48     all    0.00    2.58    5.25    0.00    0.00    3.58    0.00    0.00    0.00   88.59
21:06:49     all    0.00    2.20    5.17    0.00    0.00    2.88    0.00    0.00    0.00   89.75
21:06:50     all    0.10    3.64    5.44    0.00    0.00    3.80    0.00    0.00    0.00   87.02
21:06:51     all    0.00    3.50    6.14    0.00    0.00    3.78    0.00    0.00    0.00   86.58
21:06:52     all    0.00    4.05    6.05    0.00    0.00    3.38    0.00    0.00    0.00   86.52
21:06:53     all    0.00    3.23    5.98    0.00    0.00    3.49    0.00    0.00    0.00   87.30
21:06:54     all    0.03    0.42    5.30    0.00    0.00    3.28    0.00    0.00    0.00   90.97
21:06:55     all    0.00    3.99    5.34    0.00    0.00    3.15    0.00    0.00    0.00   87.52
21:06:56     all    0.00    2.99    6.43    0.00    0.00    3.72    0.00    0.00    0.00   86.86
21:06:57     all    0.00    5.18    5.02    0.00    0.00    3.77    0.00    0.00    0.00   86.03
21:06:58     all    0.00    2.68    5.17    0.00    0.00    3.69    0.00    0.00    0.00   88.45
21:06:59     all    0.00    1.75    6.15    0.00    0.00    3.41    0.00    0.00    0.00   88.68
21:07:00     all    0.35    0.51    5.52    0.00    0.00    3.64    0.00    0.00    0.00   89.97
21:07:01     all    0.00    4.34    5.64    0.00    0.00    3.79    0.00    0.00    0.00   86.23
21:07:02     all    0.00    3.20    6.40    0.00    0.00    3.99    0.00    0.00    0.00   86.40
21:07:03     all    0.00    3.87    5.47    0.00    0.00    3.52    0.00    0.00    0.00   87.14
21:07:04     all    0.00    4.14    6.38    0.00    0.00    3.60    0.00    0.00    0.00   85.88
21:07:05     all    0.00    3.22    5.57    0.00    0.00    3.25    0.00    0.00    0.00   87.96
21:07:06     all    0.00    4.55    5.77    0.00    0.00    3.84    0.00    0.00    0.00   85.84
21:07:07     all    0.03    3.13    5.82    0.00    0.00    3.61    0.00    0.00    0.00   87.40
21:07:08     all    0.00    0.83    5.23    0.00    0.00    3.37    0.00    0.00    0.00   90.57
21:07:09     all    0.00    4.04    5.23    0.00    0.00    3.21    0.00    0.00    0.00   87.53
21:07:10     all    0.06    2.29    6.27    0.00    0.00    3.76    0.00    0.00    0.00   87.62
21:07:11     all    0.00    2.33    5.90    0.00    0.00    3.44    0.00    0.00    0.00   88.34
21:07:12     all    0.06    5.87    5.42    0.00    0.00    3.53    0.00    0.00    0.00   85.12
21:07:13     all    0.00    2.23    5.93    0.00    0.00    4.14    0.00    0.00    0.00   87.70
21:07:14     all    0.00    3.17    5.54    0.00    0.00    3.52    0.00    0.00    0.00   87.77
21:07:15     all    0.00    4.80    5.47    0.00    0.00    3.81    0.00    0.00    0.00   85.93
21:07:16     all    0.00    2.94    5.57    0.00    0.00    4.16    0.00    0.00    0.00   87.32
21:07:17     all    0.00    2.99    5.27    0.00    0.00    3.24    0.00    0.00    0.00   88.50
21:07:18     all    0.00    3.70    5.08    0.00    0.00    3.07    0.00    0.00    0.00   88.15
21:07:19     all    0.00    2.94    4.51    0.00    0.00    3.04    0.00    0.00    0.00   89.50
21:07:20     all    0.06    0.99    4.01    0.00    0.00    2.42    0.00    0.00    0.00   92.53
21:07:21     all    0.00    0.03    1.80    0.00    0.00    0.92    0.00    0.00    0.00   97.25
21:07:22     all    0.03    0.00    2.15    0.00    0.00    1.01    0.00    0.00    0.00   96.81
21:07:23     all    0.03    0.82    2.06    0.00    0.00    1.04    0.00    0.00    0.00   96.05
21:07:24     all    0.00    0.82    1.33    0.00    0.00    1.04    0.00    0.00    0.00   96.81
21:07:25     all    0.00    0.00    1.93    0.00    0.00    1.14    0.00    0.00    0.00   96.94
21:07:26     all    0.00    0.00    1.74    0.00    0.00    1.01    0.00    0.00    0.00   97.24
21:07:27     all    0.00    0.03    1.30    0.00    0.00    0.76    0.00    0.00    0.00   97.91
21:07:28     all    0.00    0.00    2.06    0.00    0.00    1.01    0.00    0.00    0.00   96.93
21:07:29     all    0.00    0.03    1.77    0.00    0.00    0.92    0.00    0.00    0.00   97.28
21:07:30     all    0.09    0.00    2.09    0.00    0.00    0.98    0.00    0.00    0.00   96.83
21:07:31     all    0.00    0.03    1.90    0.00    0.00    0.98    0.00    0.00    0.00   97.09
21:07:32     all    0.03    0.03    1.83    0.00    0.00    0.92    0.00    0.00    0.00   97.19
21:07:33     all    0.00    0.00    1.87    0.00    0.00    0.95    0.00    0.00    0.00   97.18
21:07:34     all    0.00    1.01    1.99    0.00    0.00    1.26    0.00    0.00    0.00   95.74
21:07:35     all    0.00    0.38    1.76    0.00    0.00    0.98    0.00    0.00    0.00   96.88
21:07:36     all    0.00    0.00    1.84    0.00    0.00    1.11    0.00    0.00    0.00   97.05
21:07:37     all    0.00    0.00    1.80    0.00    0.00    1.11    0.00    0.00    0.00   97.09
21:07:38     all    0.00    0.03    2.35    0.00    0.00    1.05    0.00    0.00    0.00   96.57
21:07:39     all    0.00    0.00    2.38    0.00    0.00    1.18    0.00    0.00    0.00   96.44
21:07:40     all    0.06    0.03    1.84    0.00    0.00    1.05    0.00    0.00    0.00   97.02
21:07:41     all    0.00    0.00    2.09    0.00    0.00    1.05    0.00    0.00    0.00   96.86
21:07:42     all    0.03    0.03    2.03    0.00    0.00    1.30    0.00    0.00    0.00   96.61
21:07:43     all    0.00    0.00    2.16    0.00    0.00    1.18    0.00    0.00    0.00   96.66
21:07:44     all    0.00    0.03    2.16    0.00    0.00    0.86    0.00    0.00    0.00   96.96
21:07:45     all    0.00    0.95    1.83    0.00    0.00    1.01    0.00    0.00    0.00   96.21
21:07:46     all    0.03    0.16    1.36    0.00    0.00    0.82    0.00    0.00    0.00   97.63
21:07:47     all    0.00    0.00    2.45    0.00    0.00    1.40    0.00    0.00    0.00   96.15
21:07:48     all    0.00    0.00    2.09    0.00    0.00    1.05    0.00    0.00    0.00   96.86
21:07:49     all    0.00    0.03    2.43    0.00    0.00    1.11    0.00    0.00    0.00   96.43
21:07:50     all    0.10    0.00    1.84    0.00    0.00    0.98    0.00    0.00    0.00   97.08
21:07:51     all    0.00    2.44    2.09    0.00    0.00    1.08    0.00    0.00    0.00   94.39
21:07:52     all    0.00    0.34    0.13    0.00    0.00    0.03    0.00    0.00    0.00   99.50
21:07:53     all    0.00    1.89    1.20    0.00    0.00    0.57    0.00    0.00    0.00   96.34
21:07:54     all    0.00    0.03    2.44    0.00    0.00    1.24    0.00    0.00    0.00   96.29
21:07:55     all    0.00    0.10    2.22    0.00    0.00    1.24    0.00    0.00    0.00   96.45
21:07:56     all    0.00    1.45    1.70    0.00    0.00    1.13    0.00    0.00    0.00   95.72
21:07:57     all    0.00    0.00    1.90    0.00    0.00    1.11    0.00    0.00    0.00   96.99
21:07:58     all    0.00    0.00    2.19    0.00    0.00    1.30    0.00    0.00    0.00   96.51
21:07:59     all    0.00    0.03    2.06    0.00    0.00    1.33    0.00    0.00    0.00   96.58
21:08:00     all    0.29    0.03    2.51    0.00    0.00    1.52    0.00    0.00    0.00   95.65
21:08:01     all    0.00    0.00    2.18    0.00    0.00    1.01    0.00    0.00    0.00   96.81
21:08:02     all    0.06    0.03    2.28    0.00    0.00    0.95    0.00    0.00    0.00   96.67
21:08:03     all    0.00    0.00    2.65    0.00    0.00    1.56    0.00    0.00    0.00   95.79
21:08:04     all    0.00    0.03    2.70    0.00    0.00    1.53    0.00    0.00    0.00   95.74
21:08:05     all    0.00    0.00    2.63    0.00    0.00    1.68    0.00    0.00    0.00   95.69
21:08:06     all    0.00    0.00    2.90    0.00    0.00    1.94    0.00    0.00    0.00   95.16
21:08:07     all    0.00    0.00    2.64    0.00    0.00    1.65    0.00    0.00    0.00   95.71
21:08:08     all    0.00    0.00    2.71    0.00    0.00    1.37    0.00    0.00    0.00   95.92
21:08:09     all    0.00    0.03    2.47    0.00    0.00    1.33    0.00    0.00    0.00   96.16
21:08:10     all    0.06    0.00    3.15    0.00    0.00    1.72    0.00    0.00    0.00   95.06
21:08:11     all    0.00    0.00    2.42    0.00    0.00    1.43    0.00    0.00    0.00   96.15
21:08:12     all    0.03    0.03    3.02    0.00    0.00    1.75    0.00    0.00    0.00   95.17
21:08:13     all    0.00    0.00    2.62    0.00    0.00    1.15    0.00    0.00    0.00   96.23
21:08:14     all    0.00    0.00    3.06    0.00    0.00    1.46    0.00    0.00    0.00   95.48
21:08:15     all    0.00    0.03    2.73    0.00    0.00    1.55    0.00    0.00    0.00   95.69
21:08:16     all    0.00    0.00    2.85    0.00    0.00    1.68    0.00    0.00    0.00   95.47
21:08:17     all    0.00    0.03    3.21    0.00    0.00    1.72    0.00    0.00    0.00   95.04
21:08:18     all    0.00    0.00    2.84    0.00    0.00    1.85    0.00    0.00    0.00   95.32
21:08:19     all    0.00    0.00    3.15    0.00    0.00    1.69    0.00    0.00    0.00   95.17
21:08:20     all    0.10    0.00    2.67    0.00    0.00    1.56    0.00    0.00    0.00   95.68
21:08:21     all    0.00    0.00    2.74    0.00    0.00    1.59    0.00    0.00    0.00   95.67
21:08:22     all    0.00    0.03    3.05    0.00    0.00    1.46    0.00    0.00    0.00   95.45
21:08:23     all    0.03    0.00    3.15    0.00    0.00    1.62    0.00    0.00    0.00   95.19
21:08:24     all    0.00    0.00    2.29    0.00    0.00    1.50    0.00    0.00    0.00   96.21
21:08:25     all    0.00    0.03    2.67    0.00    0.00    1.40    0.00    0.00    0.00   95.90
21:08:26     all    0.03    0.00    2.63    0.00    0.00    1.52    0.00    0.00    0.00   95.81
21:08:27     all    0.25    0.00    3.12    0.00    0.00    1.81    0.00    0.00    0.00   94.81
21:08:28     all    0.00    0.00    1.45    0.00    0.00    0.88    0.00    0.00    0.00   97.67
21:08:29     all    0.00    0.00    0.00    0.00    0.00    0.00    0.00    0.00    0.00  100.00
21:08:30     all    0.06    0.00    0.06    0.00    0.00    0.03    0.00    0.00    0.00   99.84
21:08:31     all    0.00    0.00    0.00    0.00    0.00    0.00    0.00    0.00    0.00  100.00
21:08:32     all    0.06    0.00    0.31    0.00    0.00    0.00    0.00    0.00    0.00   99.62
21:08:33     all    0.00    0.00    0.00    0.00    0.00    0.00    0.00    0.00    0.00  100.00
21:08:34     all    0.00    0.00    0.00    0.00    0.00    0.00    0.00    0.00    0.00  100.00
21:08:35     all    0.00    0.00    0.00    0.00    0.00    0.00    0.00    0.00    0.00  100.00
21:08:36     all    0.00    0.00    0.00    0.00    0.00    0.00    0.00    0.00    0.00  100.00
21:08:37     all    0.00    0.00    0.00    0.00    0.00    0.00    0.00    0.00    0.00  100.00
21:08:38     all    0.00    0.00    0.00    0.00    0.00    0.00    0.00    0.00    0.00  100.00
21:08:39     all    0.00    0.00    0.00    0.00    0.00    0.00    0.00    0.00    0.00  100.00
21:08:40     all    0.06    0.00    0.03    0.00    0.00    0.06    0.00    0.00    0.00   99.84
21:08:41     all    0.00    0.00    0.00    0.00    0.00    0.00    0.00    0.00    0.00  100.00
21:08:42     all    0.03    0.00    0.03    0.00    0.00    0.00    0.00    0.00    0.00   99.94
21:08:43     all    0.00    0.00    0.00    0.00    0.00    0.00    0.00    0.00    0.00  100.00
21:08:44     all    0.00    0.00    0.00    0.00    0.00    0.00    0.00    0.00    0.00  100.00
21:08:45     all    0.00    0.00    0.00    0.00    0.00    0.00    0.00    0.00    0.00  100.00
21:08:46     all    0.03    0.00    0.00    0.00    0.00    0.00    0.00    0.00    0.00   99.97
21:08:47     all    0.00    0.00    0.00    0.00    0.00    0.00    0.00    0.00    0.00  100.00
21:08:48     all    0.00    0.00    0.00    0.00    0.00    0.00    0.00    0.00    0.00  100.00
21:08:49     all    0.00    0.00    0.00    0.00    0.00    0.00    0.00    0.00    0.00  100.00
21:08:50     all    0.06    0.00    0.12    0.00    0.00    0.00    0.00    0.00    0.00   99.81
21:08:51     all    0.00    0.00    0.00    0.00    0.00    0.00    0.00    0.00    0.00  100.00
21:08:52     all    0.03    0.00    0.03    0.00    0.00    0.00    0.00    0.00    0.00   99.94
21:08:53     all    0.00    0.00    0.00    0.00    0.00    0.00    0.00    0.00    0.00  100.00
21:08:54     all    0.00    0.00    0.00    0.00    0.00    0.00    0.00    0.00    0.00  100.00

Average:     all    0.02    0.37    1.29    0.00    0.00    0.69    0.00    0.00    0.00   97.64
