Linux 4.20.0+ (eternitystorage) 	01/13/24 	_x86_64_	(32 CPU)

22:28:08     CPU    %usr   %nice    %sys %iowait    %irq   %soft  %steal  %guest  %gnice   %idle
22:28:09     all    0.00    0.00    0.00    0.00    0.00    0.00    0.00    0.00    0.00  100.00
22:28:10     all    0.03    0.00    0.03    0.00    0.00    0.00    0.00    0.00    0.00   99.94
22:28:11     all    0.03    0.00    0.06    0.00    0.00    0.00    0.00    0.00    0.00   99.91
22:28:12     all    0.06    0.00    0.00    0.00    0.00    0.00    0.00    0.00    0.00   99.94
22:28:13     all    0.00    0.00    0.03    0.00    0.00    0.00    0.00    0.00    0.00   99.97
22:28:14     all    0.00    0.00    0.03    0.00    0.00    0.00    0.00    0.00    0.00   99.97
22:28:15     all    0.00    0.00    0.00    0.00    0.00    0.00    0.00    0.00    0.00  100.00
22:28:16     all    0.00    0.00    0.00    0.00    0.00    0.00    0.00    0.00    0.00  100.00
22:28:17     all    0.00    0.00    0.31    0.00    0.00    0.03    0.00    0.00    0.00   99.66
22:28:18     all    0.00    0.00    0.66    0.00    0.00    0.00    0.00    0.00    0.00   99.34
22:28:19     all    0.00    0.00    0.75    0.00    0.00    0.03    0.00    0.00    0.00   99.22
22:28:20     all    0.06    0.00    1.66    0.00    0.00    0.03    0.00    0.00    0.00   98.24
22:28:21     all    0.00    0.00    3.15    0.00    0.00    0.28    0.00    0.00    0.00   96.57
22:28:22     all    0.03    0.00    3.66    0.00    0.00    0.28    0.00    0.00    0.00   96.02
22:28:23     all    0.00    0.00    4.03    0.00    0.00    0.32    0.00    0.00    0.00   95.65
22:28:24     all    0.03    0.00    4.15    0.00    0.00    0.41    0.00    0.00    0.00   95.41
22:28:25     all    0.00    0.00    3.93    0.00    0.00    0.50    0.00    0.00    0.00   95.56
22:28:26     all    0.00    0.00    4.30    0.00    0.00    0.31    0.00    0.00    0.00   95.38
22:28:27     all    0.00    0.00    4.09    0.00    0.00    0.31    0.00    0.00    0.00   95.59
22:28:28     all    0.00    0.00    4.15    0.00    0.00    0.28    0.00    0.00    0.00   95.56
22:28:29     all    0.00    0.00    4.03    0.00    0.00    0.35    0.00    0.00    0.00   95.62
22:28:30     all    0.03    0.00    4.15    0.00    0.00    0.22    0.00    0.00    0.00   95.59
22:28:31     all    0.03    0.00    4.02    0.00    0.00    0.38    0.00    0.00    0.00   95.57
22:28:32     all    0.00    0.00    4.30    0.00    0.00    0.25    0.00    0.00    0.00   95.44
22:28:33     all    0.00    0.00    4.27    0.00    0.00    0.28    0.00    0.00    0.00   95.45
22:28:34     all    0.00    0.00    4.15    0.00    0.00    0.22    0.00    0.00    0.00   95.63
22:28:35     all    0.00    0.00    3.82    0.00    0.00    0.32    0.00    0.00    0.00   95.87
22:28:36     all    0.00    0.00    3.66    0.00    0.00    0.32    0.00    0.00    0.00   96.02
22:28:37     all    0.00    0.00    3.99    0.00    0.00    0.35    0.00    0.00    0.00   95.67
22:28:38     all    0.00    0.00    3.87    0.00    0.00    0.31    0.00    0.00    0.00   95.81
22:28:39     all    0.00    0.00    4.30    0.00    0.00    0.25    0.00    0.00    0.00   95.44
22:28:40     all    0.06    0.00    3.84    0.00    0.00    0.50    0.00    0.00    0.00   95.59
22:28:41     all    0.03    0.00    4.00    0.00    0.00    0.44    0.00    0.00    0.00   95.53
22:28:42     all    0.03    0.00    3.85    0.00    0.00    0.35    0.00    0.00    0.00   95.78
22:28:43     all    0.00    0.00    4.38    0.00    0.00    0.53    0.00    0.00    0.00   95.09
22:28:44     all    0.00    0.00    4.09    0.00    0.00    0.25    0.00    0.00    0.00   95.66
22:28:45     all    0.00    0.00    4.36    0.00    0.00    0.31    0.00    0.00    0.00   95.32
22:28:46     all    0.00    0.00    3.88    0.00    0.00    0.35    0.00    0.00    0.00   95.78
22:28:47     all    0.00    0.00    3.85    0.00    0.00    0.32    0.00    0.00    0.00   95.84
22:28:48     all    0.00    0.00    4.18    0.00    0.00    0.38    0.00    0.00    0.00   95.44
22:28:49     all    0.00    0.00    4.42    0.00    0.00    0.31    0.00    0.00    0.00   95.27
22:28:50     all    0.06    0.00    3.94    0.00    0.00    0.25    0.00    0.00    0.00   95.74
22:28:51     all    0.00    0.00    3.94    0.00    0.00    0.28    0.00    0.00    0.00   95.77
22:28:52     all    0.00    0.00    3.94    0.00    0.00    0.32    0.00    0.00    0.00   95.75
22:28:53     all    0.00    0.00    3.70    0.00    0.00    0.22    0.00    0.00    0.00   96.08
22:28:54     all    0.00    0.00    4.24    0.00    0.00    0.22    0.00    0.00    0.00   95.54
22:28:55     all    0.00    0.00    3.88    0.00    0.00    0.19    0.00    0.00    0.00   95.93
22:28:56     all    0.03    0.00    4.12    0.00    0.00    0.25    0.00    0.00    0.00   95.60
22:28:57     all    0.00    0.00    4.12    0.00    0.00    0.25    0.00    0.00    0.00   95.63
22:28:58     all    0.00    0.00    3.84    0.00    0.00    0.22    0.00    0.00    0.00   95.93
22:28:59     all    0.00    0.00    4.03    0.00    0.00    0.22    0.00    0.00    0.00   95.75
22:29:00     all    0.03    0.00    4.09    0.00    0.00    0.25    0.00    0.00    0.00   95.62
22:29:01     all    0.50    0.00    3.85    0.00    0.00    0.32    0.00    0.00    0.00   95.33
22:29:02     all    0.00    0.00    3.82    0.00    0.00    0.35    0.00    0.00    0.00   95.84
22:29:03     all    0.00    0.00    3.91    0.00    0.00    0.22    0.00    0.00    0.00   95.87
22:29:04     all    0.00    0.00    4.06    0.00    0.00    0.25    0.00    0.00    0.00   95.69
22:29:05     all    0.00    0.00    4.06    0.00    0.00    0.22    0.00    0.00    0.00   95.72
22:29:06     all    0.00    0.00    3.70    0.00    0.00    0.25    0.00    0.00    0.00   96.05
22:29:07     all    0.00    0.00    3.60    0.00    0.00    0.19    0.00    0.00    0.00   96.21
22:29:08     all    0.00    0.00    3.90    0.00    0.00    0.25    0.00    0.00    0.00   95.85
22:29:09     all    0.00    0.00    4.08    0.00    0.00    0.38    0.00    0.00    0.00   95.54
22:29:10     all    0.06    0.00    4.15    0.00    0.00    0.25    0.00    0.00    0.00   95.54
22:29:11     all    0.00    0.00    3.78    0.00    0.00    0.32    0.00    0.00    0.00   95.90
22:29:12     all    0.00    0.00    4.15    0.00    0.00    0.22    0.00    0.00    0.00   95.63
22:29:13     all    0.00    0.00    3.94    0.00    0.00    0.28    0.00    0.00    0.00   95.78
22:29:14     all    0.00    0.00    3.97    0.00    0.00    0.35    0.00    0.00    0.00   95.69
22:29:15     all    0.00    0.00    4.39    0.00    0.00    0.38    0.00    0.00    0.00   95.23
22:29:16     all    0.06    0.00    3.85    0.00    0.00    0.22    0.00    0.00    0.00   95.86
22:29:17     all    0.00    0.00    4.03    0.00    0.00    0.35    0.00    0.00    0.00   95.62
22:29:18     all    0.00    0.00    4.00    0.00    0.00    0.25    0.00    0.00    0.00   95.75
22:29:19     all    0.00    0.00    4.09    0.00    0.00    0.28    0.00    0.00    0.00   95.63
22:29:20     all    0.06    0.00    4.09    0.00    0.00    0.25    0.00    0.00    0.00   95.59
22:29:21     all    0.00    0.00    3.91    0.00    0.00    0.38    0.00    0.00    0.00   95.71
22:29:22     all    0.03    0.00    4.58    0.00    0.00    0.28    0.00    0.00    0.00   95.11
22:29:23     all    0.00    0.00    3.94    0.00    0.00    0.35    0.00    0.00    0.00   95.72
22:29:24     all    0.00    0.00    4.24    0.00    0.00    0.35    0.00    0.00    0.00   95.42
22:29:25     all    0.00    0.00    4.09    0.00    0.00    0.25    0.00    0.00    0.00   95.66
22:29:26     all    0.00    0.00    3.87    0.00    0.00    0.25    0.00    0.00    0.00   95.87
22:29:27     all    0.00    0.00    3.82    0.00    0.00    0.19    0.00    0.00    0.00   95.99
22:29:28     all    0.00    0.00    3.73    0.00    0.00    0.19    0.00    0.00    0.00   96.08
22:29:29     all    0.00    0.00    4.03    0.00    0.00    0.41    0.00    0.00    0.00   95.57
22:29:30     all    0.06    0.00    4.12    0.00    0.00    0.25    0.00    0.00    0.00   95.56
22:29:31     all    0.03    0.00    4.07    0.00    0.00    0.22    0.00    0.00    0.00   95.68
22:29:32     all    0.03    0.00    4.28    0.00    0.00    0.22    0.00    0.00    0.00   95.47
22:29:33     all    0.00    0.00    3.79    0.00    0.00    0.32    0.00    0.00    0.00   95.90
22:29:34     all    0.00    0.00    4.09    0.00    0.00    0.28    0.00    0.00    0.00   95.63
22:29:35     all    0.00    0.00    4.18    0.00    0.00    0.28    0.00    0.00    0.00   95.54
22:29:36     all    0.00    0.00    4.06    0.00    0.00    0.25    0.00    0.00    0.00   95.69
22:29:37     all    0.00    0.00    3.94    0.00    0.00    0.38    0.00    0.00    0.00   95.69
22:29:38     all    0.00    0.00    3.63    0.00    0.00    0.32    0.00    0.00    0.00   96.05
22:29:39     all    0.00    0.00    3.69    0.00    0.00    0.32    0.00    0.00    0.00   95.99
22:29:40     all    0.06    0.00    4.33    0.00    0.00    0.38    0.00    0.00    0.00   95.23
22:29:41     all    0.03    0.00    4.27    0.00    0.00    0.31    0.00    0.00    0.00   95.39
22:29:42     all    0.00    0.00    3.85    0.00    0.00    0.32    0.00    0.00    0.00   95.83
22:29:43     all    0.00    0.00    3.76    0.00    0.00    0.35    0.00    0.00    0.00   95.90
22:29:44     all    0.00    0.00    3.60    0.00    0.00    0.35    0.00    0.00    0.00   96.05
22:29:45     all    0.00    0.00    4.27    0.00    0.00    0.31    0.00    0.00    0.00   95.41
22:29:46     all    0.00    0.00    4.09    0.00    0.00    0.28    0.00    0.00    0.00   95.63
22:29:47     all    0.00    0.00    4.08    0.00    0.00    0.35    0.00    0.00    0.00   95.57
22:29:48     all    0.03    0.00    4.27    0.00    0.00    0.25    0.00    0.00    0.00   95.45
22:29:49     all    0.00    0.00    4.03    0.00    0.00    0.25    0.00    0.00    0.00   95.72
22:29:50     all    0.03    0.00    4.03    0.00    0.00    0.35    0.00    0.00    0.00   95.59
22:29:51     all    0.03    0.00    4.25    0.00    0.00    0.25    0.00    0.00    0.00   95.47
22:29:52     all    0.03    0.00    4.05    0.00    0.00    0.35    0.00    0.00    0.00   95.57
22:29:53     all    0.00    0.00    4.81    0.00    0.00    0.37    0.00    0.00    0.00   94.82
22:29:54     all    0.00    0.00    4.27    0.00    0.00    0.28    0.00    0.00    0.00   95.44
22:29:55     all    0.00    0.00    4.21    0.00    0.00    0.35    0.00    0.00    0.00   95.45
22:29:56     all    0.00    0.00    4.60    0.00    0.00    0.28    0.00    0.00    0.00   95.11
22:29:57     all    0.25    0.00    4.06    0.00    0.00    0.35    0.00    0.00    0.00   95.35
22:29:58     all    0.00    0.00    3.79    0.00    0.00    0.25    0.00    0.00    0.00   95.95
22:29:59     all    0.00    0.00    3.85    0.00    0.00    0.32    0.00    0.00    0.00   95.84
22:30:00     all    0.03    0.00    4.06    0.00    0.00    0.28    0.00    0.00    0.00   95.62
22:30:01     all    0.47    0.00    4.39    0.00    0.00    0.41    0.00    0.00    0.00   94.73
22:30:02     all    0.00    0.00    4.40    0.00    0.00    0.25    0.00    0.00    0.00   95.35
22:30:03     all    0.00    0.00    3.60    0.00    0.00    0.35    0.00    0.00    0.00   96.05
22:30:04     all    0.00    0.00    3.94    0.00    0.00    0.31    0.00    0.00    0.00   95.75
22:30:05     all    0.00    0.00    4.03    0.00    0.00    0.35    0.00    0.00    0.00   95.63
22:30:06     all    0.00    0.00    3.69    0.00    0.00    0.25    0.00    0.00    0.00   96.05
22:30:07     all    0.00    0.00    4.36    0.00    0.00    0.25    0.00    0.00    0.00   95.38
22:30:08     all    0.00    0.00    4.25    0.00    0.00    0.25    0.00    0.00    0.00   95.50
22:30:09     all    0.00    0.00    4.18    0.00    0.00    0.31    0.00    0.00    0.00   95.50
22:30:10     all    0.06    0.00    3.88    0.00    0.00    0.28    0.00    0.00    0.00   95.77
22:30:11     all    0.00    0.00    3.97    0.00    0.00    0.22    0.00    0.00    0.00   95.81
22:30:12     all    0.03    0.00    3.92    0.00    0.00    0.19    0.00    0.00    0.00   95.86
22:30:13     all    0.00    0.00    4.34    0.00    0.00    0.25    0.00    0.00    0.00   95.41
22:30:14     all    0.00    0.03    4.21    0.00    0.00    0.28    0.00    0.00    0.00   95.47
22:30:15     all    0.00    0.00    3.79    0.00    0.00    0.35    0.00    0.00    0.00   95.87
22:30:16     all    0.00    0.00    4.03    0.00    0.00    0.28    0.00    0.00    0.00   95.68
22:30:17     all    0.00    0.00    3.91    0.00    0.00    0.32    0.00    0.00    0.00   95.78
22:30:18     all    0.00    0.00    3.97    0.00    0.00    0.22    0.00    0.00    0.00   95.80
22:30:19     all    0.00    0.00    3.69    0.00    0.00    0.25    0.00    0.00    0.00   96.05
22:30:20     all    0.06    0.00    3.97    0.00    0.00    0.32    0.00    0.00    0.00   95.65
22:30:21     all    0.03    0.00    4.03    0.00    0.00    0.35    0.00    0.00    0.00   95.59
22:30:22     all    0.00    0.00    3.94    0.00    0.00    0.35    0.00    0.00    0.00   95.71
22:30:23     all    0.00    0.00    4.09    0.00    0.00    0.35    0.00    0.00    0.00   95.57
22:30:24     all    0.00    0.00    4.18    0.00    0.00    0.35    0.00    0.00    0.00   95.47
22:30:25     all    0.00    0.00    3.97    0.00    0.00    0.38    0.00    0.00    0.00   95.65
22:30:26     all    0.00    0.00    3.97    0.00    0.00    0.28    0.00    0.00    0.00   95.74
22:30:27     all    0.00    0.00    4.22    0.00    0.00    0.19    0.00    0.00    0.00   95.59
22:30:28     all    0.00    0.00    3.82    0.00    0.00    0.28    0.00    0.00    0.00   95.89
22:30:29     all    0.00    0.00    4.54    0.00    0.00    0.31    0.00    0.00    0.00   95.14
22:30:30     all    0.03    0.00    3.79    0.00    0.00    0.25    0.00    0.00    0.00   95.92
22:30:31     all    0.03    0.00    3.79    0.00    0.00    0.28    0.00    0.00    0.00   95.89
22:30:32     all    0.03    0.00    4.19    0.00    0.00    0.31    0.00    0.00    0.00   95.47
22:30:33     all    0.00    0.00    4.07    0.00    0.00    0.16    0.00    0.00    0.00   95.77
22:30:34     all    0.00    0.00    4.27    0.00    0.00    0.31    0.00    0.00    0.00   95.42
22:30:35     all    0.00    0.00    4.40    0.00    0.00    0.31    0.00    0.00    0.00   95.29
22:30:36     all    0.00    0.00    4.27    0.00    0.00    0.31    0.00    0.00    0.00   95.42
22:30:37     all    0.00    0.00    4.18    0.00    0.00    0.35    0.00    0.00    0.00   95.47
22:30:38     all    0.00    0.00    3.81    0.00    0.00    0.57    0.00    0.00    0.00   95.62
22:30:39     all    0.00    0.00    4.06    0.00    0.00    0.31    0.00    0.00    0.00   95.63
22:30:40     all    0.06    0.00    4.27    0.00    0.00    0.35    0.00    0.00    0.00   95.32
22:30:41     all    0.03    0.00    4.24    0.00    0.00    0.31    0.00    0.00    0.00   95.41
22:30:42     all    0.03    0.00    4.24    0.00    0.00    0.35    0.00    0.00    0.00   95.38
22:30:43     all    0.00    0.03    3.79    0.00    0.00    0.41    0.00    0.00    0.00   95.77
22:30:44     all    0.00    0.00    4.19    0.00    0.00    0.28    0.00    0.00    0.00   95.53
22:30:45     all    0.00    0.00    4.48    0.00    0.00    0.31    0.00    0.00    0.00   95.20
22:30:46     all    0.00    0.00    4.06    0.00    0.00    0.47    0.00    0.00    0.00   95.47
22:30:47     all    0.00    0.00    3.67    0.00    0.00    0.32    0.00    0.00    0.00   96.01
22:30:48     all    0.00    0.00    4.09    0.00    0.00    0.35    0.00    0.00    0.00   95.56
22:30:49     all    0.00    0.00    4.21    0.00    0.00    0.35    0.00    0.00    0.00   95.44
22:30:50     all    0.06    0.00    4.13    0.00    0.00    0.25    0.00    0.00    0.00   95.56
22:30:51     all    0.03    0.00    4.00    0.00    0.00    0.44    0.00    0.00    0.00   95.53
22:30:52     all    0.00    0.00    4.43    0.00    0.00    0.28    0.00    0.00    0.00   95.29
22:30:53     all    0.00    0.00    4.21    0.00    0.00    0.28    0.00    0.00    0.00   95.50
22:30:54     all    0.03    0.00    4.13    0.00    0.00    0.22    0.00    0.00    0.00   95.62
22:30:55     all    0.00    0.00    3.92    0.00    0.00    0.25    0.00    0.00    0.00   95.83
22:30:56     all    0.00    0.00    4.03    0.00    0.00    0.25    0.00    0.00    0.00   95.71
22:30:57     all    0.00    0.00    4.33    0.00    0.00    0.38    0.00    0.00    0.00   95.29
22:30:58     all    0.03    0.00    4.51    0.00    0.00    0.31    0.00    0.00    0.00   95.14
22:30:59     all    0.00    0.00    4.37    0.00    0.00    0.25    0.00    0.00    0.00   95.38
22:31:00     all    0.06    0.00    3.82    0.00    0.00    0.32    0.00    0.00    0.00   95.80
22:31:01     all    0.47    0.00    4.22    0.00    0.00    0.35    0.00    0.00    0.00   94.97
22:31:02     all    0.00    0.00    4.58    0.00    0.00    0.25    0.00    0.00    0.00   95.17
22:31:03     all    0.00    0.00    3.85    0.00    0.00    0.25    0.00    0.00    0.00   95.89
22:31:04     all    0.00    0.00    4.45    0.00    0.00    0.31    0.00    0.00    0.00   95.23
22:31:05     all    0.00    0.00    4.10    0.00    0.00    0.25    0.00    0.00    0.00   95.65
22:31:06     all    0.00    0.00    4.04    0.00    0.00    0.25    0.00    0.00    0.00   95.71
22:31:07     all    0.00    0.00    4.12    0.00    0.00    0.31    0.00    0.00    0.00   95.56
22:31:08     all    0.03    0.00    4.15    0.00    0.00    0.22    0.00    0.00    0.00   95.59
22:31:09     all    0.00    0.00    4.10    0.00    0.00    0.22    0.00    0.00    0.00   95.68
22:31:10     all    0.06    0.00    4.67    0.00    0.00    0.28    0.00    0.00    0.00   94.99
22:31:11     all    0.00    0.00    3.89    0.00    0.00    0.22    0.00    0.00    0.00   95.89
22:31:12     all    0.03    0.00    4.12    0.00    0.00    0.31    0.00    0.00    0.00   95.53
22:31:13     all    0.00    0.00    4.27    0.00    0.00    0.13    0.00    0.00    0.00   95.60
22:31:14     all    0.00    0.00    4.04    0.00    0.00    0.19    0.00    0.00    0.00   95.77
22:31:15     all    0.00    0.00    4.27    0.00    0.00    0.28    0.00    0.00    0.00   95.44
22:31:16     all    0.00    0.00    4.28    0.00    0.00    0.28    0.00    0.00    0.00   95.44
22:31:17     all    0.00    0.00    3.82    0.00    0.00    0.25    0.00    0.00    0.00   95.93
22:31:18     all    0.00    0.00    4.34    0.00    0.00    0.19    0.00    0.00    0.00   95.47
22:31:19     all    0.00    0.00    4.43    0.00    0.00    0.28    0.00    0.00    0.00   95.29
22:31:20     all    0.06    0.00    4.03    0.00    0.00    0.41    0.00    0.00    0.00   95.50
22:31:21     all    0.00    0.00    4.19    0.00    0.00    0.35    0.00    0.00    0.00   95.47
22:31:22     all    0.03    0.00    4.37    0.00    0.00    0.25    0.00    0.00    0.00   95.35
22:31:23     all    0.00    0.00    4.39    0.00    0.00    0.31    0.00    0.00    0.00   95.29
22:31:24     all    0.00    0.00    4.06    0.00    0.00    0.38    0.00    0.00    0.00   95.56
22:31:25     all    0.00    0.00    4.37    0.00    0.00    0.28    0.00    0.00    0.00   95.35
22:31:26     all    0.00    0.00    4.15    0.00    0.00    0.35    0.00    0.00    0.00   95.50
22:31:27     all    0.00    0.00    4.03    0.00    0.00    0.25    0.00    0.00    0.00   95.71
22:31:28     all    0.00    0.00    4.06    0.00    0.00    0.38    0.00    0.00    0.00   95.56
22:31:29     all    0.00    0.00    4.12    0.00    0.00    0.31    0.00    0.00    0.00   95.56
22:31:30     all    0.06    0.00    4.22    0.00    0.00    0.28    0.00    0.00    0.00   95.44
22:31:31     all    0.03    0.00    4.22    0.00    0.00    0.31    0.00    0.00    0.00   95.44
22:31:32     all    0.00    0.00    3.76    0.00    0.00    0.25    0.00    0.00    0.00   95.99
22:31:33     all    0.00    0.00    3.91    0.00    0.00    0.44    0.00    0.00    0.00   95.65
22:31:34     all    0.00    0.00    4.48    0.00    0.00    0.38    0.00    0.00    0.00   95.14
22:31:35     all    0.00    0.00    3.98    0.00    0.00    0.25    0.00    0.00    0.00   95.77
22:31:36     all    0.03    0.00    3.97    0.00    0.00    0.35    0.00    0.00    0.00   95.65
22:31:37     all    0.00    0.00    4.18    0.00    0.00    0.44    0.00    0.00    0.00   95.38
22:31:38     all    0.00    0.00    4.03    0.00    0.00    0.31    0.00    0.00    0.00   95.65
22:31:39     all    0.00    0.00    4.43    0.00    0.00    0.19    0.00    0.00    0.00   95.38
22:31:40     all    0.06    0.00    3.67    0.00    0.00    0.28    0.00    0.00    0.00   95.98
22:31:41     all    0.03    0.00    3.47    0.00    0.00    0.25    0.00    0.00    0.00   96.25
22:31:42     all    0.03    0.00    3.84    0.00    0.00    0.16    0.00    0.00    0.00   95.97
22:31:43     all    0.00    0.00    5.79    0.00    0.00    1.55    0.00    0.00    0.00   92.65
22:31:44     all    0.00    0.00    6.71    0.00    0.00    2.75    0.00    0.00    0.00   90.54
22:31:45     all    0.00    0.16    7.39    0.00    0.00    2.36    0.00    0.00    0.00   90.10
22:31:46     all    0.00    0.03   11.14    0.00    0.00    4.39    0.00    0.00    0.00   84.44
22:31:47     all    0.00    0.03   10.50    0.00    0.00    4.62    0.00    0.00    0.00   84.85
22:31:48     all    0.00    0.03   10.83    0.00    0.00    4.56    0.00    0.00    0.00   84.58
22:31:49     all    0.00    0.03   10.52    0.00    0.00    4.68    0.00    0.00    0.00   84.77
22:31:50     all    0.06    2.41   10.08    0.00    0.00    4.83    0.00    0.00    0.00   82.61
22:31:51     all    0.06    2.48   10.34    0.00    0.00    4.77    0.00    0.00    0.00   82.34
22:31:52     all    0.03    0.06   10.13    0.00    0.00    4.09    0.00    0.00    0.00   85.68
22:31:53     all    0.00    0.06   10.02    0.00    0.00    4.82    0.00    0.00    0.00   85.10
22:31:54     all    0.00    0.00   11.04    0.00    0.00    4.15    0.00    0.00    0.00   84.81
22:31:55     all    0.00    0.03    9.65    0.00    0.00    4.94    0.00    0.00    0.00   85.38
22:31:56     all    0.00    0.03   10.20    0.00    0.00    5.24    0.00    0.00    0.00   84.53
22:31:57     all    0.00    0.03   10.11    0.00    0.00    4.57    0.00    0.00    0.00   85.28
22:31:58     all    0.00    2.32   13.69    0.00    0.00    6.71    0.00    0.00    0.00   77.28
22:31:59     all    0.00    0.74   12.07    0.00    0.00    5.15    0.00    0.00    0.00   82.03
22:32:00     all    0.06    0.19   16.89    0.00    0.00    6.65    0.00    0.00    0.00   76.20
22:32:01     all    0.29    0.03   17.75    0.00    0.00    7.23    0.00    0.00    0.00   74.69
22:32:02     all    0.00    2.44   17.73    0.00    0.00    7.93    0.00    0.00    0.00   71.90
22:32:03     all    0.00    3.20   16.48    0.00    0.00    7.16    0.00    0.00    0.00   73.15
22:32:04     all    0.00    0.06   18.43    0.00    0.00    7.64    0.00    0.00    0.00   73.87
22:32:05     all    0.00    0.06   17.72    0.00    0.00    7.32    0.00    0.00    0.00   74.89
22:32:06     all    0.36    0.07   16.92    0.00    0.00    7.51    0.00    0.00    0.00   75.15
22:32:07     all    0.00    2.26   17.66    0.00    0.00    7.65    0.00    0.00    0.00   72.42
22:32:08     all    0.03    2.18   16.92    0.00    0.00    7.08    0.00    0.00    0.00   73.80
22:32:09     all    0.00    0.03   17.92    0.00    0.00    7.68    0.00    0.00    0.00   74.37
22:32:10     all    0.07    0.07   17.54    0.00    0.00    6.78    0.00    0.00    0.00   75.55
22:32:11     all    0.00    3.14   17.70    0.00    0.00    7.42    0.00    0.00    0.00   71.73
22:32:12     all    0.00    3.26   19.76    0.00    0.00    8.03    0.00    0.00    0.00   68.96
22:32:13     all    0.00    2.27   20.36    0.00    0.00    8.08    0.00    0.00    0.00   69.29
22:32:14     all    0.00    0.32   16.99    0.00    0.00    8.09    0.00    0.00    0.00   74.60
22:32:15     all    0.00    0.06   22.53    0.00    0.00    7.27    0.00    0.00    0.00   70.14
22:32:16     all    0.00    0.39   23.11    0.00    0.00    8.17    0.00    0.00    0.00   68.33
22:32:17     all    0.00    3.36   25.54    0.00    0.00    8.60    0.00    0.00    0.00   62.50
22:32:18     all    0.00    0.39   25.24    0.00    0.00    8.77    0.00    0.00    0.00   65.61
22:32:19     all    0.00    0.42   24.74    0.00    0.00    8.67    0.00    0.00    0.00   66.17
22:32:20     all    0.10    2.70   25.60    0.00    0.00    9.44    0.00    0.00    0.00   62.16
22:32:21     all    0.00    1.96   25.93    0.00    0.00   10.19    0.00    0.00    0.00   61.92
22:32:22     all    0.03    0.13   26.68    0.00    0.00   10.32    0.00    0.00    0.00   62.85
22:32:23     all    0.00    0.13   25.91    0.00    0.00   11.15    0.00    0.00    0.00   62.81
22:32:24     all    0.00    0.13   26.31    0.00    0.00   10.54    0.00    0.00    0.00   63.01
22:32:25     all    0.00    1.06   25.65    0.00    0.00    9.29    0.00    0.00    0.00   64.01
22:32:26     all    0.00    3.32   25.85    0.00    0.00    9.88    0.00    0.00    0.00   60.95
22:32:27     all    0.00    3.64   25.35    0.00    0.00    9.46    0.00    0.00    0.00   61.55
22:32:28     all    0.00    3.30   25.83    0.00    0.00    9.68    0.00    0.00    0.00   61.20
22:32:29     all    0.00    3.29   25.30    0.00    0.00   10.03    0.00    0.00    0.00   61.37
22:32:30     all    0.10    3.36   25.26    0.00    0.00    9.46    0.00    0.00    0.00   61.83
22:32:31     all    0.00    6.50   25.22    0.00    0.00    9.48    0.00    0.00    0.00   58.80
22:32:32     all    0.03    6.22   25.39    0.00    0.00    8.51    0.00    0.00    0.00   59.86
22:32:33     all    0.00    3.03   24.44    0.00    0.00    9.73    0.00    0.00    0.00   62.80
22:32:34     all    0.00    3.18   25.47    0.00    0.00    9.20    0.00    0.00    0.00   62.15
22:32:35     all    0.00    0.13   25.38    0.00    0.00    9.71    0.00    0.00    0.00   64.78
22:32:36     all    0.00    0.13   25.66    0.00    0.00    9.58    0.00    0.00    0.00   64.64
22:32:37     all    0.00    0.13   25.76    0.00    0.00    9.65    0.00    0.00    0.00   64.46
22:32:38     all    0.00    0.10   25.61    0.00    0.00   10.04    0.00    0.00    0.00   64.25
22:32:39     all    0.00    0.06   25.36    0.00    0.00    9.50    0.00    0.00    0.00   65.07
22:32:40     all    0.13    0.10   24.98    0.00    0.00    9.86    0.00    0.00    0.00   64.94
22:32:41     all    0.00    0.13   25.38    0.00    0.00    9.89    0.00    0.00    0.00   64.60
22:32:42     all    0.03    0.13   24.45    0.00    0.00   10.26    0.00    0.00    0.00   65.13
22:32:43     all    0.00    1.02   25.12    0.00    0.00   10.15    0.00    0.00    0.00   63.71
22:32:44     all    0.00    3.32   25.68    0.00    0.00    9.00    0.00    0.00    0.00   62.00
22:32:45     all    0.00    5.09   25.12    0.00    0.00   10.02    0.00    0.00    0.00   59.78
22:32:46     all    0.03    6.46   25.13    0.00    0.00    9.94    0.00    0.00    0.00   58.44
22:32:47     all    0.00    2.23   25.24    0.00    0.00   10.20    0.00    0.00    0.00   62.33
22:32:48     all    0.00    2.94   25.46    0.00    0.00    9.84    0.00    0.00    0.00   61.77
22:32:49     all    0.00    3.35   25.38    0.00    0.00    9.77    0.00    0.00    0.00   61.51
22:32:50     all    0.10    0.61   25.46    0.00    0.00    9.53    0.00    0.00    0.00   64.30
22:32:51     all    0.03    0.13   25.02    0.00    0.00    9.59    0.00    0.00    0.00   65.23
22:32:52     all    0.03    2.39   25.07    0.00    0.00    9.95    0.00    0.00    0.00   62.55
22:32:53     all    0.00    6.54   24.66    0.00    0.00   10.04    0.00    0.00    0.00   58.76
22:32:54     all    0.00    2.37   24.87    0.00    0.00    9.52    0.00    0.00    0.00   63.24
22:32:55     all    0.00    0.13   25.12    0.00    0.00   10.00    0.00    0.00    0.00   64.75
22:32:56     all    0.00    0.10   24.96    0.00    0.00    9.99    0.00    0.00    0.00   64.95
22:32:57     all    0.00    0.16   24.77    0.00    0.00    9.75    0.00    0.00    0.00   65.32
22:32:58     all    0.00    0.06   24.89    0.00    0.00    9.68    0.00    0.00    0.00   65.37
22:32:59     all    0.00    0.03   25.25    0.00    0.00    9.18    0.00    0.00    0.00   65.54
22:33:00     all    0.06    0.13   25.14    0.00    0.00    9.96    0.00    0.00    0.00   64.71
22:33:01     all    0.32    0.19   25.81    0.00    0.00    8.89    0.00    0.00    0.00   64.79
22:33:02     all    0.03    1.32   25.73    0.00    0.00    9.24    0.00    0.00    0.00   63.68
22:33:03     all    0.00    5.90   24.90    0.00    0.00   10.33    0.00    0.00    0.00   58.86
22:33:04     all    0.00    0.67   25.33    0.00    0.00    9.24    0.00    0.00    0.00   64.77
22:33:05     all    0.00    0.16   24.97    0.00    0.00    9.91    0.00    0.00    0.00   64.96
22:33:06     all    0.00    0.10   24.59    0.00    0.00    9.68    0.00    0.00    0.00   65.63
22:33:07     all    0.00    1.28   25.03    0.00    0.00    9.53    0.00    0.00    0.00   64.15
22:33:08     all    0.00    3.30   24.54    0.00    0.00   10.30    0.00    0.00    0.00   61.85
22:33:09     all    0.00    3.14   24.71    0.00    0.00    9.94    0.00    0.00    0.00   62.21
22:33:10     all    0.06    0.16   25.00    0.00    0.00    9.78    0.00    0.00    0.00   65.00
22:33:11     all    0.00    1.62   25.05    0.00    0.00   10.03    0.00    0.00    0.00   63.30
22:33:12     all    0.03    6.93   25.17    0.00    0.00    9.28    0.00    0.00    0.00   58.59
22:33:13     all    0.00   12.44   24.91    0.00    0.00    9.47    0.00    0.00    0.00   53.17
22:33:14     all    0.00    1.25   25.18    0.00    0.00    9.52    0.00    0.00    0.00   64.05
22:33:15     all    0.00    0.13   24.61    0.00    0.00    9.69    0.00    0.00    0.00   65.57
22:33:16     all    0.03    0.13   25.08    0.00    0.00    9.98    0.00    0.00    0.00   64.78
22:33:17     all    0.00    0.13   25.02    0.00    0.00   10.26    0.00    0.00    0.00   64.60
22:33:18     all    0.00    0.10   25.10    0.00    0.00    9.74    0.00    0.00    0.00   65.06
22:33:19     all    0.00    0.19   24.66    0.00    0.00   10.21    0.00    0.00    0.00   64.94
22:33:20     all    0.06    0.06   25.13    0.00    0.00    9.87    0.00    0.00    0.00   64.88
22:33:21     all    0.00    0.09   25.37    0.00    0.00   10.41    0.00    0.00    0.00   64.13
22:33:22     all    0.03    1.11   25.02    0.00    0.00   10.31    0.00    0.00    0.00   63.53
22:33:23     all    0.00    5.63   24.84    0.00    0.00    9.65    0.00    0.00    0.00   59.88
22:33:24     all    0.00    4.43   24.81    0.00    0.00   10.32    0.00    0.00    0.00   60.44
22:33:25     all    0.00    1.77   24.29    0.00    0.00   10.08    0.00    0.00    0.00   63.85
22:33:26     all    0.00    0.06   24.86    0.00    0.00   10.05    0.00    0.00    0.00   65.03
22:33:27     all    0.00    0.10   24.75    0.00    0.00    9.92    0.00    0.00    0.00   65.23
22:33:28     all    0.00    1.51   24.63    0.00    0.00   10.06    0.00    0.00    0.00   63.79
22:33:29     all    0.00    0.13   25.35    0.00    0.00    9.13    0.00    0.00    0.00   65.39
22:33:30     all    0.10    1.45   24.42    0.00    0.00   10.01    0.00    0.00    0.00   64.03
22:33:31     all    0.00    2.13   24.87    0.00    0.00    9.44    0.00    0.00    0.00   63.56
22:33:32     all    0.03    3.35   25.10    0.00    0.00    9.53    0.00    0.00    0.00   61.99
22:33:33     all    0.00    3.21   24.89    0.00    0.00    9.72    0.00    0.00    0.00   62.19
22:33:34     all    0.00    0.22   24.94    0.00    0.00    9.60    0.00    0.00    0.00   65.24
22:33:35     all    0.00    0.06   25.14    0.00    0.00    9.37    0.00    0.00    0.00   65.43
22:33:36     all    0.00    1.25   25.31    0.00    0.00    9.52    0.00    0.00    0.00   63.92
22:33:37     all    0.00    0.77   24.73    0.00    0.00   10.31    0.00    0.00    0.00   64.20
22:33:38     all    0.00    3.39   24.34    0.00    0.00    9.81    0.00    0.00    0.00   62.46
22:33:39     all    0.00    2.20   25.30    0.00    0.00    9.67    0.00    0.00    0.00   62.84
22:33:40     all    0.06    0.10   24.55    0.00    0.00   10.55    0.00    0.00    0.00   64.74
22:33:41     all    0.00    2.14   24.38    0.00    0.00   10.70    0.00    0.00    0.00   62.78
22:33:42     all    0.03    3.41   24.94    0.00    0.00    9.59    0.00    0.00    0.00   62.02
22:33:43     all    0.00    2.13   24.92    0.00    0.00    9.43    0.00    0.00    0.00   63.52
22:33:44     all    0.00    1.11   25.72    0.00    0.00    9.80    0.00    0.00    0.00   63.37
22:33:45     all    0.00    3.66   25.16    0.00    0.00    9.54    0.00    0.00    0.00   61.63
22:33:46     all    0.00    4.04   25.52    0.00    0.00    9.98    0.00    0.00    0.00   60.46
22:33:47     all    0.00    0.83   25.00    0.00    0.00   10.36    0.00    0.00    0.00   63.82
22:33:48     all    0.03    0.13   24.75    0.00    0.00   10.41    0.00    0.00    0.00   64.68
22:33:49     all    0.00    0.10   25.34    0.00    0.00    9.55    0.00    0.00    0.00   65.02
22:33:50     all    0.06    0.16   26.37    0.00    0.00    8.89    0.00    0.00    0.00   64.52
22:33:51     all    0.00    3.40   24.79    0.00    0.00   10.54    0.00    0.00    0.00   61.27
22:33:52     all    0.00    1.70   23.70    0.00    0.00    9.80    0.00    0.00    0.00   64.80
22:33:53     all    0.00    0.06   22.73    0.00    0.00    9.86    0.00    0.00    0.00   67.35
22:33:54     all    0.00    0.58   23.09    0.00    0.00    9.16    0.00    0.00    0.00   67.17
22:33:55     all    0.00    0.06   22.55    0.00    0.00    9.66    0.00    0.00    0.00   67.73
22:33:56     all    0.03    0.58   22.51    0.00    0.00    9.13    0.00    0.00    0.00   67.75
22:33:57     all    0.00    0.55   22.17    0.00    0.00    9.53    0.00    0.00    0.00   67.74
22:33:58     all    0.00    0.16   22.55    0.00    0.00    9.35    0.00    0.00    0.00   67.94
22:33:59     all    0.00    1.16   21.76    0.00    0.00    9.29    0.00    0.00    0.00   67.79
22:34:00     all    0.06   10.06   21.51    0.00    0.00    8.94    0.00    0.00    0.00   59.42
22:34:01     all    0.26   13.40   21.59    0.00    0.00    9.17    0.00    0.00    0.00   55.58
22:34:02     all    0.00   16.91   21.56    0.00    0.00    8.97    0.00    0.00    0.00   52.55
22:34:03     all    0.00   10.03   21.13    0.00    0.00    8.63    0.00    0.00    0.00   60.21
22:34:04     all    0.00    4.72   21.96    0.00    0.00    8.46    0.00    0.00    0.00   64.86
22:34:05     all    0.00   15.52   22.65    0.00    0.00    8.93    0.00    0.00    0.00   52.91
22:34:06     all    0.00   27.77   23.08    0.00    0.00    9.25    0.00    0.00    0.00   39.90
22:34:07     all    0.13   23.82   23.92    0.00    0.00    9.50    0.00    0.00    0.00   42.63
22:34:08     all    0.00   28.99   23.89    0.00    0.00    9.53    0.00    0.00    0.00   37.59
22:34:09     all    0.03   18.80   23.09    0.00    0.00    9.55    0.00    0.00    0.00   48.53
22:34:10     all    0.06   16.68   22.87    0.00    0.00    9.31    0.00    0.00    0.00   51.07
22:34:11     all    0.00    8.95   22.95    0.00    0.00   10.86    0.00    0.00    0.00   57.24
22:34:12     all    0.03    1.20   23.19    0.00    0.00    8.91    0.00    0.00    0.00   66.68
22:34:13     all    0.00    9.05   23.25    0.00    0.00    9.40    0.00    0.00    0.00   58.31
22:34:14     all    0.00   11.52   23.64    0.00    0.00    9.51    0.00    0.00    0.00   55.33
22:34:15     all    0.00    5.82   22.55    0.00    0.00   10.04    0.00    0.00    0.00   61.58
22:34:16     all    0.00    1.25   22.02    0.00    0.00    9.98    0.00    0.00    0.00   66.74
22:34:17     all    0.00    4.84   21.78    0.00    0.00    9.52    0.00    0.00    0.00   63.86
22:34:18     all    0.00   11.44   21.89    0.00    0.00    9.10    0.00    0.00    0.00   57.57
22:34:19     all    0.00   18.65   22.74    0.00    0.00    9.50    0.00    0.00    0.00   49.10
22:34:20     all    0.10   15.26   23.19    0.00    0.00    9.54    0.00    0.00    0.00   51.91
22:34:21     all    0.03    7.90   22.81    0.00    0.00    9.79    0.00    0.00    0.00   59.47
22:34:22     all    0.00    3.30   23.00    0.00    0.00    9.53    0.00    0.00    0.00   64.18
22:34:23     all    0.00   24.23   22.55    0.00    0.00    9.12    0.00    0.00    0.00   44.10
22:34:24     all    0.00   25.70   23.05    0.00    0.00    9.11    0.00    0.00    0.00   42.14
22:34:25     all    0.00    9.46   24.91    0.00    0.00   10.40    0.00    0.00    0.00   55.23
22:34:26     all    0.03    1.13   24.81    0.00    0.00   10.24    0.00    0.00    0.00   63.79
22:34:27     all    0.00    1.77   24.16    0.00    0.00   10.88    0.00    0.00    0.00   63.19
22:34:28     all    0.00    0.84   25.49    0.00    0.00    9.66    0.00    0.00    0.00   64.01
22:34:29     all    0.00   12.34   26.60    0.00    0.00   10.44    0.00    0.00    0.00   50.62
22:34:30     all    0.06   29.56   27.07    0.00    0.00    9.74    0.00    0.00    0.00   33.57
22:34:31     all    0.03   26.44   25.79    0.00    0.00    9.63    0.00    0.00    0.00   38.11
22:34:32     all    0.00   15.31   26.18    0.00    0.00   10.06    0.00    0.00    0.00   48.45
22:34:33     all    0.00    4.62   25.90    0.00    0.00   10.85    0.00    0.00    0.00   58.63
22:34:34     all    0.00   31.32   25.66    0.00    0.00   10.57    0.00    0.00    0.00   32.45
22:34:35     all    0.00   26.53   24.76    0.00    0.00   10.70    0.00    0.00    0.00   38.01
22:34:36     all    0.00   15.84   25.57    0.00    0.00   10.66    0.00    0.00    0.00   47.94
22:34:37     all    0.00   13.29   25.71    0.00    0.00   10.37    0.00    0.00    0.00   50.62
22:34:38     all    0.00   14.11   25.06    0.00    0.00   11.01    0.00    0.00    0.00   49.82
22:34:39     all    0.00   25.43   25.01    0.00    0.00   10.51    0.00    0.00    0.00   39.06
22:34:40     all    0.06   21.94   23.85    0.00    0.00   10.17    0.00    0.00    0.00   43.97
22:34:41     all    0.00   16.49   25.58    0.00    0.00    9.70    0.00    0.00    0.00   48.23
22:34:42     all    0.00   15.14   25.38    0.00    0.00   10.14    0.00    0.00    0.00   49.34
22:34:43     all    0.00   10.59   26.11    0.00    0.00   10.01    0.00    0.00    0.00   53.28
22:34:44     all    0.00   17.08   25.50    0.00    0.00   10.17    0.00    0.00    0.00   47.26
22:34:45     all    0.00   38.68   26.12    0.00    0.00   10.42    0.00    0.00    0.00   24.78
22:34:46     all    0.00   31.25   24.51    0.00    0.00   10.53    0.00    0.00    0.00   33.71
22:34:47     all    0.00   30.42   25.14    0.00    0.00   10.14    0.00    0.00    0.00   34.31
22:34:48     all    0.00   23.81   24.10    0.00    0.00   10.53    0.00    0.00    0.00   41.56
22:34:49     all    0.00   20.27   24.23    0.00    0.00   10.44    0.00    0.00    0.00   45.05
22:34:50     all    0.10   24.37   25.21    0.00    0.00   10.01    0.00    0.00    0.00   40.31
22:34:51     all    0.03   48.16   26.93    0.00    0.00   10.20    0.00    0.00    0.00   14.68
22:34:52     all    0.00   51.12   25.61    0.00    0.00   10.50    0.00    0.00    0.00   12.77
22:34:53     all    0.00   44.34   25.75    0.00    0.00   10.41    0.00    0.00    0.00   19.49
22:34:54     all    0.00   35.50   25.13    0.00    0.00    9.27    0.00    0.00    0.00   30.10
22:34:55     all    0.00   41.33   27.47    0.00    0.00    9.80    0.00    0.00    0.00   21.41
22:34:56     all    0.00   50.26   27.30    0.00    0.00   10.29    0.00    0.00    0.00   12.15
22:34:57     all    0.00   46.94   26.06    0.00    0.00   10.13    0.00    0.00    0.00   16.87
22:34:58     all    0.00   38.25   26.07    0.00    0.00   10.12    0.00    0.00    0.00   25.56
22:34:59     all    0.00   45.66   26.19    0.00    0.00   10.07    0.00    0.00    0.00   18.08
22:35:00     all    0.03   51.11   26.09    0.00    0.00    9.22    0.00    0.00    0.00   13.55
22:35:01     all    0.42   27.49   25.39    0.00    0.00   10.11    0.00    0.00    0.00   36.59
22:35:02     all    0.00    8.95   24.31    0.00    0.00   10.15    0.00    0.00    0.00   56.59
22:35:03     all    0.00   20.61   25.05    0.00    0.00   10.33    0.00    0.00    0.00   44.01
22:35:04     all    0.00   22.04   25.53    0.00    0.00   10.46    0.00    0.00    0.00   41.97
22:35:05     all    0.00   25.02   24.96    0.00    0.00   10.72    0.00    0.00    0.00   39.30
22:35:06     all    0.00   16.19   25.10    0.00    0.00   10.75    0.00    0.00    0.00   47.96
22:35:07     all    0.00    6.22   25.71    0.00    0.00   10.90    0.00    0.00    0.00   57.18
22:35:08     all    0.00   14.26   25.05    0.00    0.00   10.85    0.00    0.00    0.00   49.84
22:35:09     all    0.00   13.59   25.60    0.00    0.00   10.11    0.00    0.00    0.00   50.71
22:35:10     all    0.10   17.88   25.31    0.00    0.00   10.36    0.00    0.00    0.00   46.35
22:35:11     all    0.00   20.85   25.26    0.00    0.00   10.81    0.00    0.00    0.00   43.08
22:35:12     all    0.00   43.11   26.09    0.00    0.00   10.14    0.00    0.00    0.00   20.66
22:35:13     all    0.00   29.98   26.40    0.00    0.00   10.26    0.00    0.00    0.00   33.37
22:35:14     all    0.00   16.19   26.41    0.00    0.00   10.16    0.00    0.00    0.00   47.24
22:35:15     all    0.00   43.46   25.39    0.00    0.00   10.21    0.00    0.00    0.00   20.94
22:35:16     all    0.03   48.00   25.65    0.00    0.00    9.95    0.00    0.00    0.00   16.38
22:35:17     all    0.00   40.57   25.66    0.00    0.00   10.50    0.00    0.00    0.00   23.28
22:35:18     all    0.00   19.97   25.40    0.00    0.00   10.16    0.00    0.00    0.00   44.47
22:35:19     all    0.00   21.27   25.52    0.00    0.00   10.01    0.00    0.00    0.00   43.19
22:35:20     all    0.06   26.81   26.39    0.00    0.00    9.75    0.00    0.00    0.00   36.98
22:35:21     all    0.00   25.20   25.91    0.00    0.00   11.14    0.00    0.00    0.00   37.75
22:35:22     all    0.03   21.28   26.24    0.00    0.00   10.72    0.00    0.00    0.00   41.73
22:35:23     all    0.00   17.51   26.53    0.00    0.00    9.79    0.00    0.00    0.00   46.17
22:35:24     all    0.00   17.46   24.76    0.00    0.00   10.16    0.00    0.00    0.00   47.63
22:35:25     all    0.00    5.53   24.93    0.00    0.00   11.15    0.00    0.00    0.00   58.39
22:35:26     all    0.00   17.34   25.92    0.00    0.00    9.41    0.00    0.00    0.00   47.32
22:35:27     all    0.00    8.02   24.95    0.00    0.00   10.93    0.00    0.00    0.00   56.10
22:35:28     all    0.00    2.86   24.84    0.00    0.00   10.46    0.00    0.00    0.00   61.84
22:35:29     all    0.00   20.06   25.02    0.00    0.00   10.59    0.00    0.00    0.00   44.32
22:35:30     all    0.10   22.28   25.00    0.00    0.00    9.76    0.00    0.00    0.00   42.87
22:35:31     all    0.00   13.46   24.65    0.00    0.00   10.36    0.00    0.00    0.00   51.53
22:35:32     all    0.03   24.83   24.76    0.00    0.00   10.08    0.00    0.00    0.00   40.29
22:35:33     all    0.00   31.34   25.50    0.00    0.00   10.02    0.00    0.00    0.00   33.14
22:35:34     all    0.00   24.45   24.81    0.00    0.00   10.68    0.00    0.00    0.00   40.06
22:35:35     all    0.00   20.44   26.69    0.00    0.00   10.48    0.00    0.00    0.00   42.39
22:35:36     all    0.00   13.19   26.83    0.00    0.00    9.77    0.00    0.00    0.00   50.21
22:35:37     all    0.00   20.42   25.53    0.00    0.00    9.85    0.00    0.00    0.00   44.20
22:35:38     all    0.00   17.43   24.60    0.00    0.00   10.16    0.00    0.00    0.00   47.81
22:35:39     all    0.00   18.31   24.76    0.00    0.00   10.06    0.00    0.00    0.00   46.87
22:35:40     all    0.06   12.43   23.58    0.00    0.00   10.48    0.00    0.00    0.00   53.44
22:35:41     all    0.00   13.07   21.99    0.00    0.00   10.10    0.00    0.00    0.00   54.84
22:35:42     all    0.00   19.52   22.04    0.00    0.00    9.18    0.00    0.00    0.00   49.26
22:35:43     all    0.00   16.55   22.26    0.00    0.00    9.29    0.00    0.00    0.00   51.90
22:35:44     all    0.00   16.90   22.16    0.00    0.00    9.52    0.00    0.00    0.00   51.42
22:35:45     all    0.00    9.57   21.42    0.00    0.00    8.50    0.00    0.00    0.00   60.50
22:35:46     all    0.03    4.14   21.21    0.00    0.00    8.54    0.00    0.00    0.00   66.08
22:35:47     all    0.00   11.28   22.15    0.00    0.00    9.13    0.00    0.00    0.00   57.44
22:35:48     all    0.00   14.13   22.12    0.00    0.00    9.46    0.00    0.00    0.00   54.28
22:35:49     all    0.00   24.86   21.73    0.00    0.00    9.56    0.00    0.00    0.00   43.85
22:35:50     all    0.06    9.81   21.61    0.00    0.00    8.62    0.00    0.00    0.00   59.90
22:35:51     all    0.03    4.93   21.31    0.00    0.00    8.90    0.00    0.00    0.00   64.83
22:35:52     all    0.00    2.56   20.89    0.00    0.00    9.08    0.00    0.00    0.00   67.47
22:35:53     all    0.03    6.07   21.34    0.00    0.00    9.40    0.00    0.00    0.00   63.16
22:35:54     all    0.00    6.72   20.93    0.00    0.00    8.64    0.00    0.00    0.00   63.71
22:35:55     all    0.00   16.44   23.22    0.00    0.00    8.94    0.00    0.00    0.00   51.40
22:35:56     all    0.00    7.54   22.05    0.00    0.00    9.91    0.00    0.00    0.00   60.50
22:35:57     all    0.00    3.17   21.93    0.00    0.00    8.90    0.00    0.00    0.00   65.99
22:35:58     all    0.00    6.36   22.23    0.00    0.00    8.22    0.00    0.00    0.00   63.19
22:35:59     all    0.00    3.83   21.51    0.00    0.00    8.53    0.00    0.00    0.00   66.12
22:36:00     all    0.10   19.39   22.33    0.00    0.00    9.66    0.00    0.00    0.00   48.51
22:36:01     all    0.26    9.95   21.55    0.00    0.00    9.31    0.00    0.00    0.00   58.93
22:36:02     all    0.00   10.57   21.66    0.00    0.00    8.93    0.00    0.00    0.00   58.84
22:36:03     all    0.00   12.87   21.34    0.00    0.00    9.60    0.00    0.00    0.00   56.19
22:36:04     all    0.00   10.93   21.50    0.00    0.00    8.99    0.00    0.00    0.00   58.58
22:36:05     all    0.00    7.78   22.24    0.00    0.00    9.15    0.00    0.00    0.00   60.83
22:36:06     all    0.00   11.87   22.59    0.00    0.00    8.97    0.00    0.00    0.00   56.57
22:36:07     all    0.00   16.46   22.33    0.00    0.00    8.71    0.00    0.00    0.00   52.50
22:36:08     all    0.00    4.32   22.04    0.00    0.00    8.97    0.00    0.00    0.00   64.67
22:36:09     all    0.00    9.04   22.25    0.00    0.00    9.27    0.00    0.00    0.00   59.44
22:36:10     all    0.10    2.51   21.76    0.00    0.00    9.09    0.00    0.00    0.00   66.54
22:36:11     all    0.00    3.94   21.51    0.00    0.00    9.65    0.00    0.00    0.00   64.90
22:36:12     all    0.00    5.17   21.50    0.00    0.00    8.78    0.00    0.00    0.00   64.55
22:36:13     all    0.00    7.99   22.00    0.00    0.00    8.89    0.00    0.00    0.00   61.11
22:36:14     all    0.00    6.86   21.55    0.00    0.00    9.40    0.00    0.00    0.00   62.19
22:36:15     all    0.00   19.22   23.71    0.00    0.00    8.33    0.00    0.00    0.00   48.73
22:36:16     all    0.00    4.60   21.82    0.00    0.00    8.46    0.00    0.00    0.00   65.12
22:36:17     all    0.19    3.74   21.68    0.00    0.00    8.87    0.00    0.00    0.00   65.52
22:36:18     all    0.00    5.61   20.99    0.00    0.00    9.17    0.00    0.00    0.00   64.23
22:36:19     all    0.00   22.38   21.80    0.00    0.00    8.64    0.00    0.00    0.00   47.18
22:36:20     all    0.06   11.62   20.97    0.00    0.00    8.44    0.00    0.00    0.00   58.91
22:36:21     all    0.00    6.38   21.99    0.00    0.00    8.53    0.00    0.00    0.00   63.11
22:36:22     all    0.03    6.13   18.72    0.00    0.00    9.10    0.00    0.00    0.00   66.02
22:36:23     all    0.03    5.51   20.19    0.00    0.00    9.42    0.00    0.00    0.00   64.85
22:36:24     all    0.00    2.75   19.04    0.00    0.00    8.78    0.00    0.00    0.00   69.43
22:36:25     all    0.00    6.09   18.60    0.00    0.00    8.33    0.00    0.00    0.00   66.98
22:36:26     all    0.00    8.18   20.50    0.00    0.00    8.70    0.00    0.00    0.00   62.63
22:36:27     all    0.00    6.38   19.71    0.00    0.00    8.92    0.00    0.00    0.00   64.99
22:36:28     all    0.00   11.74   18.53    0.00    0.00    8.92    0.00    0.00    0.00   60.81
22:36:29     all    0.00    1.83   19.97    0.00    0.00    9.29    0.00    0.00    0.00   68.91
22:36:30     all    0.13    1.00   19.00    0.00    0.00    9.12    0.00    0.00    0.00   70.75
22:36:31     all    0.00    1.86   14.33    0.00    0.00    7.05    0.00    0.00    0.00   76.75
22:36:32     all    0.00    4.36   15.35    0.00    0.00    7.79    0.00    0.00    0.00   72.50
22:36:33     all    0.00    1.94   14.42    0.00    0.00    8.28    0.00    0.00    0.00   75.36
22:36:34     all    0.00    2.15   14.50    0.00    0.00    7.44    0.00    0.00    0.00   75.91
22:36:35     all    0.00    3.63    9.93    0.00    0.00    6.03    0.00    0.00    0.00   80.41
22:36:36     all    0.00    2.41    9.97    0.00    0.00    6.15    0.00    0.00    0.00   81.47
22:36:37     all    0.00    0.29   10.81    0.00    0.00    7.11    0.00    0.00    0.00   81.79
22:36:38     all    0.00    0.10   11.76    0.00    0.00    6.41    0.00    0.00    0.00   81.74
22:36:39     all    0.00    0.07   11.59    0.00    0.00    6.43    0.00    0.00    0.00   81.92
22:36:40     all    0.10    0.10   10.80    0.00    0.00    6.82    0.00    0.00    0.00   82.19
22:36:41     all    0.03    0.06   11.18    0.00    0.00    6.37    0.00    0.00    0.00   82.35
22:36:42     all    0.03    1.62   11.08    0.00    0.00    6.30    0.00    0.00    0.00   80.96
22:36:43     all    0.00    0.13   11.82    0.00    0.00    6.78    0.00    0.00    0.00   81.27
22:36:44     all    0.00    0.78   10.99    0.00    0.00    6.36    0.00    0.00    0.00   81.87
22:36:45     all    0.00    0.77   11.48    0.00    0.00    7.16    0.00    0.00    0.00   80.59
22:36:46     all    0.00    0.13   10.94    0.00    0.00    6.96    0.00    0.00    0.00   81.97
22:36:47     all    0.00    0.13   10.99    0.00    0.00    7.29    0.00    0.00    0.00   81.59
22:36:48     all    0.00    0.07   11.48    0.00    0.00    6.50    0.00    0.00    0.00   81.96
22:36:49     all    0.00    0.13   11.01    0.00    0.00    6.74    0.00    0.00    0.00   82.11
22:36:50     all    0.07    0.10   11.20    0.00    0.00    6.41    0.00    0.00    0.00   82.22
22:36:51     all    0.00    1.46   10.83    0.00    0.00    6.36    0.00    0.00    0.00   81.36
22:36:52     all    0.00    0.06   11.58    0.00    0.00    7.13    0.00    0.00    0.00   81.23
22:36:53     all    0.00    0.78   11.55    0.00    0.00    7.06    0.00    0.00    0.00   80.61
22:36:54     all    0.00    0.98   10.99    0.00    0.00    6.47    0.00    0.00    0.00   81.57
22:36:55     all    0.00    0.06   12.08    0.00    0.00    6.43    0.00    0.00    0.00   81.43
22:36:56     all    0.00    0.10   11.11    0.00    0.00    6.78    0.00    0.00    0.00   82.01
22:36:57     all    0.03    0.13   11.95    0.00    0.00    7.32    0.00    0.00    0.00   80.57
22:36:58     all    0.00    1.21   10.99    0.00    0.00    6.33    0.00    0.00    0.00   81.48
22:36:59     all    0.00    0.71   11.15    0.00    0.00    7.01    0.00    0.00    0.00   81.13
22:37:00     all    0.07    0.10   12.11    0.00    0.00    6.87    0.00    0.00    0.00   80.87
22:37:01     all    0.29    0.10   11.61    0.00    0.00    7.23    0.00    0.00    0.00   80.77
22:37:02     all    0.00    0.13   11.45    0.00    0.00    7.06    0.00    0.00    0.00   81.36
22:37:03     all    0.00    0.10   10.93    0.00    0.00    6.65    0.00    0.00    0.00   82.32
22:37:04     all    0.00    0.10   12.14    0.00    0.00    6.84    0.00    0.00    0.00   80.92
22:37:05     all    0.03    1.65   10.94    0.00    0.00    6.31    0.00    0.00    0.00   81.07
22:37:06     all    0.00    0.10   11.04    0.00    0.00    6.63    0.00    0.00    0.00   82.23
22:37:07     all    0.00    1.66   11.15    0.00    0.00    6.34    0.00    0.00    0.00   80.85
22:37:08     all    0.00    0.10   11.59    0.00    0.00    6.56    0.00    0.00    0.00   81.74
22:37:09     all    0.00    0.10   12.02    0.00    0.00    7.20    0.00    0.00    0.00   80.68
22:37:10     all    0.03    0.10   12.72    0.00    0.00    6.72    0.00    0.00    0.00   80.43
22:37:11     all    0.00    0.06   11.62    0.00    0.00    6.69    0.00    0.00    0.00   81.62
22:37:12     all    0.03    0.91   11.64    0.00    0.00    7.14    0.00    0.00    0.00   80.27
22:37:13     all    0.00    0.32   11.72    0.00    0.00    7.16    0.00    0.00    0.00   80.80
22:37:14     all    0.00    0.13   11.80    0.00    0.00    7.00    0.00    0.00    0.00   81.07
22:37:15     all    0.00    0.13   12.38    0.00    0.00    7.31    0.00    0.00    0.00   80.18
22:37:16     all    0.00    0.06   11.78    0.00    0.00    6.85    0.00    0.00    0.00   81.31
22:37:17     all    0.00    0.10   11.29    0.00    0.00    6.98    0.00    0.00    0.00   81.64
22:37:18     all    0.00    0.10   11.82    0.00    0.00    6.93    0.00    0.00    0.00   81.15
22:37:19     all    0.00    0.06   12.34    0.00    0.00    6.69    0.00    0.00    0.00   80.91
22:37:20     all    0.10    0.13   12.11    0.00    0.00    6.20    0.00    0.00    0.00   81.46
22:37:21     all    0.00    0.13   11.76    0.00    0.00    6.84    0.00    0.00    0.00   81.27
22:37:22     all    0.03    0.10   11.86    0.00    0.00    6.81    0.00    0.00    0.00   81.19
22:37:23     all    0.00    0.07   11.68    0.00    0.00    7.16    0.00    0.00    0.00   81.09
22:37:24     all    0.00    0.10   11.99    0.00    0.00    6.82    0.00    0.00    0.00   81.09
22:37:25     all    0.00    0.06   12.05    0.00    0.00    6.76    0.00    0.00    0.00   81.13
22:37:26     all    0.00    0.06   11.98    0.00    0.00    6.85    0.00    0.00    0.00   81.10
22:37:27     all    0.00    0.84   11.75    0.00    0.00    7.35    0.00    0.00    0.00   80.06
22:37:28     all    0.00    0.39   11.67    0.00    0.00    6.65    0.00    0.00    0.00   81.29
22:37:29     all    0.00    0.13   11.76    0.00    0.00    7.07    0.00    0.00    0.00   81.04
22:37:30     all    0.06    0.10   12.26    0.00    0.00    7.07    0.00    0.00    0.00   80.50
22:37:31     all    0.00    0.10   12.88    0.00    0.00    7.05    0.00    0.00    0.00   79.97
22:37:32     all    0.00    0.13   12.00    0.00    0.00    6.94    0.00    0.00    0.00   80.93
22:37:33     all    0.00    0.13   11.45    0.00    0.00    7.06    0.00    0.00    0.00   81.36
22:37:34     all    0.00    0.06   11.88    0.00    0.00    7.12    0.00    0.00    0.00   80.93
22:37:35     all    0.00    0.13   11.82    0.00    0.00    6.73    0.00    0.00    0.00   81.33
22:37:36     all    0.00    0.10   12.02    0.00    0.00    7.41    0.00    0.00    0.00   80.48
22:37:37     all    0.00    0.10   12.54    0.00    0.00    7.11    0.00    0.00    0.00   80.25
22:37:38     all    0.03    0.10   13.10    0.00    0.00    6.66    0.00    0.00    0.00   80.10
22:37:39     all    0.00    0.13   12.21    0.00    0.00    7.14    0.00    0.00    0.00   80.52
22:37:40     all    0.06    0.10   12.26    0.00    0.00    7.33    0.00    0.00    0.00   80.25
22:37:41     all    0.00    1.12   10.45    0.00    0.00    6.67    0.00    0.00    0.00   81.76
22:37:42     all    0.03    0.10   11.66    0.00    0.00    7.18    0.00    0.00    0.00   81.02
22:37:43     all    0.00    0.13   11.47    0.00    0.00    6.76    0.00    0.00    0.00   81.64
22:37:44     all    0.00    0.10   11.41    0.00    0.00    6.44    0.00    0.00    0.00   82.06
22:37:45     all    0.00    4.02   11.58    0.00    0.00    6.13    0.00    0.00    0.00   78.27
22:37:46     all    0.00    1.29   10.40    0.00    0.00    5.95    0.00    0.00    0.00   82.36
22:37:47     all    0.00    2.48   10.84    0.00    0.00    6.97    0.00    0.00    0.00   79.70
22:37:48     all    0.00    2.38   10.91    0.00    0.00    6.79    0.00    0.00    0.00   79.92
22:37:49     all    0.00    1.66   11.08    0.00    0.00    6.27    0.00    0.00    0.00   80.99
22:37:50     all    0.10    0.10   11.22    0.00    0.00    6.92    0.00    0.00    0.00   81.67
22:37:51     all    0.00    0.10   10.62    0.00    0.00    5.93    0.00    0.00    0.00   83.35
22:37:52     all    0.03    0.06    9.37    0.00    0.00    5.64    0.00    0.00    0.00   84.88
22:37:53     all    0.00    0.10    9.17    0.00    0.00    5.65    0.00    0.00    0.00   85.08
22:37:54     all    0.00    0.06    9.56    0.00    0.00    5.84    0.00    0.00    0.00   84.53
22:37:55     all    0.00    0.03    9.08    0.00    0.00    5.82    0.00    0.00    0.00   85.07
22:37:56     all    0.00    1.50   12.31    0.00    0.00    7.23    0.00    0.00    0.00   78.96
22:37:57     all    0.00    0.32   11.69    0.00    0.00    7.84    0.00    0.00    0.00   80.15
22:37:58     all    0.00    0.87   12.70    0.00    0.00    7.32    0.00    0.00    0.00   79.11
22:37:59     all    0.00    5.50   14.70    0.00    0.00    8.09    0.00    0.00    0.00   71.71
22:38:00     all    0.07    6.64   14.78    0.00    0.00    7.85    0.00    0.00    0.00   70.67
22:38:01     all    0.29    4.74   14.03    0.00    0.00    8.18    0.00    0.00    0.00   72.75
22:38:02     all    0.03    8.44   17.62    0.00    0.00    9.67    0.00    0.00    0.00   64.24
22:38:03     all    0.00    5.64   17.72    0.00    0.00   10.21    0.00    0.00    0.00   66.43
22:38:04     all    0.00    7.93   17.54    0.00    0.00    9.84    0.00    0.00    0.00   64.69
22:38:05     all    0.00   10.44   17.49    0.00    0.00    9.34    0.00    0.00    0.00   62.73
22:38:06     all    0.00   10.72   16.97    0.00    0.00    8.91    0.00    0.00    0.00   63.41
22:38:07     all    0.00   14.44   15.97    0.00    0.00    8.50    0.00    0.00    0.00   61.08
22:38:08     all    0.00   13.58   16.49    0.00    0.00    9.70    0.00    0.00    0.00   60.22
22:38:09     all    0.00    9.24   16.02    0.00    0.00    8.72    0.00    0.00    0.00   66.02
22:38:10     all    0.07   11.84   15.67    0.00    0.00    8.23    0.00    0.00    0.00   64.20
22:38:11     all    0.03   16.59   16.10    0.00    0.00    8.59    0.00    0.00    0.00   58.68
22:38:12     all    0.03   13.45   17.64    0.00    0.00    8.83    0.00    0.00    0.00   60.05
22:38:13     all    0.00    9.00   17.16    0.00    0.00    9.59    0.00    0.00    0.00   64.24
22:38:14     all    0.00    9.48   15.40    0.00    0.00    9.06    0.00    0.00    0.00   66.06
22:38:15     all    0.00   10.15   15.35    0.00    0.00    8.63    0.00    0.00    0.00   65.87
22:38:16     all    0.00   16.80   16.93    0.00    0.00    8.50    0.00    0.00    0.00   57.77
22:38:17     all    0.00   11.86   17.02    0.00    0.00    9.61    0.00    0.00    0.00   61.51
22:38:18     all    0.00    7.68   17.57    0.00    0.00    8.92    0.00    0.00    0.00   65.83
22:38:19     all    0.00    9.08   15.40    0.00    0.00    8.36    0.00    0.00    0.00   67.16
22:38:20     all    0.10   11.74   13.86    0.00    0.00    8.30    0.00    0.00    0.00   66.01
22:38:21     all    0.00   14.12   14.71    0.00    0.00    8.56    0.00    0.00    0.00   62.61
22:38:22     all    0.00   13.75   17.82    0.00    0.00    8.93    0.00    0.00    0.00   59.50
22:38:23     all    0.00    7.91   16.39    0.00    0.00    9.39    0.00    0.00    0.00   66.31
22:38:24     all    0.00    8.02   14.88    0.00    0.00    7.70    0.00    0.00    0.00   69.40
22:38:25     all    0.00    9.48   13.18    0.00    0.00    7.21    0.00    0.00    0.00   70.13
22:38:26     all    0.03   12.39   17.32    0.00    0.00    8.94    0.00    0.00    0.00   61.32
22:38:27     all    0.16    8.77   16.99    0.00    0.00    9.84    0.00    0.00    0.00   64.24
22:38:28     all    0.00    8.30   18.73    0.00    0.00    9.59    0.00    0.00    0.00   63.38
22:38:29     all    0.00    7.67   18.62    0.00    0.00    8.79    0.00    0.00    0.00   64.93
22:38:30     all    0.06    6.30   13.64    0.00    0.00    7.40    0.00    0.00    0.00   72.59
22:38:31     all    0.00    8.85   14.05    0.00    0.00    7.91    0.00    0.00    0.00   69.19
22:38:32     all    0.00    6.03   18.42    0.00    0.00    9.31    0.00    0.00    0.00   66.23
22:38:33     all    0.00   12.61   18.96    0.00    0.00   10.00    0.00    0.00    0.00   58.42
22:38:34     all    0.00    9.12   19.73    0.00    0.00   10.41    0.00    0.00    0.00   60.74
22:38:35     all    0.00    7.78   18.81    0.00    0.00   10.38    0.00    0.00    0.00   63.04
22:38:36     all    0.00    9.13   20.85    0.00    0.00   10.34    0.00    0.00    0.00   59.67
22:38:37     all    0.00   12.11   20.21    0.00    0.00   10.48    0.00    0.00    0.00   57.21
22:38:38     all    0.00    8.52   21.28    0.00    0.00   10.12    0.00    0.00    0.00   60.08
22:38:39     all    0.00   13.16   21.25    0.00    0.00   10.35    0.00    0.00    0.00   55.24
22:38:40     all    0.07    5.87   22.38    0.00    0.00   10.64    0.00    0.00    0.00   61.04
22:38:41     all    0.00    9.79   23.71    0.00    0.00   10.44    0.00    0.00    0.00   56.07
22:38:42     all    0.03   18.53   24.73    0.00    0.00   11.00    0.00    0.00    0.00   45.71
22:38:43     all    0.00   10.38   24.70    0.00    0.00   11.34    0.00    0.00    0.00   53.59
22:38:44     all    0.00   17.12   24.13    0.00    0.00   10.69    0.00    0.00    0.00   48.07
22:38:45     all    0.00   18.77   24.27    0.00    0.00   11.77    0.00    0.00    0.00   45.19
22:38:46     all    0.00   14.62   25.52    0.00    0.00   10.45    0.00    0.00    0.00   49.41
22:38:47     all    0.00   14.24   24.99    0.00    0.00   11.13    0.00    0.00    0.00   49.63
22:38:48     all    0.00   20.72   24.69    0.00    0.00   10.75    0.00    0.00    0.00   43.83
22:38:49     all    0.00   18.98   24.58    0.00    0.00   10.89    0.00    0.00    0.00   45.55
22:38:50     all    0.06   12.87   24.74    0.00    0.00   11.55    0.00    0.00    0.00   50.77
22:38:51     all    0.00   17.67   24.15    0.00    0.00   11.42    0.00    0.00    0.00   46.76
22:38:52     all    0.00   28.91   24.51    0.00    0.00   11.06    0.00    0.00    0.00   35.51
22:38:53     all    0.00   22.33   24.05    0.00    0.00   11.24    0.00    0.00    0.00   42.38
22:38:54     all    0.03   18.21   24.24    0.00    0.00   11.77    0.00    0.00    0.00   45.75
22:38:55     all    0.00   18.21   24.27    0.00    0.00   11.50    0.00    0.00    0.00   46.02
22:38:56     all    0.00   14.53   25.30    0.00    0.00   11.55    0.00    0.00    0.00   48.62
22:38:57     all    0.03   14.63   24.86    0.00    0.00   11.73    0.00    0.00    0.00   48.75
22:38:58     all    0.00   16.52   24.80    0.00    0.00   11.38    0.00    0.00    0.00   47.30
22:38:59     all    0.00   20.21   24.43    0.00    0.00   10.85    0.00    0.00    0.00   44.51
22:39:00     all    0.06   30.43   24.52    0.00    0.00   10.65    0.00    0.00    0.00   34.33
22:39:01     all    0.45   20.81   25.57    0.00    0.00   11.00    0.00    0.00    0.00   42.17
22:39:02     all    0.00   19.52   25.18    0.00    0.00   10.86    0.00    0.00    0.00   44.44
22:39:03     all    0.00   14.27   25.39    0.00    0.00   11.06    0.00    0.00    0.00   49.28
22:39:04     all    0.00   20.24   24.53    0.00    0.00   10.88    0.00    0.00    0.00   44.35
22:39:05     all    0.00   34.68   24.77    0.00    0.00   11.04    0.00    0.00    0.00   29.50
22:39:06     all    0.00   21.58   24.57    0.00    0.00   11.61    0.00    0.00    0.00   42.24
22:39:07     all    0.00   23.24   24.43    0.00    0.00   11.49    0.00    0.00    0.00   40.84
22:39:08     all    0.00   20.00   25.11    0.00    0.00   10.91    0.00    0.00    0.00   43.98
22:39:09     all    0.00   20.28   24.81    0.00    0.00   10.98    0.00    0.00    0.00   43.93
22:39:10     all    0.10   21.61   24.35    0.00    0.00   11.16    0.00    0.00    0.00   42.79
22:39:11     all    0.00   37.25   26.29    0.00    0.00   10.25    0.00    0.00    0.00   26.20
22:39:12     all    0.03   21.87   25.75    0.00    0.00   10.82    0.00    0.00    0.00   41.52
22:39:13     all    0.00   28.16   25.64    0.00    0.00   10.72    0.00    0.00    0.00   35.48
22:39:14     all    0.00   15.35   25.14    0.00    0.00   11.65    0.00    0.00    0.00   47.87
22:39:15     all    0.00   22.22   25.28    0.00    0.00   10.47    0.00    0.00    0.00   42.03
22:39:16     all    0.00   40.52   25.34    0.00    0.00   11.28    0.00    0.00    0.00   22.86
22:39:17     all    0.00   36.28   25.07    0.00    0.00   10.14    0.00    0.00    0.00   28.51
22:39:18     all    0.00   15.05   24.67    0.00    0.00   11.77    0.00    0.00    0.00   48.50
22:39:19     all    0.00   15.99   24.78    0.00    0.00   11.63    0.00    0.00    0.00   47.59
22:39:20     all    0.03   13.77   24.70    0.00    0.00   11.92    0.00    0.00    0.00   49.58
22:39:21     all    0.00   25.70   26.63    0.00    0.00   10.92    0.00    0.00    0.00   36.75
22:39:22     all    0.00   29.59   25.99    0.00    0.00   11.39    0.00    0.00    0.00   33.03
22:39:23     all    0.00   12.00   26.83    0.00    0.00   11.04    0.00    0.00    0.00   50.13
22:39:24     all    0.00   14.11   26.09    0.00    0.00   11.50    0.00    0.00    0.00   48.31
22:39:25     all    0.00   14.37   25.61    0.00    0.00   11.18    0.00    0.00    0.00   48.84
22:39:26     all    0.00   30.47   25.89    0.00    0.00   10.59    0.00    0.00    0.00   33.05
22:39:27     all    0.00   49.45   25.91    0.00    0.00   10.56    0.00    0.00    0.00   14.08
22:39:28     all    0.00   38.57   25.87    0.00    0.00   10.66    0.00    0.00    0.00   24.90
22:39:29     all    0.00   26.48   25.64    0.00    0.00   10.75    0.00    0.00    0.00   37.13
22:39:30     all    0.06    9.24   25.95    0.00    0.00   11.29    0.00    0.00    0.00   53.46
22:39:31     all    0.00   11.51   26.17    0.00    0.00   10.96    0.00    0.00    0.00   51.37
22:39:32     all    0.03   13.91   23.43    0.00    0.00   11.75    0.00    0.00    0.00   50.89
22:39:33     all    0.00   10.01   24.34    0.00    0.00   12.07    0.00    0.00    0.00   53.57
22:39:34     all    0.00   17.93   26.01    0.00    0.00   10.95    0.00    0.00    0.00   45.11
22:39:35     all    0.00   42.24   26.75    0.00    0.00   10.84    0.00    0.00    0.00   20.17
22:39:36     all    0.00   21.19   26.27    0.00    0.00   11.00    0.00    0.00    0.00   41.54
22:39:37     all    0.00   12.73   25.01    0.00    0.00   11.24    0.00    0.00    0.00   51.02
22:39:38     all    0.00   14.76   26.41    0.00    0.00   10.98    0.00    0.00    0.00   47.86
22:39:39     all    0.00   16.08   25.59    0.00    0.00   10.60    0.00    0.00    0.00   47.73
22:39:40     all    0.03   11.02   25.97    0.00    0.00   10.79    0.00    0.00    0.00   52.19
22:39:41     all    0.00   19.06   25.68    0.00    0.00   11.45    0.00    0.00    0.00   43.81
22:39:42     all    0.03   17.40   26.77    0.00    0.00   10.59    0.00    0.00    0.00   45.22
22:39:43     all    0.00   28.59   27.43    0.00    0.00   10.11    0.00    0.00    0.00   33.88
22:39:44     all    0.00   18.65   26.29    0.00    0.00   11.24    0.00    0.00    0.00   43.82
22:39:45     all    0.00    7.61   26.04    0.00    0.00   11.16    0.00    0.00    0.00   55.18
22:39:46     all    0.00   12.94   25.24    0.00    0.00   11.17    0.00    0.00    0.00   50.64
22:39:47     all    0.00   14.57   25.02    0.00    0.00   11.51    0.00    0.00    0.00   48.89
22:39:48     all    0.00   43.16   26.10    0.00    0.00   10.77    0.00    0.00    0.00   19.97
22:39:49     all    0.00   31.22   25.50    0.00    0.00    9.92    0.00    0.00    0.00   33.35
22:39:50     all    0.07   18.25   25.15    0.00    0.00   10.05    0.00    0.00    0.00   46.49
22:39:51     all    0.00    7.99   25.38    0.00    0.00   10.72    0.00    0.00    0.00   55.91
22:39:52     all    0.00   22.29   25.16    0.00    0.00   11.13    0.00    0.00    0.00   41.42
22:39:53     all    0.00   14.69   24.45    0.00    0.00   11.29    0.00    0.00    0.00   49.57
22:39:54     all    0.00    4.87   24.05    0.00    0.00   11.14    0.00    0.00    0.00   59.94
22:39:55     all    0.00   10.87   27.97    0.00    0.00   10.55    0.00    0.00    0.00   50.61
22:39:56     all    0.00   15.44   26.47    0.00    0.00   10.90    0.00    0.00    0.00   47.20
22:39:57     all    0.00   12.25   26.25    0.00    0.00   11.03    0.00    0.00    0.00   50.47
22:39:58     all    0.00   14.46   25.43    0.00    0.00   10.97    0.00    0.00    0.00   49.14
22:39:59     all    0.00   12.43   25.27    0.00    0.00   11.33    0.00    0.00    0.00   50.97
22:40:00     all    0.06   19.56   25.44    0.00    0.00   10.83    0.00    0.00    0.00   44.10
22:40:01     all    0.23   33.75   25.49    0.00    0.00   10.92    0.00    0.00    0.00   29.61
22:40:02     all    0.00   44.10   25.41    0.00    0.00   10.44    0.00    0.00    0.00   20.05
22:40:03     all    0.00   11.76   25.16    0.00    0.00   10.89    0.00    0.00    0.00   52.19
22:40:04     all    0.00   30.71   25.14    0.00    0.00   11.04    0.00    0.00    0.00   33.11
22:40:05     all    0.00   10.17   25.65    0.00    0.00   11.20    0.00    0.00    0.00   52.98
22:40:06     all    0.00   14.15   25.73    0.00    0.00   11.42    0.00    0.00    0.00   48.70
22:40:07     all    0.00   12.24   25.96    0.00    0.00   11.05    0.00    0.00    0.00   50.76
22:40:08     all    0.00   18.01   26.79    0.00    0.00   10.64    0.00    0.00    0.00   44.55
22:40:09     all    0.00    8.67   26.72    0.00    0.00   10.79    0.00    0.00    0.00   53.82
22:40:10     all    0.10    6.71   26.12    0.00    0.00   11.45    0.00    0.00    0.00   55.63
22:40:11     all    0.00   17.22   24.57    0.00    0.00   10.72    0.00    0.00    0.00   47.50
22:40:12     all    0.00    6.74   24.53    0.00    0.00   11.47    0.00    0.00    0.00   57.26
22:40:13     all    0.00   12.84   25.32    0.00    0.00   10.58    0.00    0.00    0.00   51.26
22:40:14     all    0.00   29.13   25.21    0.00    0.00   10.56    0.00    0.00    0.00   35.09
22:40:15     all    0.00   17.08   24.63    0.00    0.00   10.69    0.00    0.00    0.00   47.60
22:40:16     all    0.00   16.29   25.69    0.00    0.00   10.88    0.00    0.00    0.00   47.13
22:40:17     all    0.00   35.37   25.08    0.00    0.00   10.07    0.00    0.00    0.00   29.48
22:40:18     all    0.00   20.91   25.06    0.00    0.00   10.83    0.00    0.00    0.00   43.21
22:40:19     all    0.00    8.92   26.07    0.00    0.00   11.30    0.00    0.00    0.00   53.72
22:40:20     all    0.06   21.27   25.75    0.00    0.00   11.28    0.00    0.00    0.00   41.63
22:40:21     all    0.00   15.49   25.46    0.00    0.00   11.43    0.00    0.00    0.00   47.62
22:40:22     all    0.00   27.63   25.33    0.00    0.00   10.63    0.00    0.00    0.00   36.41
22:40:23     all    0.00   39.97   25.44    0.00    0.00   10.63    0.00    0.00    0.00   23.96
22:40:24     all    0.00   12.04   25.27    0.00    0.00   11.08    0.00    0.00    0.00   51.61
22:40:25     all    0.00    6.99   25.10    0.00    0.00   11.37    0.00    0.00    0.00   56.54
22:40:26     all    0.00   25.72   25.03    0.00    0.00   10.86    0.00    0.00    0.00   38.39
22:40:27     all    0.00   21.18   24.62    0.00    0.00   10.39    0.00    0.00    0.00   43.81
22:40:28     all    0.00   13.19   23.89    0.00    0.00   10.92    0.00    0.00    0.00   52.00
22:40:29     all    0.00   14.21   22.08    0.00    0.00   10.09    0.00    0.00    0.00   53.63
22:40:30     all    0.10   17.20   22.90    0.00    0.00    9.30    0.00    0.00    0.00   50.50
22:40:31     all    0.00   12.82   21.61    0.00    0.00   10.12    0.00    0.00    0.00   55.45
22:40:32     all    0.00   11.43   22.11    0.00    0.00    9.97    0.00    0.00    0.00   56.49
22:40:33     all    0.00    9.95   22.47    0.00    0.00   10.27    0.00    0.00    0.00   57.30
22:40:34     all    0.00   16.63   22.76    0.00    0.00    9.92    0.00    0.00    0.00   50.68
22:40:35     all    0.00   32.55   22.80    0.00    0.00    9.59    0.00    0.00    0.00   35.05
22:40:36     all    0.03   16.83   22.31    0.00    0.00    9.86    0.00    0.00    0.00   50.97
22:40:37     all    0.19   10.29   22.83    0.00    0.00   10.32    0.00    0.00    0.00   56.37
22:40:38     all    0.00   13.56   23.19    0.00    0.00   10.24    0.00    0.00    0.00   53.01
22:40:39     all    0.00    5.50   22.34    0.00    0.00   10.80    0.00    0.00    0.00   61.36
22:40:40     all    0.06   11.79   22.72    0.00    0.00   10.15    0.00    0.00    0.00   55.27
22:40:41     all    0.00   16.96   22.45    0.00    0.00    9.42    0.00    0.00    0.00   51.17
22:40:42     all    0.00    5.83   22.03    0.00    0.00    9.95    0.00    0.00    0.00   62.18
22:40:43     all    0.00   12.73   22.49    0.00    0.00   10.08    0.00    0.00    0.00   54.70
22:40:44     all    0.00   15.97   23.23    0.00    0.00   10.61    0.00    0.00    0.00   50.19
22:40:45     all    0.00    9.27   21.86    0.00    0.00   10.69    0.00    0.00    0.00   58.18
22:40:46     all    0.00   16.89   22.14    0.00    0.00   10.07    0.00    0.00    0.00   50.90
22:40:47     all    0.00   12.44   21.91    0.00    0.00   10.57    0.00    0.00    0.00   55.09
22:40:48     all    0.00   11.48   21.88    0.00    0.00   11.32    0.00    0.00    0.00   55.33
22:40:49     all    0.00    9.81   21.76    0.00    0.00   11.09    0.00    0.00    0.00   57.34
22:40:50     all    0.06   10.57   22.50    0.00    0.00    9.99    0.00    0.00    0.00   56.87
22:40:51     all    0.00    8.06   22.26    0.00    0.00   10.60    0.00    0.00    0.00   59.07
22:40:52     all    0.03    5.21   21.56    0.00    0.00   10.93    0.00    0.00    0.00   62.28
22:40:53     all    0.00   10.06   21.90    0.00    0.00   11.02    0.00    0.00    0.00   57.02
22:40:54     all    0.00   20.19   21.87    0.00    0.00   10.08    0.00    0.00    0.00   47.87
22:40:55     all    0.00    6.83   22.47    0.00    0.00    9.86    0.00    0.00    0.00   60.83
22:40:56     all    0.00   16.60   21.97    0.00    0.00   10.16    0.00    0.00    0.00   51.27
22:40:57     all    0.00    9.23   22.09    0.00    0.00    9.85    0.00    0.00    0.00   58.83
22:40:58     all    0.00   18.24   22.41    0.00    0.00   10.12    0.00    0.00    0.00   49.22
22:40:59     all    0.00    8.69   21.45    0.00    0.00   10.16    0.00    0.00    0.00   59.70
22:41:00     all    0.06   12.58   22.27    0.00    0.00   10.33    0.00    0.00    0.00   54.76
22:41:01     all    0.29   17.02   22.88    0.00    0.00    9.54    0.00    0.00    0.00   50.27
22:41:02     all    0.03   12.15   22.01    0.00    0.00    9.64    0.00    0.00    0.00   56.17
22:41:03     all    0.00    8.64   21.69    0.00    0.00   10.47    0.00    0.00    0.00   59.20
22:41:04     all    0.00    8.09   21.92    0.00    0.00   10.38    0.00    0.00    0.00   59.61
22:41:05     all    0.00   11.43   21.84    0.00    0.00   10.18    0.00    0.00    0.00   56.55
22:41:06     all    0.00    3.46   21.80    0.00    0.00   10.03    0.00    0.00    0.00   64.72
22:41:07     all    0.00    6.13   22.26    0.00    0.00    9.34    0.00    0.00    0.00   62.26
22:41:08     all    0.00   33.97   21.68    0.00    0.00   10.47    0.00    0.00    0.00   33.88
22:41:09     all    0.00   49.61   23.36    0.00    0.00    9.94    0.00    0.00    0.00   17.08
22:41:10     all    0.03   20.59   22.63    0.00    0.00    9.76    0.00    0.00    0.00   46.98
22:41:11     all    0.03    6.85   21.85    0.00    0.00    9.66    0.00    0.00    0.00   61.60
22:41:12     all    0.03    5.26   22.48    0.00    0.00    9.62    0.00    0.00    0.00   62.60
22:41:13     all    0.00    5.91   22.38    0.00    0.00   10.05    0.00    0.00    0.00   61.67
22:41:14     all    0.00   35.53   23.36    0.00    0.00    9.93    0.00    0.00    0.00   31.18
22:41:15     all    0.00   46.68   22.01    0.00    0.00    9.04    0.00    0.00    0.00   22.27
22:41:16     all    0.03   32.99   23.24    0.00    0.00    9.13    0.00    0.00    0.00   34.61
22:41:17     all    0.00   18.67   22.84    0.00    0.00    9.54    0.00    0.00    0.00   48.95
22:41:18     all    0.00   43.96   23.52    0.00    0.00   10.14    0.00    0.00    0.00   22.38
22:41:19     all    0.00    5.03   21.98    0.00    0.00    9.76    0.00    0.00    0.00   63.23
22:41:20     all    0.06    7.51   21.68    0.00    0.00    9.59    0.00    0.00    0.00   61.16
22:41:21     all    0.00    8.47   21.46    0.00    0.00    9.79    0.00    0.00    0.00   60.28
22:41:22     all    0.03    2.39   21.47    0.00    0.00    9.92    0.00    0.00    0.00   66.19
22:41:23     all    0.00   17.14   21.85    0.00    0.00    8.83    0.00    0.00    0.00   52.18
22:41:24     all    0.00    7.45   21.87    0.00    0.00    8.77    0.00    0.00    0.00   61.91
22:41:25     all    0.00    3.22   21.76    0.00    0.00    9.03    0.00    0.00    0.00   65.99
22:41:26     all    0.06   10.73   22.29    0.00    0.00    9.70    0.00    0.00    0.00   57.23
22:41:27     all    0.00    7.34   21.42    0.00    0.00   10.17    0.00    0.00    0.00   61.06
22:41:28     all    0.00   45.66   20.25    0.00    0.00    9.21    0.00    0.00    0.00   24.89
22:41:29     all    0.00   41.54   19.82    0.00    0.00    9.06    0.00    0.00    0.00   29.57
22:41:30     all    0.06    6.61   20.26    0.00    0.00   10.52    0.00    0.00    0.00   62.55
22:41:31     all    0.00    7.68   20.30    0.00    0.00    9.65    0.00    0.00    0.00   62.37
22:41:32     all    0.03   12.87   21.34    0.00    0.00    9.02    0.00    0.00    0.00   56.74
22:41:33     all    0.00   31.48   17.92    0.00    0.00    7.44    0.00    0.00    0.00   43.16
22:41:34     all    0.00    5.95   17.36    0.00    0.00    7.75    0.00    0.00    0.00   68.94
22:41:35     all    0.00    2.39   16.14    0.00    0.00    8.26    0.00    0.00    0.00   73.21
22:41:36     all    0.00    3.24   16.35    0.00    0.00    7.43    0.00    0.00    0.00   72.98
22:41:37     all    0.00    2.23   16.91    0.00    0.00    8.02    0.00    0.00    0.00   72.84
22:41:38     all    0.00    8.12   14.27    0.00    0.00    7.35    0.00    0.00    0.00   70.26
22:41:39     all    0.00    7.58   14.45    0.00    0.00    7.22    0.00    0.00    0.00   70.75
22:41:40     all    0.03    6.05   14.17    0.00    0.00    7.22    0.00    0.00    0.00   72.52
22:41:41     all    0.00    7.74   13.96    0.00    0.00    7.58    0.00    0.00    0.00   70.73
22:41:42     all    0.03   24.39   13.32    0.00    0.00    6.57    0.00    0.00    0.00   55.69
22:41:43     all    0.00    9.21   12.79    0.00    0.00    7.19    0.00    0.00    0.00   70.81
22:41:44     all    0.00    2.72   12.83    0.00    0.00    7.65    0.00    0.00    0.00   76.80
22:41:45     all    0.00   33.44   12.18    0.00    0.00    6.12    0.00    0.00    0.00   48.26
22:41:46     all    0.00   24.40    9.71    0.00    0.00    4.58    0.00    0.00    0.00   61.31
22:41:47     all    0.03    3.90    9.74    0.00    0.00    6.03    0.00    0.00    0.00   80.29
22:41:48     all    0.00    0.26    8.26    0.00    0.00    5.24    0.00    0.00    0.00   86.24
22:41:49     all    0.00    0.13    7.26    0.00    0.00    4.83    0.00    0.00    0.00   87.78
22:41:50     all    0.06    0.10    7.64    0.00    0.00    4.95    0.00    0.00    0.00   87.25
22:41:51     all    0.00    0.13    7.80    0.00    0.00    5.36    0.00    0.00    0.00   86.71
22:41:52     all    0.00    0.55    7.60    0.00    0.00    4.57    0.00    0.00    0.00   87.28
22:41:53     all    0.00    1.13    8.16    0.00    0.00    4.48    0.00    0.00    0.00   86.23
22:41:54     all    0.00    1.74    7.92    0.00    0.00    5.54    0.00    0.00    0.00   84.81
22:41:55     all    0.00    0.19    7.40    0.00    0.00    4.14    0.00    0.00    0.00   88.27
22:41:56     all    0.00    0.64    7.86    0.00    0.00    4.88    0.00    0.00    0.00   86.62
22:41:57     all    0.00    2.06    6.19    0.00    0.00    4.26    0.00    0.00    0.00   87.49
22:41:58     all    0.00    0.13    6.73    0.00    0.00    3.94    0.00    0.00    0.00   89.20
22:41:59     all    0.00    0.06    7.12    0.00    0.00    4.34    0.00    0.00    0.00   88.47
22:42:00     all    0.10    0.06    6.50    0.00    0.00    3.73    0.00    0.00    0.00   89.61
22:42:01     all    0.35    0.10    7.04    0.00    0.00    4.66    0.00    0.00    0.00   87.86
22:42:02     all    0.03    0.35    6.35    0.00    0.00    3.82    0.00    0.00    0.00   89.44
22:42:03     all    0.00    1.26    6.18    0.00    0.00    3.83    0.00    0.00    0.00   88.73
22:42:04     all    0.00    1.40    6.76    0.00    0.00    4.43    0.00    0.00    0.00   87.40
22:42:05     all    0.00    0.10    7.19    0.00    0.00    4.78    0.00    0.00    0.00   87.93
22:42:06     all    0.00    0.45    6.33    0.00    0.00    3.85    0.00    0.00    0.00   89.37
22:42:07     all    0.00    0.58    6.24    0.00    0.00    3.79    0.00    0.00    0.00   89.39
22:42:08     all    0.00    0.16    7.25    0.00    0.00    4.43    0.00    0.00    0.00   88.16
22:42:09     all    0.00    1.19    6.32    0.00    0.00    4.04    0.00    0.00    0.00   88.45
22:42:10     all    0.03    0.06    6.38    0.00    0.00    4.25    0.00    0.00    0.00   89.27
22:42:11     all    0.00    1.67    6.04    0.00    0.00    3.92    0.00    0.00    0.00   88.38
22:42:12     all    0.03    0.06    7.33    0.00    0.00    4.44    0.00    0.00    0.00   88.14
22:42:13     all    0.00    0.06    6.99    0.00    0.00    4.12    0.00    0.00    0.00   88.82
22:42:14     all    0.00    0.10    6.76    0.00    0.00    4.00    0.00    0.00    0.00   89.14
22:42:15     all    0.00    0.13    6.07    0.00    0.00    3.68    0.00    0.00    0.00   90.12
22:42:16     all    0.00    1.00    7.13    0.00    0.00    3.95    0.00    0.00    0.00   87.92
22:42:17     all    0.00    0.10    7.22    0.00    0.00    3.93    0.00    0.00    0.00   88.76
22:42:18     all    0.00    0.06    6.72    0.00    0.00    4.05    0.00    0.00    0.00   89.16
22:42:19     all    0.00    1.48    6.24    0.00    0.00    3.89    0.00    0.00    0.00   88.38
22:42:20     all    0.06    0.87    5.99    0.00    0.00    4.13    0.00    0.00    0.00   88.95
22:42:21     all    0.00    0.45    7.59    0.00    0.00    4.60    0.00    0.00    0.00   87.36
22:42:22     all    0.03    0.06    7.37    0.00    0.00    4.44    0.00    0.00    0.00   88.10
22:42:23     all    0.00    1.03    6.11    0.00    0.00    3.73    0.00    0.00    0.00   89.13
22:42:24     all    0.00    0.13    6.90    0.00    0.00    4.35    0.00    0.00    0.00   88.63
22:42:25     all    0.00    0.06    6.83    0.00    0.00    4.64    0.00    0.00    0.00   88.46
22:42:26     all    0.00    0.06    7.41    0.00    0.00    4.93    0.00    0.00    0.00   87.60
22:42:27     all    0.00    0.78    6.59    0.00    0.00    3.59    0.00    0.00    0.00   89.05
22:42:28     all    0.00    2.18    6.41    0.00    0.00    4.17    0.00    0.00    0.00   87.24
22:42:29     all    0.00    0.06    6.51    0.00    0.00    4.25    0.00    0.00    0.00   89.17
22:42:30     all    0.06    0.03    6.97    0.00    0.00    4.26    0.00    0.00    0.00   88.67
22:42:31     all    0.00    0.10    7.03    0.00    0.00    4.39    0.00    0.00    0.00   88.49
22:42:32     all    0.03    1.15    6.87    0.00    0.00    4.33    0.00    0.00    0.00   87.62
22:42:33     all    0.00    0.74    7.01    0.00    0.00    5.06    0.00    0.00    0.00   87.19
22:42:34     all    0.00    0.10    6.51    0.00    0.00    4.22    0.00    0.00    0.00   89.18
22:42:35     all    0.00    0.06    6.76    0.00    0.00    4.04    0.00    0.00    0.00   89.13
22:42:36     all    0.00    1.18    6.92    0.00    0.00    4.00    0.00    0.00    0.00   87.90
22:42:37     all    0.00    0.06    6.73    0.00    0.00    4.21    0.00    0.00    0.00   89.00
22:42:38     all    0.00    3.68    6.44    0.00    0.00    3.52    0.00    0.00    0.00   86.35
22:42:39     all    0.03    0.00    5.14    0.00    0.00    2.89    0.00    0.00    0.00   91.94
22:42:40     all    0.10    0.83    5.21    0.00    0.00    3.07    0.00    0.00    0.00   90.79
22:42:41     all    0.03    1.96    5.17    0.00    0.00    3.40    0.00    0.00    0.00   89.44
22:42:42     all    0.00    2.04    3.67    0.00    0.00    2.17    0.00    0.00    0.00   92.11
22:42:43     all    0.00    5.80    3.06    0.00    0.00    1.59    0.00    0.00    0.00   89.54
22:42:44     all    0.00    0.03    2.41    0.00    0.00    1.36    0.00    0.00    0.00   96.20
22:42:45     all    0.00    0.00    1.90    0.00    0.00    1.30    0.00    0.00    0.00   96.80
22:42:46     all    0.00    1.97    3.24    0.00    0.00    1.65    0.00    0.00    0.00   93.14
22:42:47     all    0.19    1.85    3.05    0.00    0.00    1.78    0.00    0.00    0.00   93.13
22:42:48     all    0.00    1.56    3.43    0.00    0.00    1.78    0.00    0.00    0.00   93.24
22:42:49     all    0.03    0.92    3.74    0.00    0.00    2.19    0.00    0.00    0.00   93.12
22:42:50     all    0.10    0.03    3.75    0.00    0.00    2.04    0.00    0.00    0.00   94.08
22:42:51     all    0.00    0.03    3.49    0.00    0.00    2.29    0.00    0.00    0.00   94.19
22:42:52     all    0.03    1.40    2.55    0.00    0.00    1.46    0.00    0.00    0.00   94.56
22:42:53     all    0.00    0.06    3.66    0.00    0.00    1.88    0.00    0.00    0.00   94.40
22:42:54     all    0.00    0.00    3.44    0.00    0.00    2.04    0.00    0.00    0.00   94.51
22:42:55     all    0.00    0.03    3.54    0.00    0.00    2.23    0.00    0.00    0.00   94.20
22:42:56     all    0.00    0.06    2.74    0.00    0.00    1.82    0.00    0.00    0.00   95.37
22:42:57     all    0.00    0.00    2.29    0.00    0.00    1.43    0.00    0.00    0.00   96.28
22:42:58     all    0.00    0.03    0.88    0.00    0.00    0.44    0.00    0.00    0.00   98.65
22:42:59     all    0.03    0.00    0.00    0.00    0.00    0.00    0.00    0.00    0.00   99.97
22:43:00     all    0.06    0.00    0.06    0.00    0.00    0.00    0.00    0.00    0.00   99.87

Average:     all    0.02    7.29   15.59    0.00    0.00    6.58    0.00    0.00    0.00   70.52
