Linux 4.20.0+ (eternitystorage) 	01/13/24 	_x86_64_	(32 CPU)

23:02:37     CPU    %usr   %nice    %sys %iowait    %irq   %soft  %steal  %guest  %gnice   %idle
23:02:38     all    0.00    0.00    0.00    0.00    0.00    0.00    0.00    0.00    0.00  100.00
23:02:39     all    0.00    0.00    0.00    0.00    0.00    0.00    0.00    0.00    0.00  100.00
23:02:40     all    0.09    0.00    0.09    0.00    0.00    0.03    0.00    0.00    0.00   99.78
23:02:41     all    0.00    0.00    0.03    0.00    0.00    0.00    0.00    0.00    0.00   99.97
23:02:42     all    0.03    0.00    0.03    0.00    0.00    0.00    0.00    0.00    0.00   99.94
23:02:43     all    0.00    0.00    0.00    0.00    0.00    0.00    0.00    0.00    0.00  100.00
23:02:44     all    0.00    0.00    0.00    0.00    0.00    0.00    0.00    0.00    0.00  100.00
23:02:45     all    0.00    0.00    0.03    0.00    0.00    0.00    0.00    0.00    0.00   99.97
23:02:46     all    0.00    0.00    0.00    0.00    0.00    0.00    0.00    0.00    0.00  100.00
23:02:47     all    0.00    0.00    0.03    0.00    0.00    0.00    0.00    0.00    0.00   99.97
23:02:48     all    0.00    0.00    0.00    0.00    0.00    0.00    0.00    0.00    0.00  100.00
23:02:49     all    0.00    0.00    1.00    0.00    0.00    0.03    0.00    0.00    0.00   98.97
23:02:50     all    0.03    0.00    1.60    0.00    0.00    0.00    0.00    0.00    0.00   98.37
23:02:51     all    0.00    0.00    2.50    0.00    0.00    0.16    0.00    0.00    0.00   97.35
23:02:52     all    0.06    0.00    3.31    0.00    0.00    0.16    0.00    0.00    0.00   96.47
23:02:53     all    0.00    0.00    3.94    0.00    0.00    0.31    0.00    0.00    0.00   95.75
23:02:54     all    0.00    0.00    4.09    0.00    0.00    0.41    0.00    0.00    0.00   95.50
23:02:55     all    0.03    0.00    4.24    0.00    0.00    0.41    0.00    0.00    0.00   95.32
23:02:56     all    0.00    0.00    4.45    0.00    0.00    0.38    0.00    0.00    0.00   95.17
23:02:57     all    0.00    0.00    3.82    0.00    0.00    0.41    0.00    0.00    0.00   95.77
23:02:58     all    0.00    0.00    4.07    0.00    0.00    0.16    0.00    0.00    0.00   95.78
23:02:59     all    0.00    0.00    4.21    0.00    0.00    0.38    0.00    0.00    0.00   95.41
23:03:00     all    0.09    0.00    4.22    0.00    0.00    0.16    0.00    0.00    0.00   95.53
23:03:01     all    0.38    0.00    4.33    0.00    0.00    0.47    0.00    0.00    0.00   94.83
23:03:02     all    0.03    0.00    3.69    0.00    0.00    0.32    0.00    0.00    0.00   95.96
23:03:03     all    0.00    0.00    3.72    0.00    0.00    0.22    0.00    0.00    0.00   96.05
23:03:04     all    0.00    0.00    4.09    0.00    0.00    0.35    0.00    0.00    0.00   95.57
23:03:05     all    0.03    0.00    4.06    0.00    0.00    0.35    0.00    0.00    0.00   95.57
23:03:06     all    0.00    0.00    3.93    0.00    0.00    0.38    0.00    0.00    0.00   95.69
23:03:07     all    0.00    0.00    3.70    0.00    0.00    0.22    0.00    0.00    0.00   96.08
23:03:08     all    0.00    0.00    3.84    0.00    0.00    0.25    0.00    0.00    0.00   95.90
23:03:09     all    0.00    0.00    4.21    0.00    0.00    0.31    0.00    0.00    0.00   95.48
23:03:10     all    0.06    0.00    3.91    0.00    0.00    0.28    0.00    0.00    0.00   95.74
23:03:11     all    0.00    0.00    4.24    0.00    0.00    0.41    0.00    0.00    0.00   95.35
23:03:12     all    0.00    0.00    4.28    0.00    0.00    0.25    0.00    0.00    0.00   95.47
23:03:13     all    0.00    0.00    4.48    0.00    0.00    0.25    0.00    0.00    0.00   95.27
23:03:14     all    0.00    0.00    4.06    0.00    0.00    0.25    0.00    0.00    0.00   95.69
23:03:15     all    0.00    0.00    4.18    0.00    0.00    0.35    0.00    0.00    0.00   95.47
23:03:16     all    0.00    0.00    3.79    0.00    0.00    0.22    0.00    0.00    0.00   95.99
23:03:17     all    0.00    0.00    4.00    0.00    0.00    0.31    0.00    0.00    0.00   95.69
23:03:18     all    0.00    0.00    4.12    0.00    0.00    0.38    0.00    0.00    0.00   95.51
23:03:19     all    0.00    0.00    4.15    0.00    0.00    0.22    0.00    0.00    0.00   95.63
23:03:20     all    0.06    0.00    3.97    0.00    0.00    0.38    0.00    0.00    0.00   95.59
23:03:21     all    0.00    0.00    4.33    0.00    0.00    0.22    0.00    0.00    0.00   95.45
23:03:22     all    0.03    0.00    4.45    0.00    0.00    0.38    0.00    0.00    0.00   95.14
23:03:23     all    0.00    0.00    4.24    0.00    0.00    0.28    0.00    0.00    0.00   95.48
23:03:24     all    0.00    0.00    4.24    0.00    0.00    0.28    0.00    0.00    0.00   95.48
23:03:25     all    0.03    0.00    3.90    0.00    0.00    0.38    0.00    0.00    0.00   95.69
23:03:26     all    0.00    0.00    4.21    0.00    0.00    0.31    0.00    0.00    0.00   95.48
23:03:27     all    0.00    0.00    3.72    0.00    0.00    0.35    0.00    0.00    0.00   95.93
23:03:28     all    0.00    0.00    3.67    0.00    0.00    0.32    0.00    0.00    0.00   96.02
23:03:29     all    0.00    0.00    3.88    0.00    0.00    0.28    0.00    0.00    0.00   95.84
23:03:30     all    0.06    0.00    3.76    0.00    0.00    0.32    0.00    0.00    0.00   95.87
23:03:31     all    0.00    0.00    3.88    0.00    0.00    0.25    0.00    0.00    0.00   95.87
23:03:32     all    0.03    0.00    4.12    0.00    0.00    0.25    0.00    0.00    0.00   95.60
23:03:33     all    0.00    0.00    4.09    0.00    0.00    0.19    0.00    0.00    0.00   95.72
23:03:34     all    0.00    0.00    3.93    0.00    0.00    0.38    0.00    0.00    0.00   95.70
23:03:35     all    0.00    0.00    4.48    0.00    0.00    0.38    0.00    0.00    0.00   95.15
23:03:36     all    0.03    0.00    4.06    0.00    0.00    0.22    0.00    0.00    0.00   95.69
23:03:37     all    0.00    0.00    3.88    0.00    0.00    0.32    0.00    0.00    0.00   95.81
23:03:38     all    0.00    0.00    3.94    0.00    0.00    0.31    0.00    0.00    0.00   95.75
23:03:39     all    0.00    0.00    3.70    0.00    0.00    0.25    0.00    0.00    0.00   96.05
23:03:40     all    0.06    0.00    4.15    0.00    0.00    0.31    0.00    0.00    0.00   95.47
23:03:41     all    0.03    0.00    3.97    0.00    0.00    0.19    0.00    0.00    0.00   95.81
23:03:42     all    0.00    0.00    4.14    0.00    0.00    0.25    0.00    0.00    0.00   95.60
23:03:43     all    0.00    0.00    4.03    0.00    0.00    0.25    0.00    0.00    0.00   95.72
23:03:44     all    0.00    0.00    3.81    0.00    0.00    0.41    0.00    0.00    0.00   95.78
23:03:45     all    0.00    0.00    4.06    0.00    0.00    0.31    0.00    0.00    0.00   95.63
23:03:46     all    0.00    0.00    4.05    0.00    0.00    0.63    0.00    0.00    0.00   95.33
23:03:47     all    0.00    0.00    3.93    0.00    0.00    0.47    0.00    0.00    0.00   95.60
23:03:48     all    0.00    0.00    3.91    0.00    0.00    0.35    0.00    0.00    0.00   95.75
23:03:49     all    0.00    0.00    4.09    0.00    0.00    0.28    0.00    0.00    0.00   95.63
23:03:50     all    0.09    0.00    4.15    0.00    0.00    0.28    0.00    0.00    0.00   95.47
23:03:51     all    0.00    0.00    4.05    0.00    0.00    0.50    0.00    0.00    0.00   95.45
23:03:52     all    0.00    0.00    3.49    0.00    0.00    0.25    0.00    0.00    0.00   96.26
23:03:53     all    0.03    0.00    3.70    0.00    0.00    0.22    0.00    0.00    0.00   96.05
23:03:54     all    0.03    0.00    3.67    0.00    0.00    0.25    0.00    0.00    0.00   96.05
23:03:55     all    0.00    0.00    3.63    0.00    0.00    0.35    0.00    0.00    0.00   96.02
23:03:56     all    0.00    0.00    3.94    0.00    0.00    0.28    0.00    0.00    0.00   95.78
23:03:57     all    0.00    0.00    3.75    0.00    0.00    0.35    0.00    0.00    0.00   95.91
23:03:58     all    0.00    0.00    4.05    0.00    0.00    0.38    0.00    0.00    0.00   95.57
23:03:59     all    0.00    0.00    3.82    0.00    0.00    0.32    0.00    0.00    0.00   95.87
23:04:00     all    0.13    0.00    4.25    0.00    0.00    0.25    0.00    0.00    0.00   95.38
23:04:01     all    0.44    0.00    4.21    0.00    0.00    0.44    0.00    0.00    0.00   94.91
23:04:02     all    0.06    0.00    4.24    0.00    0.00    0.25    0.00    0.00    0.00   95.44
23:04:03     all    0.00    0.00    4.24    0.00    0.00    0.25    0.00    0.00    0.00   95.51
23:04:04     all    0.00    0.00    4.12    0.00    0.00    0.28    0.00    0.00    0.00   95.60
23:04:05     all    0.00    0.00    3.79    0.00    0.00    0.35    0.00    0.00    0.00   95.87
23:04:06     all    0.00    0.00    3.88    0.00    0.00    0.32    0.00    0.00    0.00   95.81
23:04:07     all    0.19    0.00    3.79    0.00    0.00    0.25    0.00    0.00    0.00   95.77
23:04:08     all    0.00    0.00    3.76    0.00    0.00    0.25    0.00    0.00    0.00   95.99
23:04:09     all    0.00    0.00    4.02    0.00    0.00    0.44    0.00    0.00    0.00   95.54
23:04:10     all    0.06    0.00    4.13    0.00    0.00    0.16    0.00    0.00    0.00   95.65
23:04:11     all    0.00    0.00    3.85    0.00    0.00    0.32    0.00    0.00    0.00   95.84
23:04:12     all    0.03    0.00    3.79    0.00    0.00    0.22    0.00    0.00    0.00   95.96
23:04:13     all    0.00    0.00    3.94    0.00    0.00    0.19    0.00    0.00    0.00   95.88
23:04:14     all    0.00    0.00    4.18    0.00    0.00    0.28    0.00    0.00    0.00   95.54
23:04:15     all    0.00    0.00    4.12    0.00    0.00    0.25    0.00    0.00    0.00   95.62
23:04:16     all    0.00    0.00    3.90    0.00    0.00    0.44    0.00    0.00    0.00   95.65
23:04:17     all    0.00    0.00    4.18    0.00    0.00    0.28    0.00    0.00    0.00   95.54
23:04:18     all    0.00    0.00    4.09    0.00    0.00    0.35    0.00    0.00    0.00   95.56
23:04:19     all    0.00    0.00    4.15    0.00    0.00    0.25    0.00    0.00    0.00   95.59
23:04:20     all    0.06    0.00    3.91    0.00    0.00    0.35    0.00    0.00    0.00   95.68
23:04:21     all    0.00    0.00    4.18    0.00    0.00    0.31    0.00    0.00    0.00   95.50
23:04:22     all    0.03    0.00    3.94    0.00    0.00    0.19    0.00    0.00    0.00   95.84
23:04:23     all    0.00    0.00    4.09    0.00    0.00    0.19    0.00    0.00    0.00   95.72
23:04:24     all    0.00    0.00    4.09    0.00    0.00    0.35    0.00    0.00    0.00   95.56
23:04:25     all    0.00    0.00    4.12    0.00    0.00    0.28    0.00    0.00    0.00   95.59
23:04:26     all    0.00    0.00    4.28    0.00    0.00    0.25    0.00    0.00    0.00   95.47
23:04:27     all    0.00    0.00    3.88    0.00    0.00    0.32    0.00    0.00    0.00   95.81
23:04:28     all    0.00    0.00    3.82    0.00    0.00    0.25    0.00    0.00    0.00   95.93
23:04:29     all    0.00    0.00    4.06    0.03    0.00    0.31    0.00    0.00    0.00   95.59
23:04:30     all    0.09    0.00    3.97    0.00    0.00    0.32    0.00    0.00    0.00   95.62
23:04:31     all    0.00    0.00    4.19    0.00    0.00    0.16    0.00    0.00    0.00   95.65
23:04:32     all    0.03    0.00    3.82    0.00    0.00    0.32    0.00    0.00    0.00   95.83
23:04:33     all    0.00    0.00    4.09    0.00    0.00    0.25    0.00    0.00    0.00   95.65
23:04:34     all    0.00    0.00    4.06    0.00    0.00    0.35    0.00    0.00    0.00   95.59
23:04:35     all    0.00    0.00    3.91    0.00    0.00    0.28    0.00    0.00    0.00   95.81
23:04:36     all    0.00    0.00    3.70    0.00    0.00    0.19    0.00    0.00    0.00   96.11
23:04:37     all    0.00    0.00    4.02    0.00    0.00    0.38    0.00    0.00    0.00   95.61
23:04:38     all    0.00    0.00    3.64    0.00    0.00    0.25    0.00    0.00    0.00   96.11
23:04:39     all    0.00    0.00    4.18    0.00    0.00    0.28    0.00    0.00    0.00   95.53
23:04:40     all    0.06    0.00    4.21    0.00    0.00    0.38    0.00    0.00    0.00   95.35
23:04:41     all    0.00    0.00    4.15    0.00    0.00    0.35    0.00    0.00    0.00   95.50
23:04:42     all    0.03    0.00    4.00    0.00    0.00    0.38    0.00    0.00    0.00   95.59
23:04:43     all    0.00    0.00    4.24    0.00    0.00    0.35    0.00    0.00    0.00   95.41
23:04:44     all    0.00    0.00    4.22    0.00    0.00    0.19    0.00    0.00    0.00   95.59
23:04:45     all    0.00    0.00    4.12    0.00    0.00    0.28    0.00    0.00    0.00   95.59
23:04:46     all    0.00    0.00    4.27    0.00    0.00    0.35    0.00    0.00    0.00   95.38
23:04:47     all    0.00    0.00    4.15    0.00    0.00    0.38    0.00    0.00    0.00   95.47
23:04:48     all    0.00    0.00    3.51    0.00    0.00    0.25    0.00    0.00    0.00   96.23
23:04:49     all    0.00    0.00    4.15    0.00    0.00    0.28    0.00    0.00    0.00   95.56
23:04:50     all    0.06    0.00    4.19    0.00    0.00    0.28    0.00    0.00    0.00   95.47
23:04:51     all    0.03    0.00    4.03    0.00    0.00    0.44    0.00    0.00    0.00   95.50
23:04:52     all    0.00    0.00    4.07    0.00    0.00    0.25    0.00    0.00    0.00   95.68
23:04:53     all    0.00    0.00    4.09    0.00    0.00    0.28    0.00    0.00    0.00   95.62
23:04:54     all    0.00    0.00    4.16    0.00    0.00    0.16    0.00    0.00    0.00   95.68
23:04:55     all    0.00    0.00    4.10    0.00    0.00    0.22    0.00    0.00    0.00   95.68
23:04:56     all    0.00    0.00    4.34    0.00    0.00    0.28    0.00    0.00    0.00   95.38
23:04:57     all    0.00    0.00    4.22    0.00    0.00    0.25    0.00    0.00    0.00   95.53
23:04:58     all    0.00    0.00    3.73    0.00    0.00    0.25    0.00    0.00    0.00   96.02
23:04:59     all    0.00    0.00    3.82    0.00    0.00    0.25    0.00    0.00    0.00   95.93
23:05:00     all    0.09    0.00    4.34    0.00    0.00    0.25    0.00    0.00    0.00   95.31
23:05:01     all    0.38    0.00    4.43    0.00    0.00    0.28    0.00    0.00    0.00   94.91
23:05:02     all    0.00    0.00    4.21    0.00    0.00    0.22    0.00    0.00    0.00   95.57
23:05:03     all    0.00    0.00    3.98    0.00    0.00    0.25    0.00    0.00    0.00   95.77
23:05:04     all    0.00    0.00    3.94    0.00    0.00    0.32    0.00    0.00    0.00   95.74
23:05:05     all    0.00    0.00    4.18    0.00    0.00    0.28    0.00    0.00    0.00   95.53
23:05:06     all    0.00    0.00    4.00    0.00    0.00    0.31    0.00    0.00    0.00   95.69
23:05:07     all    0.00    0.00    4.06    0.00    0.00    0.28    0.00    0.00    0.00   95.65
23:05:08     all    0.00    0.00    4.21    0.00    0.00    0.28    0.00    0.00    0.00   95.50
23:05:09     all    0.00    0.00    4.22    0.00    0.00    0.28    0.00    0.00    0.00   95.50
23:05:10     all    0.06    0.00    3.97    0.00    0.00    0.38    0.00    0.00    0.00   95.58
23:05:11     all    0.00    0.00    3.70    0.00    0.00    0.25    0.00    0.00    0.00   96.05
23:05:12     all    0.00    0.00    3.79    0.00    0.00    0.38    0.00    0.00    0.00   95.83
23:05:13     all    0.00    0.00    3.80    0.00    0.00    0.22    0.00    0.00    0.00   95.98
23:05:14     all    0.00    0.00    4.22    0.00    0.00    0.22    0.00    0.00    0.00   95.56
23:05:15     all    0.00    0.00    4.34    0.00    0.00    0.31    0.00    0.00    0.00   95.35
23:05:16     all    0.00    0.00    3.70    0.00    0.00    0.25    0.00    0.00    0.00   96.05
23:05:17     all    0.00    0.00    4.46    0.00    0.00    0.28    0.00    0.00    0.00   95.26
23:05:18     all    0.00    0.00    4.28    0.00    0.00    0.19    0.00    0.00    0.00   95.53
23:05:19     all    0.03    0.00    4.48    0.00    0.00    0.34    0.00    0.00    0.00   95.14
23:05:20     all    0.03    0.00    3.95    0.00    0.00    0.32    0.00    0.00    0.00   95.70
23:05:21     all    0.03    0.00    3.95    0.00    0.00    0.25    0.00    0.00    0.00   95.77
23:05:22     all    0.03    0.00    3.83    0.00    0.00    0.22    0.00    0.00    0.00   95.92
23:05:23     all    0.00    0.00    4.16    0.00    0.00    0.16    0.00    0.00    0.00   95.68
23:05:24     all    0.00    0.00    4.16    0.00    0.00    0.19    0.00    0.00    0.00   95.65
23:05:25     all    0.00    0.00    4.25    0.00    0.00    0.28    0.00    0.00    0.00   95.47
23:05:26     all    0.00    0.00    4.15    0.00    0.00    0.38    0.00    0.00    0.00   95.47
23:05:27     all    0.00    0.00    4.22    0.00    0.00    0.35    0.00    0.00    0.00   95.44
23:05:28     all    0.00    0.00    3.82    0.00    0.00    0.25    0.00    0.00    0.00   95.92
23:05:29     all    0.00    0.00    4.10    0.00    0.00    0.25    0.00    0.00    0.00   95.65
23:05:30     all    0.06    0.00    4.28    0.00    0.00    0.25    0.00    0.00    0.00   95.40
23:05:31     all    0.00    0.00    4.09    0.00    0.00    0.44    0.00    0.00    0.00   95.47
23:05:32     all    0.00    0.00    4.42    0.00    0.00    0.50    0.00    0.00    0.00   95.08
23:05:33     all    0.00    0.00    4.54    0.00    0.00    0.47    0.00    0.00    0.00   94.99
23:05:34     all    0.00    0.00    4.30    0.00    0.00    0.35    0.00    0.00    0.00   95.35
23:05:35     all    0.00    0.00    4.13    0.00    0.00    0.25    0.00    0.00    0.00   95.62
23:05:36     all    0.00    0.03    4.31    0.00    0.00    0.25    0.00    0.00    0.00   95.41
23:05:37     all    0.00    0.00    4.03    0.00    0.00    0.41    0.00    0.00    0.00   95.56
23:05:38     all    0.00    0.00    4.22    0.00    0.00    0.25    0.00    0.00    0.00   95.53
23:05:39     all    0.00    0.00    4.22    0.00    0.00    0.19    0.00    0.00    0.00   95.59
23:05:40     all    0.09    0.00    3.85    0.00    0.00    0.32    0.00    0.00    0.00   95.74
23:05:41     all    0.00    0.00    4.00    0.00    0.00    0.35    0.00    0.00    0.00   95.65
23:05:42     all    0.06    0.00    4.46    0.00    0.00    0.22    0.00    0.00    0.00   95.26
23:05:43     all    0.00    0.00    4.30    0.00    0.00    0.38    0.00    0.00    0.00   95.32
23:05:44     all    0.00    0.00    4.31    0.00    0.00    0.22    0.00    0.00    0.00   95.47
23:05:45     all    0.00    0.00    4.15    0.00    0.00    0.35    0.00    0.00    0.00   95.50
23:05:46     all    0.00    0.00    3.91    0.00    0.00    0.28    0.00    0.00    0.00   95.81
23:05:47     all    0.00    0.00    4.25    0.00    0.00    0.28    0.00    0.00    0.00   95.47
23:05:48     all    0.00    0.00    3.76    0.00    0.00    0.32    0.00    0.00    0.00   95.93
23:05:49     all    0.00    0.00    4.57    0.00    0.00    0.41    0.00    0.00    0.00   95.02
23:05:50     all    0.06    0.00    4.19    0.00    0.00    0.31    0.00    0.00    0.00   95.43
23:05:51     all    0.00    0.00    4.12    0.00    0.00    0.53    0.00    0.00    0.00   95.35
23:05:52     all    0.03    0.00    4.07    0.00    0.00    0.28    0.00    0.00    0.00   95.62
23:05:53     all    0.00    0.00    4.24    0.00    0.00    0.31    0.00    0.00    0.00   95.44
23:05:54     all    0.00    0.00    3.85    0.00    0.00    0.41    0.00    0.00    0.00   95.74
23:05:55     all    0.00    0.00    3.88    0.00    0.00    0.32    0.00    0.00    0.00   95.80
23:05:56     all    0.00    0.00    4.27    0.00    0.00    0.38    0.00    0.00    0.00   95.35
23:05:57     all    0.00    0.00    3.82    0.00    0.00    0.25    0.00    0.00    0.00   95.92
23:05:58     all    0.00    0.00    4.10    0.00    0.00    0.25    0.00    0.00    0.00   95.65
23:05:59     all    0.00    0.00    4.09    0.00    0.00    0.41    0.00    0.00    0.00   95.50
23:06:00     all    0.13    0.00    4.27    0.00    0.00    0.41    0.00    0.00    0.00   95.19
23:06:01     all    0.38    0.00    4.24    0.00    0.00    0.47    0.00    0.00    0.00   94.91
23:06:02     all    0.03    0.00    4.28    0.00    0.00    0.28    0.00    0.00    0.00   95.41
23:06:03     all    0.00    0.00    3.88    0.00    0.00    0.35    0.00    0.00    0.00   95.77
23:06:04     all    0.00    0.03    3.81    0.00    0.00    0.25    0.00    0.00    0.00   95.90
23:06:05     all    0.00    0.00    4.40    0.00    0.00    0.28    0.00    0.00    0.00   95.32
23:06:06     all    0.00    0.00    3.76    0.00    0.00    0.32    0.00    0.00    0.00   95.92
23:06:07     all    0.00    0.00    4.28    0.00    0.00    0.25    0.00    0.00    0.00   95.47
23:06:08     all    0.00    0.00    4.39    0.00    0.00    0.35    0.00    0.00    0.00   95.26
23:06:09     all    0.00    0.00    4.25    0.00    0.00    0.35    0.00    0.00    0.00   95.41
23:06:10     all    0.06    0.00    4.16    0.00    0.00    0.32    0.00    0.00    0.00   95.46
23:06:11     all    0.03    0.00    4.28    0.00    0.00    0.28    0.00    0.00    0.00   95.41
23:06:12     all    0.00    0.00    4.18    0.00    0.00    0.25    0.00    0.00    0.00   95.57
23:06:13     all    0.00    0.00    3.50    0.00    0.00    0.19    0.00    0.00    0.00   96.31
23:06:14     all    0.00    0.00    3.68    0.00    0.00    0.22    0.00    0.00    0.00   96.10
23:06:15     all    0.00    0.00    6.52    0.00    0.00    2.55    0.00    0.00    0.00   90.93
23:06:16     all    0.00    0.00    5.32    0.00    0.00    2.05    0.00    0.00    0.00   92.63
23:06:17     all    0.22    0.26    9.05    0.00    0.00    3.61    0.00    0.00    0.00   86.85
23:06:18     all    0.00    0.00   10.10    0.00    0.00    4.77    0.00    0.00    0.00   85.13
23:06:19     all    0.00    0.03   10.55    0.00    0.00    4.69    0.00    0.00    0.00   84.73
23:06:20     all    0.10    0.00   10.06    0.00    0.00    5.05    0.00    0.00    0.00   84.79
23:06:21     all    0.00    0.03   10.11    0.00    0.00    4.97    0.00    0.00    0.00   84.89
23:06:22     all    0.03    0.03   10.97    0.00    0.00    4.60    0.00    0.00    0.00   84.37
23:06:23     all    0.00    0.03   14.34    0.00    0.00    6.09    0.00    0.00    0.00   79.54
23:06:24     all    0.00    0.23   10.59    0.00    0.00    5.24    0.00    0.00    0.00   83.94
23:06:25     all    0.00    0.03   17.51    0.00    0.00    7.03    0.00    0.00    0.00   75.43
23:06:26     all    0.00    0.06   16.88    0.00    0.00    6.62    0.00    0.00    0.00   76.44
23:06:27     all    0.00    0.06   17.34    0.00    0.00    6.47    0.00    0.00    0.00   76.12
23:06:28     all    0.00    0.10   16.88    0.00    0.00    6.53    0.00    0.00    0.00   76.49
23:06:29     all    0.00    0.06   16.17    0.00    0.00    7.11    0.00    0.00    0.00   76.66
23:06:30     all    0.06    0.03   17.72    0.00    0.00    6.83    0.00    0.00    0.00   75.35
23:06:31     all    0.00    0.10   17.29    0.00    0.00    6.24    0.00    0.00    0.00   76.38
23:06:32     all    0.00    0.03   17.40    0.00    0.00    6.62    0.00    0.00    0.00   75.95
23:06:33     all    0.00    0.10   16.70    0.00    0.00    6.70    0.00    0.00    0.00   76.50
23:06:34     all    0.00    0.06   17.45    0.00    0.00    6.64    0.00    0.00    0.00   75.85
23:06:35     all    0.00    0.06   17.82    0.00    0.00    6.31    0.00    0.00    0.00   75.80
23:06:36     all    0.00    0.06   17.21    0.00    0.00    6.77    0.00    0.00    0.00   75.96
23:06:37     all    0.00    0.06   17.30    0.00    0.00    6.65    0.00    0.00    0.00   75.98
23:06:38     all    0.00    0.10   16.63    0.00    0.00    6.17    0.00    0.00    0.00   77.10
23:06:39     all    0.00    0.03   16.83    0.00    0.00    6.62    0.00    0.00    0.00   76.52
23:06:40     all    0.10    0.03   17.19    0.00    0.00    6.31    0.00    0.00    0.00   76.37
23:06:41     all    0.00    0.07   16.74    0.00    0.00    6.41    0.00    0.00    0.00   76.78
23:06:42     all    0.03    0.06   17.20    0.00    0.00    6.71    0.00    0.00    0.00   75.98
23:06:43     all    0.00    0.06   16.70    0.00    0.00    6.69    0.00    0.00    0.00   76.54
23:06:44     all    0.00    0.06   16.42    0.00    0.00    7.00    0.00    0.00    0.00   76.51
23:06:45     all    0.00    0.06   16.75    0.00    0.00    6.81    0.00    0.00    0.00   76.38
23:06:46     all    0.00    0.06   17.21    0.00    0.00    6.98    0.00    0.00    0.00   75.74
23:06:47     all    0.00    0.06   20.37    0.00    0.00    7.62    0.00    0.00    0.00   71.94
23:06:48     all    0.00    0.00   22.36    0.00    0.00    8.46    0.00    0.00    0.00   69.18
23:06:49     all    0.00    0.48   20.94    0.00    0.00    8.55    0.00    0.00    0.00   70.03
23:06:50     all    0.13    0.23   24.66    0.00    0.00    9.05    0.00    0.00    0.00   65.93
23:06:51     all    0.00    0.06   26.09    0.00    0.00   10.15    0.00    0.00    0.00   63.70
23:06:52     all    0.00    0.06   26.73    0.00    0.00    9.30    0.00    0.00    0.00   63.91
23:06:53     all    0.00    0.06   27.10    0.00    0.00    8.98    0.00    0.00    0.00   63.86
23:06:54     all    0.00    0.13   26.76    0.00    0.00    9.76    0.00    0.00    0.00   63.35
23:06:55     all    0.00    0.13   26.75    0.00    0.00    9.29    0.00    0.00    0.00   63.83
23:06:56     all    0.00    0.06   27.62    0.00    0.00   10.59    0.00    0.00    0.00   61.72
23:06:57     all    0.00    0.10   28.59    0.00    0.00    9.17    0.00    0.00    0.00   62.15
23:06:58     all    0.00    0.16   27.83    0.00    0.00    9.35    0.00    0.00    0.00   62.66
23:06:59     all    0.00    0.00   28.98    0.00    0.00    9.84    0.00    0.00    0.00   61.18
23:07:00     all    0.13    0.10   29.39    0.00    0.00    9.37    0.00    0.00    0.00   61.01
23:07:01     all    0.19    0.35   30.03    0.00    0.00    9.41    0.00    0.00    0.00   60.02
23:07:02     all    0.00    0.13   30.16    0.00    0.00    9.69    0.00    0.00    0.00   60.03
23:07:03     all    0.00    0.13   30.14    0.00    0.00   10.35    0.00    0.00    0.00   59.38
23:07:04     all    0.00    0.10   29.81    0.00    0.00   10.25    0.00    0.00    0.00   59.85
23:07:05     all    0.00    0.06   30.62    0.00    0.00    9.85    0.00    0.00    0.00   59.46
23:07:06     all    0.00    0.16   30.45    0.00    0.00    9.89    0.00    0.00    0.00   59.50
23:07:07     all    0.00    0.06   30.86    0.00    0.00    9.78    0.00    0.00    0.00   59.29
23:07:08     all    0.00    0.19   29.85    0.00    0.00   10.78    0.00    0.00    0.00   59.17
23:07:09     all    0.00    0.10   29.94    0.00    0.00   10.57    0.00    0.00    0.00   59.40
23:07:10     all    0.09    0.16   30.20    0.00    0.00   10.71    0.00    0.00    0.00   58.84
23:07:11     all    0.00    0.10   29.76    0.00    0.00   10.82    0.00    0.00    0.00   59.33
23:07:12     all    0.00    0.13   29.89    0.00    0.00   10.44    0.00    0.00    0.00   59.54
23:07:13     all    0.00    0.10   29.66    0.00    0.00   10.22    0.00    0.00    0.00   60.03
23:07:14     all    0.00    0.10   30.37    0.00    0.00    9.62    0.00    0.00    0.00   59.91
23:07:15     all    0.00    0.16   30.14    0.00    0.00   10.12    0.00    0.00    0.00   59.58
23:07:16     all    0.00    0.06   29.67    0.00    0.00    9.97    0.00    0.00    0.00   60.30
23:07:17     all    0.00    0.13   30.23    0.00    0.00    9.57    0.00    0.00    0.00   60.07
23:07:18     all    0.00    0.13   30.69    0.00    0.00   10.11    0.00    0.00    0.00   59.07
23:07:19     all    0.00    0.10   29.86    0.00    0.00   10.01    0.00    0.00    0.00   60.04
23:07:20     all    0.10    0.10   30.55    0.00    0.00    9.81    0.00    0.00    0.00   59.45
23:07:21     all    0.00    0.13   30.04    0.00    0.00    9.81    0.00    0.00    0.00   60.02
23:07:22     all    0.03    0.06   30.56    0.00    0.00    9.69    0.00    0.00    0.00   59.66
23:07:23     all    0.00    0.13   30.09    0.00    0.00   10.14    0.00    0.00    0.00   59.64
23:07:24     all    0.00    0.19   29.93    0.00    0.00    9.49    0.00    0.00    0.00   60.38
23:07:25     all    0.00    0.06   29.88    0.00    0.00   10.19    0.00    0.00    0.00   59.87
23:07:26     all    0.00    0.10   29.73    0.00    0.00   10.84    0.00    0.00    0.00   59.33
23:07:27     all    0.00    0.16   29.68    0.00    0.00   10.16    0.00    0.00    0.00   60.00
23:07:28     all    0.00    0.06   30.61    0.00    0.00   10.13    0.00    0.00    0.00   59.19
23:07:29     all    0.00    0.10   30.11    0.00    0.00   10.55    0.00    0.00    0.00   59.24
23:07:30     all    0.06    0.10   30.27    0.00    0.00   10.17    0.00    0.00    0.00   59.40
23:07:31     all    0.00    0.13   30.54    0.00    0.00    9.58    0.00    0.00    0.00   59.74
23:07:32     all    0.03    0.06   30.85    0.00    0.00    9.71    0.00    0.00    0.00   59.35
23:07:33     all    0.00    0.19   29.76    0.00    0.00   10.14    0.00    0.00    0.00   59.90
23:07:34     all    0.00    0.03   29.65    0.00    0.00   10.51    0.00    0.00    0.00   59.81
23:07:35     all    0.00    0.16   30.65    0.00    0.00    9.59    0.00    0.00    0.00   59.60
23:07:36     all    0.00    0.06   30.31    0.00    0.00    9.36    0.00    0.00    0.00   60.26
23:07:37     all    0.00    0.10   30.57    0.00    0.00   10.10    0.00    0.00    0.00   59.24
23:07:38     all    0.00    0.13   30.00    0.00    0.00    9.89    0.00    0.00    0.00   59.97
23:07:39     all    0.00    0.10   30.32    0.00    0.00    9.56    0.00    0.00    0.00   60.03
23:07:40     all    0.10    0.10   30.29    0.00    0.00   10.01    0.00    0.00    0.00   59.50
23:07:41     all    0.00    0.16   30.95    0.00    0.00    9.60    0.00    0.00    0.00   59.29
23:07:42     all    0.00    0.10   29.95    0.00    0.00   10.41    0.00    0.00    0.00   59.55
23:07:43     all    0.00    0.06   30.44    0.00    0.00    9.55    0.00    0.00    0.00   59.95
23:07:44     all    0.03    0.10   29.90    0.00    0.00    9.95    0.00    0.00    0.00   60.03
23:07:45     all    0.00    0.13   29.80    0.00    0.00    9.95    0.00    0.00    0.00   60.12
23:07:46     all    0.00    0.16   30.59    0.00    0.00    9.71    0.00    0.00    0.00   59.55
23:07:47     all    0.00    0.06   30.05    0.00    0.00   10.41    0.00    0.00    0.00   59.47
23:07:48     all    0.00    0.10   30.06    0.00    0.00    9.87    0.00    0.00    0.00   59.97
23:07:49     all    0.00    0.13   29.92    0.00    0.00    9.94    0.00    0.00    0.00   60.01
23:07:50     all    0.10    0.13   30.16    0.00    0.00    9.96    0.00    0.00    0.00   59.65
23:07:51     all    0.00    0.13   30.33    0.00    0.00   10.04    0.00    0.00    0.00   59.50
23:07:52     all    0.00    0.13   30.63    0.00    0.00    9.52    0.00    0.00    0.00   59.73
23:07:53     all    0.00    0.09   30.44    0.00    0.00   10.34    0.00    0.00    0.00   59.13
23:07:54     all    0.00    0.10   30.54    0.00    0.00    9.48    0.00    0.00    0.00   59.88
23:07:55     all    0.00    0.06   29.92    0.00    0.00    9.64    0.00    0.00    0.00   60.38
23:07:56     all    0.03    0.13   30.76    0.00    0.00    9.64    0.00    0.00    0.00   59.45
23:07:57     all    0.00    0.06   30.49    0.00    0.00    9.59    0.00    0.00    0.00   59.86
23:07:58     all    0.00    0.06   30.41    0.00    0.00    9.98    0.00    0.00    0.00   59.55
23:07:59     all    0.00    0.13   30.51    0.00    0.00    9.72    0.00    0.00    0.00   59.64
23:08:00     all    0.16    0.13   31.04    0.00    0.00    9.39    0.00    0.00    0.00   59.28
23:08:01     all    0.22    0.06   29.90    0.00    0.00   10.35    0.00    0.00    0.00   59.46
23:08:02     all    0.03    0.16   29.99    0.00    0.00    9.91    0.00    0.00    0.00   59.91
23:08:03     all    0.00    0.10   30.80    0.00    0.00    9.57    0.00    0.00    0.00   59.54
23:08:04     all    0.00    0.13   30.63    0.00    0.00    9.94    0.00    0.00    0.00   59.30
23:08:05     all    0.00    0.13   30.11    0.00    0.00   10.07    0.00    0.00    0.00   59.70
23:08:06     all    0.00    0.13   30.07    0.00    0.00   10.30    0.00    0.00    0.00   59.50
23:08:07     all    0.00    0.09   30.26    0.00    0.00   11.13    0.00    0.00    0.00   58.52
23:08:08     all    0.00    0.16   29.46    0.00    0.00   11.85    0.00    0.00    0.00   58.54
23:08:09     all    0.00    0.13   29.80    0.00    0.00   10.36    0.00    0.00    0.00   59.71
23:08:10     all    0.09    0.16   30.97    0.00    0.00    9.97    0.00    0.00    0.00   58.81
23:08:11     all    0.03    0.13   30.70    0.00    0.00    9.46    0.00    0.00    0.00   59.68
23:08:12     all    0.03    0.10   30.32    0.00    0.00    9.97    0.00    0.00    0.00   59.58
23:08:13     all    0.00    2.94   29.92    0.00    0.00   10.17    0.00    0.00    0.00   56.97
23:08:14     all    0.00    9.53   30.88    0.00    0.00    9.76    0.00    0.00    0.00   49.83
23:08:15     all    0.00    9.56   31.05    0.00    0.00    9.79    0.00    0.00    0.00   49.60
23:08:16     all    0.00    7.53   31.40    0.00    0.00    9.66    0.00    0.00    0.00   51.40
23:08:17     all    0.00    4.88   31.08    0.00    0.00    9.76    0.00    0.00    0.00   54.28
23:08:18     all    0.00    2.25   31.12    0.00    0.00    9.59    0.00    0.00    0.00   57.04
23:08:19     all    0.00    0.13   31.06    0.00    0.00   10.06    0.00    0.00    0.00   58.75
23:08:20     all    0.06    0.13   31.12    0.00    0.00    9.92    0.00    0.00    0.00   58.77
23:08:21     all    0.00    0.10   31.07    0.00    0.00   10.21    0.00    0.00    0.00   58.63
23:08:22     all    0.00    0.13   30.92    0.00    0.00   10.05    0.00    0.00    0.00   58.90
23:08:23     all    0.00    0.13   30.13    0.00    0.00   10.22    0.00    0.00    0.00   59.52
23:08:24     all    0.00    0.48   28.72    0.00    0.00   10.85    0.00    0.00    0.00   59.96
23:08:25     all    0.00    0.38   28.10    0.00    0.00   11.04    0.00    0.00    0.00   60.47
23:08:26     all    0.03    0.32   28.58    0.00    0.00   10.73    0.00    0.00    0.00   60.33
23:08:27     all    0.19    0.29   28.56    0.00    0.00   10.67    0.00    0.00    0.00   60.29
23:08:28     all    0.00    0.26   28.73    0.00    0.00   10.57    0.00    0.00    0.00   60.44
23:08:29     all    0.00    0.38   28.48    0.00    0.00   10.78    0.00    0.00    0.00   60.35
23:08:30     all    0.10    0.35   28.24    0.00    0.00   10.69    0.00    0.00    0.00   60.62
23:08:31     all    0.00    0.38   28.46    0.00    0.00   10.54    0.00    0.00    0.00   60.62
23:08:32     all    0.00    6.53   27.42    0.00    0.00   10.01    0.00    0.00    0.00   56.03
23:08:33     all    0.00    8.66   26.21    0.00    0.00   10.18    0.00    0.00    0.00   54.95
23:08:34     all    0.00    3.26   27.14    0.00    0.00    9.96    0.00    0.00    0.00   59.64
23:08:35     all    0.00    0.80   27.10    0.00    0.00   10.61    0.00    0.00    0.00   61.49
23:08:36     all    0.00    0.42   26.87    0.00    0.00   10.23    0.00    0.00    0.00   62.48
23:08:37     all    0.00    0.54   27.59    0.00    0.00   10.75    0.00    0.00    0.00   61.12
23:08:38     all    0.00    0.77   27.63    0.00    0.00   10.21    0.00    0.00    0.00   61.38
23:08:39     all    0.00    0.32   27.85    0.00    0.00    9.96    0.00    0.00    0.00   61.88
23:08:40     all    0.06    8.66   27.79    0.00    0.00    9.66    0.00    0.00    0.00   53.82
23:08:41     all    0.00    8.09   27.79    0.00    0.00    9.11    0.00    0.00    0.00   55.01
23:08:42     all    0.03    2.20   25.38    0.00    0.00   10.17    0.00    0.00    0.00   62.22
23:08:43     all    0.00    1.08   26.54    0.00    0.00    9.99    0.00    0.00    0.00   62.38
23:08:44     all    0.00    3.13   26.53    0.00    0.00   10.15    0.00    0.00    0.00   60.19
23:08:45     all    0.00    4.28   27.96    0.00    0.00   10.30    0.00    0.00    0.00   57.46
23:08:46     all    0.00    0.78   25.36    0.00    0.00   10.35    0.00    0.00    0.00   63.52
23:08:47     all    0.00    0.45   25.19    0.00    0.00    9.53    0.00    0.00    0.00   64.83
23:08:48     all    0.00    0.51   25.65    0.00    0.00   10.08    0.00    0.00    0.00   63.76
23:08:49     all    0.00    0.80   24.73    0.00    0.00   10.62    0.00    0.00    0.00   63.84
23:08:50     all    0.13    0.39   25.34    0.00    0.00   10.32    0.00    0.00    0.00   63.83
23:08:51     all    0.00    3.05   25.31    0.00    0.00    9.90    0.00    0.00    0.00   61.75
23:08:52     all    0.03    0.68   25.12    0.00    0.00   10.43    0.00    0.00    0.00   63.73
23:08:53     all    0.00    4.98   24.75    0.00    0.00    9.73    0.00    0.00    0.00   60.54
23:08:54     all    0.00    0.94   24.93    0.00    0.00    9.94    0.00    0.00    0.00   64.19
23:08:55     all    0.00    2.49   25.45    0.00    0.00   10.90    0.00    0.00    0.00   61.16
23:08:56     all    0.00    1.36   27.12    0.00    0.00   11.46    0.00    0.00    0.00   60.06
23:08:57     all    0.00    1.29   28.09    0.00    0.00   11.48    0.00    0.00    0.00   59.14
23:08:58     all    0.00    1.74   27.47    0.00    0.00   10.89    0.00    0.00    0.00   59.90
23:08:59     all    0.00    6.68   28.17    0.00    0.00    9.79    0.00    0.00    0.00   55.36
23:09:00     all    0.16    1.93   29.38    0.00    0.00    9.77    0.00    0.00    0.00   58.76
23:09:01     all    0.16    1.16   28.56    0.00    0.00   10.26    0.00    0.00    0.00   59.86
23:09:02     all    0.00    8.24   28.74    0.00    0.00   10.52    0.00    0.00    0.00   52.50
23:09:03     all    0.00    9.62   29.10    0.00    0.00    9.98    0.00    0.00    0.00   51.30
23:09:04     all    0.00   18.38   29.16    0.00    0.00    9.91    0.00    0.00    0.00   42.55
23:09:05     all    0.03   18.75   30.00    0.00    0.00   10.26    0.00    0.00    0.00   40.96
23:09:06     all    0.00   13.78   29.56    0.00    0.00   10.68    0.00    0.00    0.00   45.98
23:09:07     all    0.03   11.48   28.13    0.00    0.00   10.74    0.00    0.00    0.00   49.62
23:09:08     all    0.00   10.78   27.87    0.00    0.00   11.01    0.00    0.00    0.00   50.34
23:09:09     all    0.00    3.90   27.81    0.00    0.00   10.73    0.00    0.00    0.00   57.56
23:09:10     all    0.10    1.87   28.61    0.00    0.00   10.34    0.00    0.00    0.00   59.09
23:09:11     all    0.00    2.07   28.74    0.00    0.00   10.91    0.00    0.00    0.00   58.28
23:09:12     all    0.03    9.41   29.69    0.00    0.00   10.46    0.00    0.00    0.00   50.41
23:09:13     all    0.00    9.89   29.92    0.00    0.00   10.62    0.00    0.00    0.00   49.57
23:09:14     all    0.00   14.51   29.29    0.00    0.00   10.35    0.00    0.00    0.00   45.85
23:09:15     all    0.00   10.67   29.03    0.00    0.00   10.64    0.00    0.00    0.00   49.66
23:09:16     all    0.00    5.51   29.67    0.00    0.00   10.51    0.00    0.00    0.00   54.31
23:09:17     all    0.00    6.83   30.34    0.00    0.00    9.57    0.00    0.00    0.00   53.26
23:09:18     all    0.00    7.41   29.32    0.00    0.00   10.76    0.00    0.00    0.00   52.51
23:09:19     all    0.00    7.90   29.50    0.00    0.00   10.11    0.00    0.00    0.00   52.48
23:09:20     all    0.13    6.86   29.28    0.00    0.00   10.33    0.00    0.00    0.00   53.40
23:09:21     all    0.00    7.12   29.90    0.00    0.00   11.58    0.00    0.00    0.00   51.40
23:09:22     all    0.00   13.29   29.01    0.00    0.00   10.33    0.00    0.00    0.00   47.37
23:09:23     all    0.00    6.20   28.60    0.00    0.00   10.44    0.00    0.00    0.00   54.76
23:09:24     all    0.00    7.97   28.55    0.00    0.00   10.81    0.00    0.00    0.00   52.68
23:09:25     all    0.00    3.73   29.93    0.00    0.00   11.15    0.00    0.00    0.00   55.19
23:09:26     all    0.00    2.30   29.14    0.00    0.00   10.39    0.00    0.00    0.00   58.17
23:09:27     all    0.00    3.50   27.37    0.00    0.00   10.56    0.00    0.00    0.00   58.57
23:09:28     all    0.00    1.48   29.44    0.00    0.00   10.01    0.00    0.00    0.00   59.08
23:09:29     all    0.00    5.71   28.81    0.00    0.00   10.56    0.00    0.00    0.00   54.92
23:09:30     all    0.06    9.06   28.27    0.00    0.00   10.82    0.00    0.00    0.00   51.78
23:09:31     all    0.00    2.70   28.47    0.00    0.00   10.64    0.00    0.00    0.00   58.19
23:09:32     all    0.00    2.24   28.64    0.00    0.00   10.54    0.00    0.00    0.00   58.57
23:09:33     all    0.00    3.14   28.46    0.00    0.00   10.01    0.00    0.00    0.00   58.39
23:09:34     all    0.00    9.33   28.21    0.00    0.00   10.87    0.00    0.00    0.00   51.59
23:09:35     all    0.00    7.51   29.23    0.00    0.00   10.48    0.00    0.00    0.00   52.78
23:09:36     all    0.19    9.38   28.17    0.00    0.00   11.55    0.00    0.00    0.00   50.70
23:09:37     all    0.00    2.79   28.83    0.00    0.00   10.68    0.00    0.00    0.00   57.70
23:09:38     all    0.00    4.57   28.58    0.00    0.00   11.21    0.00    0.00    0.00   55.65
23:09:39     all    0.00   14.39   28.33    0.00    0.00   10.86    0.00    0.00    0.00   46.42
23:09:40     all    0.03    2.40   29.60    0.00    0.00   11.70    0.00    0.00    0.00   56.27
23:09:41     all    0.00    3.72   30.30    0.00    0.00   10.76    0.00    0.00    0.00   55.22
23:09:42     all    0.03    7.30   30.27    0.00    0.00   10.29    0.00    0.00    0.00   52.10
23:09:43     all    0.00    4.15   29.31    0.00    0.00   10.86    0.00    0.00    0.00   55.69
23:09:44     all    0.00    1.31   29.77    0.00    0.00   10.49    0.00    0.00    0.00   58.43
23:09:45     all    0.00    6.29   29.28    0.00    0.00   10.34    0.00    0.00    0.00   54.09
23:09:46     all    0.00    7.20   27.69    0.00    0.00   11.40    0.00    0.00    0.00   53.71
23:09:47     all    0.00    3.90   28.26    0.00    0.00   11.22    0.00    0.00    0.00   56.62
23:09:48     all    0.00   11.68   28.79    0.00    0.00    9.87    0.00    0.00    0.00   49.66
23:09:49     all    0.00    8.35   28.59    0.00    0.00   10.15    0.00    0.00    0.00   52.91
23:09:50     all    0.06    7.88   27.57    0.00    0.00   10.82    0.00    0.00    0.00   53.67
23:09:51     all    0.00    1.06   28.55    0.00    0.00   10.79    0.00    0.00    0.00   59.60
23:09:52     all    0.03    3.37   28.13    0.00    0.00   11.73    0.00    0.00    0.00   56.74
23:09:53     all    0.00    4.43   27.85    0.00    0.00   11.08    0.00    0.00    0.00   56.63
23:09:54     all    0.00    4.80   28.70    0.00    0.00   10.05    0.00    0.00    0.00   56.45
23:09:55     all    0.00    4.73   29.24    0.00    0.00   10.59    0.00    0.00    0.00   55.44
23:09:56     all    0.00    1.74   29.69    0.00    0.00    9.93    0.00    0.00    0.00   58.64
23:09:57     all    0.00    6.69   28.83    0.00    0.00   11.57    0.00    0.00    0.00   52.92
23:09:58     all    0.00    7.21   28.59    0.00    0.00   11.50    0.00    0.00    0.00   52.70
23:09:59     all    0.00    6.95   28.77    0.00    0.00   10.35    0.00    0.00    0.00   53.93
23:10:00     all    0.13    4.83   29.54    0.00    0.00   11.06    0.00    0.00    0.00   54.44
23:10:01     all    0.16    4.49   29.27    0.00    0.00   11.53    0.00    0.00    0.00   54.55
23:10:02     all    0.00    1.75   29.67    0.00    0.00   11.04    0.00    0.00    0.00   57.54
23:10:03     all    0.00    2.87   28.40    0.00    0.00   11.94    0.00    0.00    0.00   56.80
23:10:04     all    0.00   16.68   28.67    0.00    0.00   11.28    0.00    0.00    0.00   43.37
23:10:05     all    0.00   17.01   28.90    0.00    0.00   10.71    0.00    0.00    0.00   43.38
23:10:06     all    0.00    2.95   29.95    0.00    0.00   10.31    0.00    0.00    0.00   56.79
23:10:07     all    0.00    5.77   29.12    0.00    0.00   11.07    0.00    0.00    0.00   54.04
23:10:08     all    0.00    3.33   28.66    0.00    0.00   11.20    0.00    0.00    0.00   56.81
23:10:09     all    0.00    1.64   26.94    0.00    0.00   10.52    0.00    0.00    0.00   60.89
23:10:10     all    0.06    7.64   28.33    0.00    0.00   10.31    0.00    0.00    0.00   53.66
23:10:11     all    0.00    2.72   29.62    0.00    0.00   12.02    0.00    0.00    0.00   55.64
23:10:12     all    0.00    7.48   29.96    0.00    0.00   10.04    0.00    0.00    0.00   52.53
23:10:13     all    0.00    2.29   29.96    0.00    0.00   10.48    0.00    0.00    0.00   57.27
23:10:14     all    0.00    3.29   29.72    0.00    0.00   10.24    0.00    0.00    0.00   56.75
23:10:15     all    0.00    0.87   27.19    0.00    0.00   10.84    0.00    0.00    0.00   61.10
23:10:16     all    0.00    1.30   20.74    0.00    0.00   10.06    0.00    0.00    0.00   67.90
23:10:17     all    0.00    0.49   19.02    0.00    0.00   10.44    0.00    0.00    0.00   70.06
23:10:18     all    0.00   17.04   24.44    0.00    0.00    9.94    0.00    0.00    0.00   48.58
23:10:19     all    0.00    9.23   25.01    0.00    0.00   10.97    0.00    0.00    0.00   54.79
23:10:20     all    0.03    0.61   24.44    0.00    0.00   11.43    0.00    0.00    0.00   63.49
23:10:21     all    0.00    2.95   23.39    0.00    0.00   10.71    0.00    0.00    0.00   62.95
23:10:22     all    0.03    7.18   24.19    0.00    0.00   10.92    0.00    0.00    0.00   57.67
23:10:23     all    0.00    1.23   25.02    0.00    0.00   10.87    0.00    0.00    0.00   62.88
23:10:24     all    0.00    0.93   25.51    0.00    0.00   10.84    0.00    0.00    0.00   62.72
23:10:25     all    0.00    0.74   25.49    0.00    0.00   11.15    0.00    0.00    0.00   62.62
23:10:26     all    0.00    0.90   21.59    0.00    0.00   10.86    0.00    0.00    0.00   66.65
23:10:27     all    0.00    3.88   19.86    0.00    0.00    9.49    0.00    0.00    0.00   66.76
23:10:28     all    0.00    5.12   20.38    0.00    0.00    9.42    0.00    0.00    0.00   65.08
23:10:29     all    0.00    6.25   20.85    0.00    0.00    9.66    0.00    0.00    0.00   63.24
23:10:30     all    0.06    0.74   21.69    0.00    0.00    9.59    0.00    0.00    0.00   67.91
23:10:31     all    0.00    0.45   15.95    0.00    0.00    9.00    0.00    0.00    0.00   74.59
23:10:32     all    0.03    0.16   12.05    0.00    0.00    7.38    0.00    0.00    0.00   80.39
23:10:33     all    0.00    0.23   11.00    0.00    0.00    7.44    0.00    0.00    0.00   81.33
23:10:34     all    0.00    0.06    9.90    0.00    0.00    5.78    0.00    0.00    0.00   84.26
23:10:35     all    0.00    0.06    9.64    0.00    0.00    6.56    0.00    0.00    0.00   83.74
23:10:36     all    0.00    0.03   10.28    0.00    0.00    6.10    0.00    0.00    0.00   83.59
23:10:37     all    0.19    0.06   10.74    0.00    0.00    6.29    0.00    0.00    0.00   82.71
23:10:38     all    0.00    0.10   10.33    0.00    0.00    5.65    0.00    0.00    0.00   83.91
23:10:39     all    0.00    5.30   10.40    0.00    0.00    6.44    0.00    0.00    0.00   77.86
23:10:40     all    0.10    0.06   10.74    0.00    0.00    6.56    0.00    0.00    0.00   82.54
23:10:41     all    0.00    0.03   10.38    0.00    0.00    6.83    0.00    0.00    0.00   82.75
23:10:42     all    0.03    0.07   11.17    0.00    0.00    6.68    0.00    0.00    0.00   82.05
23:10:43     all    0.00    0.03   10.93    0.00    0.00    6.49    0.00    0.00    0.00   82.56
23:10:44     all    0.00    0.07   11.36    0.00    0.00    6.81    0.00    0.00    0.00   81.76
23:10:45     all    0.00    0.03   11.36    0.00    0.00    6.81    0.00    0.00    0.00   81.80
23:10:46     all    0.00    0.07   11.57    0.00    0.00    6.89    0.00    0.00    0.00   81.47
23:10:47     all    0.00    0.06   11.96    0.00    0.00    6.74    0.00    0.00    0.00   81.24
23:10:48     all    0.00    0.03   11.27    0.00    0.00    6.87    0.00    0.00    0.00   81.82
23:10:49     all    0.00    3.76   10.74    0.00    0.00    6.85    0.00    0.00    0.00   78.65
23:10:50     all    0.10    0.00   11.18    0.00    0.00    6.71    0.00    0.00    0.00   82.01
23:10:51     all    0.00    0.13   11.22    0.00    0.00    6.59    0.00    0.00    0.00   82.07
23:10:52     all    0.03    0.03   11.89    0.00    0.00    6.50    0.00    0.00    0.00   81.55
23:10:53     all    0.00    0.06   12.44    0.00    0.00    6.88    0.00    0.00    0.00   80.62
23:10:54     all    0.00    0.06   12.14    0.00    0.00    7.19    0.00    0.00    0.00   80.60
23:10:55     all    0.00    0.07   12.53    0.00    0.00    6.25    0.00    0.00    0.00   81.16
23:10:56     all    0.00    0.10   11.71    0.00    0.00    6.67    0.00    0.00    0.00   81.52
23:10:57     all    0.00    0.10   11.21    0.00    0.00    6.39    0.00    0.00    0.00   82.31
23:10:58     all    0.00    0.06   11.33    0.00    0.00    6.65    0.00    0.00    0.00   81.96
23:10:59     all    0.00    0.06   12.31    0.00    0.00    6.87    0.00    0.00    0.00   80.75
23:11:00     all    0.16    0.07   11.97    0.00    0.00    6.59    0.00    0.00    0.00   81.21
23:11:01     all    0.23    4.29   10.62    0.00    0.00    7.07    0.00    0.00    0.00   77.80
23:11:02     all    0.00    0.06   10.72    0.00    0.00    6.32    0.00    0.00    0.00   82.90
23:11:03     all    0.00    0.13   10.87    0.00    0.00    6.56    0.00    0.00    0.00   82.44
23:11:04     all    0.00    0.07   11.97    0.00    0.00    6.28    0.00    0.00    0.00   81.69
23:11:05     all    0.00    0.03   11.58    0.00    0.00    6.56    0.00    0.00    0.00   81.83
23:11:06     all    0.00    0.07   11.54    0.00    0.00    6.74    0.00    0.00    0.00   81.65
23:11:07     all    0.00    0.00   11.53    0.00    0.00    6.77    0.00    0.00    0.00   81.70
23:11:08     all    0.00    0.03   11.34    0.00    0.00    8.11    0.00    0.00    0.00   80.52
23:11:09     all    0.00    0.06   11.65    0.00    0.00    7.14    0.00    0.00    0.00   81.15
23:11:10     all    0.10    0.10   12.12    0.00    0.00    6.60    0.00    0.00    0.00   81.09
23:11:11     all    0.00    0.00   11.78    0.00    0.00    7.11    0.00    0.00    0.00   81.11
23:11:12     all    0.00    0.06   12.14    0.00    0.00    7.10    0.00    0.00    0.00   80.70
23:11:13     all    0.00    0.03   11.52    0.00    0.00    6.68    0.00    0.00    0.00   81.77
23:11:14     all    0.03    0.06   12.11    0.00    0.00    7.32    0.00    0.00    0.00   80.48
23:11:15     all    0.00    0.10   12.12    0.00    0.00    7.10    0.00    0.00    0.00   80.69
23:11:16     all    0.00    0.03   12.61    0.00    0.00    6.87    0.00    0.00    0.00   80.49
23:11:17     all    0.00    0.10   11.84    0.00    0.00    7.15    0.00    0.00    0.00   80.91
23:11:18     all    0.00    0.07   11.89    0.00    0.00    6.58    0.00    0.00    0.00   81.46
23:11:19     all    0.00    0.00   12.02    0.00    0.00    6.60    0.00    0.00    0.00   81.38
23:11:20     all    0.10    0.07   11.87    0.00    0.00    6.84    0.00    0.00    0.00   81.12
23:11:21     all    0.00    0.06   12.60    0.00    0.00    7.06    0.00    0.00    0.00   80.28
23:11:22     all    0.03    0.10   11.64    0.00    0.00    6.81    0.00    0.00    0.00   81.42
23:11:23     all    0.00    0.03   12.06    0.00    0.00    6.94    0.00    0.00    0.00   80.96
23:11:24     all    0.00    0.07   11.74    0.00    0.00    7.13    0.00    0.00    0.00   81.07
23:11:25     all    0.00    0.07   12.19    0.00    0.00    7.12    0.00    0.00    0.00   80.62
23:11:26     all    0.00    0.06   12.27    0.00    0.00    7.66    0.00    0.00    0.00   80.00
23:11:27     all    0.00    0.00   12.13    0.00    0.00    6.93    0.00    0.00    0.00   80.94
23:11:28     all    0.00    0.07   12.11    0.00    0.00    7.23    0.00    0.00    0.00   80.60
23:11:29     all    0.00    0.06   12.14    0.00    0.00    7.14    0.00    0.00    0.00   80.65
23:11:30     all    0.10    0.07   12.30    0.00    0.00    6.90    0.00    0.00    0.00   80.64
23:11:31     all    0.00    0.07   11.81    0.00    0.00    6.74    0.00    0.00    0.00   81.39
23:11:32     all    0.03    0.06   12.88    0.00    0.00    7.28    0.00    0.00    0.00   79.73
23:11:33     all    0.00    0.03   11.16    0.00    0.00    7.15    0.00    0.00    0.00   81.66
23:11:34     all    0.03    0.07   12.16    0.00    0.00    7.51    0.00    0.00    0.00   80.23
23:11:35     all    0.00    0.03   11.81    0.00    0.00    7.48    0.00    0.00    0.00   80.68
23:11:36     all    0.16    0.13   12.79    0.00    0.00    6.95    0.00    0.00    0.00   79.97
23:11:37     all    0.00    0.03   11.95    0.00    0.00    7.33    0.00    0.00    0.00   80.69
23:11:38     all    0.00    0.07   12.30    0.00    0.00    7.03    0.00    0.00    0.00   80.61
23:11:39     all    0.00    0.07   11.75    0.00    0.00    6.40    0.00    0.00    0.00   81.78
23:11:40     all    0.10    0.10   12.28    0.00    0.00    6.63    0.00    0.00    0.00   80.89
23:11:41     all    0.03    0.03   12.80    0.00    0.00    7.29    0.00    0.00    0.00   79.84
23:11:42     all    0.03    0.10   11.52    0.00    0.00    6.76    0.00    0.00    0.00   81.59
23:11:43     all    0.00    0.07   12.61    0.00    0.00    6.83    0.00    0.00    0.00   80.50
23:11:44     all    0.00    0.03   12.55    0.00    0.00    6.84    0.00    0.00    0.00   80.58
23:11:45     all    0.00    0.03   12.37    0.00    0.00    6.95    0.00    0.00    0.00   80.65
23:11:46     all    0.00    0.06   12.49    0.00    0.00    6.86    0.00    0.00    0.00   80.58
23:11:47     all    0.00    0.10   12.15    0.00    0.00    7.15    0.00    0.00    0.00   80.60
23:11:48     all    0.00    0.06   12.21    0.00    0.00    6.82    0.00    0.00    0.00   80.90
23:11:49     all    0.00    0.07   11.37    0.00    0.00    7.25    0.00    0.00    0.00   81.31
23:11:50     all    0.13    0.07   12.10    0.00    0.00    6.69    0.00    0.00    0.00   81.01
23:11:51     all    0.00    0.03   11.72    0.00    0.00    6.75    0.00    0.00    0.00   81.50
23:11:52     all    0.00    0.07   11.98    0.00    0.00    6.92    0.00    0.00    0.00   81.04
23:11:53     all    0.00    0.10   12.07    0.00    0.00    7.12    0.00    0.00    0.00   80.71
23:11:54     all    0.00    0.07   12.34    0.00    0.00    7.23    0.00    0.00    0.00   80.37
23:11:55     all    0.00    0.03   12.04    0.00    0.00    6.43    0.00    0.00    0.00   81.49
23:11:56     all    0.00    0.03   11.51    0.00    0.00    7.14    0.00    0.00    0.00   81.32
23:11:57     all    0.00    0.10   12.11    0.00    0.00    6.45    0.00    0.00    0.00   81.34
23:11:58     all    0.00    0.07   12.19    0.00    0.00    7.11    0.00    0.00    0.00   80.64
23:11:59     all    0.00    0.07   11.72    0.00    0.00    6.89    0.00    0.00    0.00   81.32
23:12:00     all    0.23    0.00   12.20    0.00    0.00    7.37    0.00    0.00    0.00   80.20
23:12:01     all    0.20    0.07   12.11    0.00    0.00    6.63    0.00    0.00    0.00   81.00
23:12:02     all    0.03    0.03   12.78    0.00    0.00    7.42    0.00    0.00    0.00   79.73
23:12:03     all    0.00    0.03   12.00    0.00    0.00    7.01    0.00    0.00    0.00   80.96
23:12:04     all    0.00    0.07   11.24    0.00    0.00    6.86    0.00    0.00    0.00   81.84
23:12:05     all    0.00    0.03   11.66    0.00    0.00    6.71    0.00    0.00    0.00   81.60
23:12:06     all    0.00    0.07   11.29    0.00    0.00    7.18    0.00    0.00    0.00   81.47
23:12:07     all    0.00    0.03   11.35    0.00    0.00    6.51    0.00    0.00    0.00   82.10
23:12:08     all    0.00    0.07   10.69    0.00    0.00    6.29    0.00    0.00    0.00   82.95
23:12:09     all    0.00    0.07    9.92    0.00    0.00    5.79    0.00    0.00    0.00   84.22
23:12:10     all    0.07    0.00   10.01    0.00    0.00    6.29    0.00    0.00    0.00   83.63
23:12:11     all    0.00    0.07   10.36    0.00    0.00    6.11    0.00    0.00    0.00   83.47
23:12:12     all    0.03    0.10   10.85    0.00    0.00    6.04    0.00    0.00    0.00   82.98
23:12:13     all    0.00    0.03   10.55    0.00    0.00    5.73    0.00    0.00    0.00   83.69
23:12:14     all    0.03    0.06   10.19    0.00    0.00    6.49    0.00    0.00    0.00   83.22
23:12:15     all    0.00    0.39    9.74    0.00    0.00    5.69    0.00    0.00    0.00   84.17
23:12:16     all    0.00    3.00    9.22    0.00    0.00    5.41    0.00    0.00    0.00   82.38
23:12:17     all    0.00    0.07    9.21    0.00    0.00    5.60    0.00    0.00    0.00   85.13
23:12:18     all    0.00    0.06   10.19    0.00    0.00    5.37    0.00    0.00    0.00   84.37
23:12:19     all    0.00    0.19   12.21    0.00    0.00    7.50    0.00    0.00    0.00   80.09
23:12:20     all    0.10    0.39   13.19    0.00    0.00    6.95    0.00    0.00    0.00   79.37
23:12:21     all    0.00    0.29   12.38    0.00    0.00    6.88    0.00    0.00    0.00   80.45
23:12:22     all    0.00    4.39   12.54    0.00    0.00    7.08    0.00    0.00    0.00   75.99
23:12:23     all    0.00    0.29   12.21    0.00    0.00    7.24    0.00    0.00    0.00   80.25
23:12:24     all    0.00    0.29   12.08    0.00    0.00    6.72    0.00    0.00    0.00   80.91
23:12:25     all    0.00    0.39   10.30    0.00    0.00    5.59    0.00    0.00    0.00   83.72
23:12:26     all    0.00    0.19   11.13    0.00    0.00    6.61    0.00    0.00    0.00   82.07
23:12:27     all    0.00    5.19   10.83    0.00    0.00    6.57    0.00    0.00    0.00   77.41
23:12:28     all    0.00    1.88   11.78    0.00    0.00    7.05    0.00    0.00    0.00   79.29
23:12:29     all    0.00    0.32   11.48    0.00    0.00    6.85    0.00    0.00    0.00   81.34
23:12:30     all    0.10    0.58   13.54    0.00    0.00    7.66    0.00    0.00    0.00   78.12
23:12:31     all    0.00    0.58   13.39    0.00    0.00    7.90    0.00    0.00    0.00   78.13
23:12:32     all    0.03    0.68   16.49    0.00    0.00    9.36    0.00    0.00    0.00   73.44
23:12:33     all    0.00    1.07   15.32    0.00    0.00    8.52    0.00    0.00    0.00   75.10
23:12:34     all    0.00    6.50   18.44    0.00    0.00    9.51    0.00    0.00    0.00   65.55
23:12:35     all    0.00    7.21   22.40    0.00    0.00   10.71    0.00    0.00    0.00   59.68
23:12:36     all    0.00    2.82   22.16    0.00    0.00    9.85    0.00    0.00    0.00   65.18
23:12:37     all    0.00    2.43   18.49    0.00    0.00   10.09    0.00    0.00    0.00   68.98
23:12:38     all    0.00    3.87   16.88    0.00    0.00    9.50    0.00    0.00    0.00   69.75
23:12:39     all    0.00    7.78   15.53    0.00    0.00    9.12    0.00    0.00    0.00   67.56
23:12:40     all    0.06    6.93   16.69    0.00    0.00    9.07    0.00    0.00    0.00   67.24
23:12:41     all    0.00   12.81   15.90    0.00    0.00    8.91    0.00    0.00    0.00   62.39
23:12:42     all    0.03    4.61   18.71    0.00    0.00   10.36    0.00    0.00    0.00   66.28
23:12:43     all    0.00    1.52   16.98    0.00    0.00    9.17    0.00    0.00    0.00   72.33
23:12:44     all    0.00    1.49   17.77    0.00    0.00    9.73    0.00    0.00    0.00   71.00
23:12:45     all    0.00    3.95   16.85    0.00    0.00    9.57    0.00    0.00    0.00   69.63
23:12:46     all    0.00    9.02   18.59    0.00    0.00    9.41    0.00    0.00    0.00   62.98
23:12:47     all    0.20    2.02   17.42    0.00    0.00    9.26    0.00    0.00    0.00   71.10
23:12:48     all    0.00   13.55   18.81    0.00    0.00    9.79    0.00    0.00    0.00   57.85
23:12:49     all    0.00    6.22   27.23    0.00    0.00   11.37    0.00    0.00    0.00   55.17
23:12:50     all    0.06    6.05   27.78    0.00    0.00   10.18    0.00    0.00    0.00   55.94
23:12:51     all    0.00    3.55   25.15    0.00    0.00   11.14    0.00    0.00    0.00   60.16
23:12:52     all    0.00    2.87   25.24    0.00    0.00   10.75    0.00    0.00    0.00   61.14
23:12:53     all    0.00   14.59   23.75    0.00    0.00   10.93    0.00    0.00    0.00   50.73
23:12:54     all    0.00   21.62   25.47    0.00    0.00   10.76    0.00    0.00    0.00   42.15
23:12:55     all    0.00   14.29   26.25    0.00    0.00   10.96    0.00    0.00    0.00   48.50
23:12:56     all    0.00    9.15   27.08    0.00    0.00   10.47    0.00    0.00    0.00   53.30
23:12:57     all    0.00    3.75   26.63    0.00    0.00   11.26    0.00    0.00    0.00   58.36
23:12:58     all    0.00    2.72   24.24    0.00    0.00   11.07    0.00    0.00    0.00   61.97
23:12:59     all    0.00    3.44   21.55    0.00    0.00   10.97    0.00    0.00    0.00   64.04
23:13:00     all    0.13   37.69   24.43    0.00    0.00   10.68    0.00    0.00    0.00   27.08
23:13:01     all    0.23   21.06   24.47    0.00    0.00   10.40    0.00    0.00    0.00   43.84
23:13:02     all    0.00    6.31   27.40    0.00    0.00   10.25    0.00    0.00    0.00   56.04
23:13:03     all    0.00    8.95   26.62    0.00    0.00   11.43    0.00    0.00    0.00   53.01
23:13:04     all    0.00    2.91   26.05    0.00    0.00   10.74    0.00    0.00    0.00   60.29
23:13:05     all    0.00    1.65   20.10    0.00    0.00   11.38    0.00    0.00    0.00   66.87
23:13:06     all    0.00    2.76   23.61    0.00    0.00   11.35    0.00    0.00    0.00   62.28
23:13:07     all    0.00   16.29   26.10    0.00    0.00   11.00    0.00    0.00    0.00   46.61
23:13:08     all    0.00    4.81   26.35    0.00    0.00   11.20    0.00    0.00    0.00   57.64
23:13:09     all    0.00   16.77   27.37    0.00    0.00   10.72    0.00    0.00    0.00   45.14
23:13:10     all    0.10   11.68   27.39    0.00    0.00   10.85    0.00    0.00    0.00   49.98
23:13:11     all    0.00    8.21   27.46    0.00    0.00   10.40    0.00    0.00    0.00   53.93
23:13:12     all    0.06    3.07   27.55    0.00    0.00    9.90    0.00    0.00    0.00   59.41
23:13:13     all    0.00    2.87   26.08    0.00    0.00   11.19    0.00    0.00    0.00   59.86
23:13:14     all    0.00    8.34   25.49    0.00    0.00   12.09    0.00    0.00    0.00   54.09
23:13:15     all    0.00   15.57   25.95    0.00    0.00   11.02    0.00    0.00    0.00   47.45
23:13:16     all    0.00   36.44   27.02    0.00    0.00    9.36    0.00    0.00    0.00   27.18
23:13:17     all    0.00   17.62   27.80    0.00    0.00   10.12    0.00    0.00    0.00   44.46
23:13:18     all    0.00    4.06   27.80    0.00    0.00   10.81    0.00    0.00    0.00   57.33
23:13:19     all    0.03    2.62   27.97    0.00    0.00   11.01    0.00    0.00    0.00   58.37
23:13:20     all    0.10    2.19   27.60    0.00    0.00   11.27    0.00    0.00    0.00   58.84
23:13:21     all    0.00    9.90   27.45    0.00    0.00   10.61    0.00    0.00    0.00   52.03
23:13:22     all    0.00    8.56   27.55    0.00    0.00   11.39    0.00    0.00    0.00   52.50
23:13:23     all    0.03    5.01   27.54    0.00    0.00   11.49    0.00    0.00    0.00   55.94
23:13:24     all    0.00    6.83   28.01    0.00    0.00   11.12    0.00    0.00    0.00   54.04
23:13:25     all    0.00    6.35   27.74    0.00    0.00   10.87    0.00    0.00    0.00   55.04
23:13:26     all    0.00    4.85   27.84    0.00    0.00   11.11    0.00    0.00    0.00   56.19
23:13:27     all    0.00    2.64   27.13    0.00    0.00   11.36    0.00    0.00    0.00   58.87
23:13:28     all    0.00    6.50   27.03    0.00    0.00   11.53    0.00    0.00    0.00   54.95
23:13:29     all    0.00   14.54   27.47    0.00    0.00   11.21    0.00    0.00    0.00   46.78
23:13:30     all    0.10    7.60   28.28    0.00    0.00   11.55    0.00    0.00    0.00   52.47
23:13:31     all    0.00    5.61   28.27    0.00    0.00   11.70    0.00    0.00    0.00   54.43
23:13:32     all    0.00    7.04   27.42    0.00    0.00   11.97    0.00    0.00    0.00   53.57
23:13:33     all    0.00    9.26   27.19    0.00    0.00   11.25    0.00    0.00    0.00   52.30
23:13:34     all    0.00    7.59   27.05    0.00    0.00   11.13    0.00    0.00    0.00   54.23
23:13:35     all    0.00    4.55   27.72    0.00    0.00   11.35    0.00    0.00    0.00   56.38
23:13:36     all    0.03    9.63   28.65    0.00    0.00   11.21    0.00    0.00    0.00   50.48
23:13:37     all    0.00    3.17   28.02    0.00    0.00   11.82    0.00    0.00    0.00   57.00
23:13:38     all    0.00    2.64   28.32    0.00    0.00   11.41    0.00    0.00    0.00   57.63
23:13:39     all    0.00    6.94   28.44    0.00    0.00   10.79    0.00    0.00    0.00   53.83
23:13:40     all    0.03   11.25   27.52    0.00    0.00   10.93    0.00    0.00    0.00   50.27
23:13:41     all    0.00    6.75   27.72    0.00    0.00   11.35    0.00    0.00    0.00   54.19
23:13:42     all    0.00    4.69   28.25    0.00    0.00   11.39    0.00    0.00    0.00   55.67
23:13:43     all    0.00    2.57   28.33    0.00    0.00   11.32    0.00    0.00    0.00   57.78
23:13:44     all    0.00    7.97   27.98    0.00    0.00   11.18    0.00    0.00    0.00   52.88
23:13:45     all    0.00    9.75   29.11    0.00    0.00   10.10    0.00    0.00    0.00   51.04
23:13:46     all    0.00    9.78   28.15    0.00    0.00   11.18    0.00    0.00    0.00   50.89
23:13:47     all    0.00    6.01   28.51    0.00    0.00   11.10    0.00    0.00    0.00   54.37
23:13:48     all    0.00    2.02   28.47    0.00    0.00   11.00    0.00    0.00    0.00   58.51
23:13:49     all    0.00    3.15   28.02    0.00    0.00   11.04    0.00    0.00    0.00   57.80
23:13:50     all    0.10    6.26   27.89    0.00    0.00   10.52    0.00    0.00    0.00   55.23
23:13:51     all    0.00   14.44   27.42    0.00    0.00   10.56    0.00    0.00    0.00   47.58
23:13:52     all    0.00    7.80   28.02    0.00    0.00   11.59    0.00    0.00    0.00   52.59
23:13:53     all    0.00    2.33   28.36    0.00    0.00   11.41    0.00    0.00    0.00   57.90
23:13:54     all    0.00    1.90   28.42    0.00    0.00   10.94    0.00    0.00    0.00   58.74
23:13:55     all    0.00    6.20   28.31    0.00    0.00   10.72    0.00    0.00    0.00   54.77
23:13:56     all    0.00    7.77   28.26    0.00    0.00   10.97    0.00    0.00    0.00   53.00
23:13:57     all    0.00   13.34   28.55    0.00    0.00   11.04    0.00    0.00    0.00   47.07
23:13:58     all    0.00    5.99   27.96    0.00    0.00   10.95    0.00    0.00    0.00   55.09
23:13:59     all    0.00    2.04   27.46    0.00    0.00   12.19    0.00    0.00    0.00   58.31
23:14:00     all    0.22    2.18   28.10    0.00    0.00   11.37    0.00    0.00    0.00   58.12
23:14:01     all    0.22    2.50   28.19    0.00    0.00   11.52    0.00    0.00    0.00   57.57
23:14:02     all    0.00   22.58   26.90    0.00    0.00   10.53    0.00    0.00    0.00   39.99
23:14:03     all    0.00    5.83   28.62    0.00    0.00   10.83    0.00    0.00    0.00   54.72
23:14:04     all    0.00    8.28   27.21    0.00    0.00   11.68    0.00    0.00    0.00   52.84
23:14:05     all    0.00    4.28   27.73    0.00    0.00   11.69    0.00    0.00    0.00   56.29
23:14:06     all    0.00    7.47   27.84    0.00    0.00   11.51    0.00    0.00    0.00   53.18
23:14:07     all    0.00   10.33   27.67    0.00    0.00   11.04    0.00    0.00    0.00   50.95
23:14:08     all    0.00    2.05   28.80    0.00    0.00   10.58    0.00    0.00    0.00   58.56
23:14:09     all    0.00    8.38   28.49    0.00    0.00   10.78    0.00    0.00    0.00   52.35
23:14:10     all    0.10    4.81   27.97    0.00    0.00   11.41    0.00    0.00    0.00   55.72
23:14:11     all    0.00    2.11   27.70    0.00    0.00   11.66    0.00    0.00    0.00   58.53
23:14:12     all    0.03   15.04   28.02    0.00    0.00   10.97    0.00    0.00    0.00   45.94
23:14:13     all    0.00   11.20   27.38    0.00    0.00   11.29    0.00    0.00    0.00   50.13
23:14:14     all    0.00    6.85   27.94    0.00    0.00   10.80    0.00    0.00    0.00   54.41
23:14:15     all    0.00    2.15   28.40    0.00    0.00   10.95    0.00    0.00    0.00   58.50
23:14:16     all    0.00    3.70   28.21    0.00    0.00   11.19    0.00    0.00    0.00   56.90
23:14:17     all    0.00   12.54   27.75    0.00    0.00   11.31    0.00    0.00    0.00   48.40
23:14:18     all    0.00    7.50   28.87    0.00    0.00   11.76    0.00    0.00    0.00   51.87
23:14:19     all    0.00    7.17   28.47    0.00    0.00   11.00    0.00    0.00    0.00   53.36
23:14:20     all    0.03    2.31   28.57    0.00    0.00   11.22    0.00    0.00    0.00   57.87
23:14:21     all    0.00    5.52   28.00    0.00    0.00   11.19    0.00    0.00    0.00   55.29
23:14:22     all    0.03    4.13   27.60    0.00    0.00   10.91    0.00    0.00    0.00   57.33
23:14:23     all    0.00   11.33   27.88    0.00    0.00   10.37    0.00    0.00    0.00   50.42
23:14:24     all    0.00    5.91   27.80    0.00    0.00   11.25    0.00    0.00    0.00   55.03
23:14:25     all    0.00    2.18   28.34    0.00    0.00   10.84    0.00    0.00    0.00   58.64
23:14:26     all    0.00    3.10   28.86    0.00    0.00   10.64    0.00    0.00    0.00   57.40
23:14:27     all    0.00    2.38   28.73    0.00    0.00   10.75    0.00    0.00    0.00   58.14
23:14:28     all    0.00    4.60   28.02    0.00    0.00   11.39    0.00    0.00    0.00   55.98
23:14:29     all    0.00   11.09   27.89    0.00    0.00   10.96    0.00    0.00    0.00   50.06
23:14:30     all    0.10   17.25   27.98    0.00    0.00   10.24    0.00    0.00    0.00   44.43
23:14:31     all    0.00   15.43   27.88    0.00    0.00   10.34    0.00    0.00    0.00   46.35
23:14:32     all    0.00    3.19   29.26    0.00    0.00   11.14    0.00    0.00    0.00   56.41
23:14:33     all    0.03    1.47   29.60    0.00    0.00   10.90    0.00    0.00    0.00   58.00
23:14:34     all    0.00    3.11   28.48    0.00    0.00   11.79    0.00    0.00    0.00   56.62
23:14:35     all    0.00    9.16   28.37    0.00    0.00   11.21    0.00    0.00    0.00   51.25
23:14:36     all    0.03    4.34   29.34    0.00    0.00   10.98    0.00    0.00    0.00   55.30
23:14:37     all    0.00   15.01   28.70    0.00    0.00   10.39    0.00    0.00    0.00   45.90
23:14:38     all    0.00   10.32   28.36    0.00    0.00   10.61    0.00    0.00    0.00   50.72
23:14:39     all    0.00    4.57   27.89    0.00    0.00   10.34    0.00    0.00    0.00   57.20
23:14:40     all    0.06    2.72   27.55    0.00    0.00   10.51    0.00    0.00    0.00   59.15
23:14:41     all    0.00    2.63   26.84    0.00    0.00   11.10    0.00    0.00    0.00   59.43
23:14:42     all    0.00    9.42   28.56    0.00    0.00   10.78    0.00    0.00    0.00   51.24
23:14:43     all    0.00    3.33   29.07    0.00    0.00   10.92    0.00    0.00    0.00   56.69
23:14:44     all    0.03    7.37   27.31    0.00    0.00   11.12    0.00    0.00    0.00   54.17
23:14:45     all    0.00    3.20   27.57    0.00    0.00   11.42    0.00    0.00    0.00   57.82
23:14:46     all    0.00    2.50   28.88    0.00    0.00   10.37    0.00    0.00    0.00   58.25
23:14:47     all    0.00    2.50   28.83    0.00    0.00   11.11    0.00    0.00    0.00   57.56
23:14:48     all    0.00    1.41   29.40    0.00    0.00   11.13    0.00    0.00    0.00   58.06
23:14:49     all    0.00    5.75   29.15    0.00    0.00   10.96    0.00    0.00    0.00   54.14
23:14:50     all    0.06   11.01   29.49    0.00    0.00   10.40    0.00    0.00    0.00   49.03
23:14:51     all    0.00   10.10   28.64    0.00    0.00   10.59    0.00    0.00    0.00   50.68
23:14:52     all    0.00    2.49   28.79    0.00    0.00   11.14    0.00    0.00    0.00   57.58
23:14:53     all    0.00    4.02   29.39    0.00    0.00   10.10    0.00    0.00    0.00   56.50
23:14:54     all    0.00    4.09   28.76    0.00    0.00   10.63    0.00    0.00    0.00   56.52
23:14:55     all    0.00    4.54   28.49    0.00    0.00   10.62    0.00    0.00    0.00   56.35
23:14:56     all    0.00    4.02   28.79    0.00    0.00   11.17    0.00    0.00    0.00   56.02
23:14:57     all    0.16    6.99   28.94    0.00    0.00   10.86    0.00    0.00    0.00   53.05
23:14:58     all    0.00   11.91   28.94    0.00    0.00   10.67    0.00    0.00    0.00   48.48
23:14:59     all    0.00    3.78   28.68    0.00    0.00   10.29    0.00    0.00    0.00   57.26
23:15:00     all    0.22    2.50   28.42    0.00    0.00   10.74    0.00    0.00    0.00   58.11
23:15:01     all    0.22    9.18   29.38    0.00    0.00   10.90    0.00    0.00    0.00   50.32
23:15:02     all    0.00    7.52   28.32    0.00    0.00   11.60    0.00    0.00    0.00   52.56
23:15:03     all    0.00   13.18   28.48    0.00    0.00   10.86    0.00    0.00    0.00   47.48
23:15:04     all    0.00    4.13   28.09    0.00    0.00   10.35    0.00    0.00    0.00   57.43
23:15:05     all    0.00    2.12   27.90    0.00    0.00   10.91    0.00    0.00    0.00   59.07
23:15:06     all    0.00    2.35   27.55    0.00    0.00   11.17    0.00    0.00    0.00   58.93
23:15:07     all    0.00    6.52   28.79    0.00    0.00   10.19    0.00    0.00    0.00   54.50
23:15:08     all    0.00    5.83   29.72    0.00    0.00    9.89    0.00    0.00    0.00   54.56
23:15:09     all    0.00    4.25   29.05    0.00    0.00   11.11    0.00    0.00    0.00   55.59
23:15:10     all    0.06    5.21   29.30    0.00    0.00   11.09    0.00    0.00    0.00   54.34
23:15:11     all    0.00    3.80   29.58    0.00    0.00   10.57    0.00    0.00    0.00   56.05
23:15:12     all    0.00    1.59   28.84    0.00    0.00   11.00    0.00    0.00    0.00   58.56
23:15:13     all    0.00    2.37   29.57    0.00    0.00   10.18    0.00    0.00    0.00   57.89
23:15:14     all    0.00    1.82   28.68    0.00    0.00   11.13    0.00    0.00    0.00   58.38
23:15:15     all    0.00    1.38   27.03    0.00    0.00   11.45    0.00    0.00    0.00   60.14
23:15:16     all    0.00    2.64   27.10    0.00    0.00   11.15    0.00    0.00    0.00   59.10
23:15:17     all    0.00   11.18   25.32    0.00    0.00   11.44    0.00    0.00    0.00   52.06
23:15:18     all    0.00   11.75   24.17    0.00    0.00   10.71    0.00    0.00    0.00   53.37
23:15:19     all    0.00    3.50   26.22    0.00    0.00    9.94    0.00    0.00    0.00   60.34
23:15:20     all    0.06    0.64   25.22    0.00    0.00   10.45    0.00    0.00    0.00   63.62
23:15:21     all    0.00    1.16   24.78    0.00    0.00   10.58    0.00    0.00    0.00   63.48
23:15:22     all    0.03    1.13   24.26    0.00    0.00   10.82    0.00    0.00    0.00   63.75
23:15:23     all    0.00    1.15   25.36    0.00    0.00   11.22    0.00    0.00    0.00   62.26
23:15:24     all    0.00    8.05   24.85    0.00    0.00   11.20    0.00    0.00    0.00   55.91
23:15:25     all    0.00    0.87   22.87    0.00    0.00   10.60    0.00    0.00    0.00   65.66
23:15:26     all    0.00    9.31   22.02    0.00    0.00    9.08    0.00    0.00    0.00   59.58
23:15:27     all    0.00    3.70   22.30    0.00    0.00    8.96    0.00    0.00    0.00   65.04
23:15:28     all    0.00    0.84   19.97    0.00    0.00   10.31    0.00    0.00    0.00   68.88
23:15:29     all    0.00    0.91   18.66    0.00    0.00   10.48    0.00    0.00    0.00   69.96
23:15:30     all    0.03    0.39   20.60    0.00    0.00    9.74    0.00    0.00    0.00   69.25
23:15:31     all    0.00    3.11   22.67    0.00    0.00    9.40    0.00    0.00    0.00   64.82
23:15:32     all    0.00    3.39   21.50    0.00    0.00    9.56    0.00    0.00    0.00   65.55
23:15:33     all    0.00    0.78   21.02    0.00    0.00    9.64    0.00    0.00    0.00   68.56
23:15:34     all    0.00    1.51   19.71    0.00    0.00   10.34    0.00    0.00    0.00   68.44
23:15:35     all    0.00   11.13   20.45    0.00    0.00   10.35    0.00    0.00    0.00   58.07
23:15:36     all    0.00    2.47   18.21    0.00    0.00    9.06    0.00    0.00    0.00   70.26
23:15:37     all    0.00    2.69   20.15    0.00    0.00   10.32    0.00    0.00    0.00   66.84
23:15:38     all    0.00    7.42   21.29    0.00    0.00    9.97    0.00    0.00    0.00   61.32
23:15:39     all    0.00    0.52   19.40    0.00    0.00   10.07    0.00    0.00    0.00   70.01
23:15:40     all    0.06    0.65   16.66    0.00    0.00    8.56    0.00    0.00    0.00   74.07
23:15:41     all    0.00    3.30   14.57    0.00    0.00    8.42    0.00    0.00    0.00   73.71
23:15:42     all    0.00    6.35   15.64    0.00    0.00    7.79    0.00    0.00    0.00   70.23
23:15:43     all    0.00    0.23   15.94    0.00    0.00    8.34    0.00    0.00    0.00   75.49
23:15:44     all    0.00    0.26   12.17    0.00    0.00    6.98    0.00    0.00    0.00   80.60
23:15:45     all    0.00    0.23   10.00    0.00    0.00    5.73    0.00    0.00    0.00   84.05
23:15:46     all    0.00    0.06    9.73    0.00    0.00    6.02    0.00    0.00    0.00   84.19
23:15:47     all    0.00    0.03   10.17    0.00    0.00    5.37    0.00    0.00    0.00   84.43
23:15:48     all    0.00    0.06    9.02    0.00    0.00    5.67    0.00    0.00    0.00   85.25
23:15:49     all    0.00    0.10    9.17    0.00    0.00    5.41    0.00    0.00    0.00   85.32
23:15:50     all    0.06    4.21   10.28    0.00    0.00    6.73    0.00    0.00    0.00   78.71
23:15:51     all    0.00    0.03    8.80    0.00    0.00    6.06    0.00    0.00    0.00   85.12
23:15:52     all    0.00    0.10    9.58    0.00    0.00    6.21    0.00    0.00    0.00   84.11
23:15:53     all    0.00    0.06    9.90    0.00    0.00    6.94    0.00    0.00    0.00   83.09
23:15:54     all    0.00    0.10    9.21    0.00    0.00    6.12    0.00    0.00    0.00   84.58
23:15:55     all    0.00    0.03   10.57    0.00    0.00    5.65    0.00    0.00    0.00   83.75
23:15:56     all    0.00    0.03   10.07    0.00    0.00    6.23    0.00    0.00    0.00   83.67
23:15:57     all    0.00    0.06    9.85    0.00    0.00    6.07    0.00    0.00    0.00   84.01
23:15:58     all    0.00    0.07   10.28    0.00    0.00    5.92    0.00    0.00    0.00   83.74
23:15:59     all    0.00    0.07   10.19    0.00    0.00    5.88    0.00    0.00    0.00   83.87
23:16:00     all    0.26    0.06   10.26    0.00    0.00    5.97    0.00    0.00    0.00   83.45
23:16:01     all    0.13    0.06   10.04    0.00    0.00    5.68    0.00    0.00    0.00   84.09
23:16:02     all    0.00    0.10   10.90    0.00    0.00    6.39    0.00    0.00    0.00   82.61
23:16:03     all    0.00    0.10   10.68    0.00    0.00    5.67    0.00    0.00    0.00   83.55
23:16:04     all    0.00    0.06   10.49    0.00    0.00    5.49    0.00    0.00    0.00   83.96
23:16:05     all    0.00    0.06   11.01    0.00    0.00    6.12    0.00    0.00    0.00   82.80
23:16:06     all    0.00    0.10   10.93    0.00    0.00    6.11    0.00    0.00    0.00   82.86
23:16:07     all    0.03    0.03   10.00    0.00    0.00    5.87    0.00    0.00    0.00   84.06
23:16:08     all    0.00    0.03   10.71    0.00    0.00    5.91    0.00    0.00    0.00   83.35
23:16:09     all    0.00    0.06   10.29    0.00    0.00    6.49    0.00    0.00    0.00   83.16
23:16:10     all    0.06    0.06   10.14    0.00    0.00    6.01    0.00    0.00    0.00   83.72
23:16:11     all    0.03    0.07    9.94    0.00    0.00    6.26    0.00    0.00    0.00   83.70
23:16:12     all    0.00    0.06   10.85    0.00    0.00    6.45    0.00    0.00    0.00   82.64
23:16:13     all    0.00    0.03   11.45    0.00    0.00    6.85    0.00    0.00    0.00   81.67
23:16:14     all    0.00    0.03   10.40    0.00    0.00    6.35    0.00    0.00    0.00   83.22
23:16:15     all    0.03    0.07   10.95    0.00    0.00    6.03    0.00    0.00    0.00   82.92
23:16:16     all    0.00    0.07   10.94    0.00    0.00    6.04    0.00    0.00    0.00   82.95
23:16:17     all    0.00    0.10   10.19    0.00    0.00    5.83    0.00    0.00    0.00   83.89
23:16:18     all    0.00    0.00   10.03    0.00    0.00    6.57    0.00    0.00    0.00   83.40
23:16:19     all    0.00    0.10    9.38    0.00    0.00    5.67    0.00    0.00    0.00   84.86
23:16:20     all    0.07    0.07    9.97    0.00    0.00    6.41    0.00    0.00    0.00   83.49
23:16:21     all    0.03    0.10   10.69    0.00    0.00    6.27    0.00    0.00    0.00   82.91
23:16:22     all    0.00    0.10   10.30    0.00    0.00    6.56    0.00    0.00    0.00   83.04
23:16:23     all    0.00    0.03   10.20    0.00    0.00    6.10    0.00    0.00    0.00   83.67
23:16:24     all    0.00    0.06    9.87    0.00    0.00    5.89    0.00    0.00    0.00   84.18
23:16:25     all    0.00    0.10    8.71    0.00    0.00    5.31    0.00    0.00    0.00   85.88
23:16:26     all    0.00    0.03   10.15    0.00    0.00    5.85    0.00    0.00    0.00   83.97

Average:     all    0.02    2.34   17.48    0.00    0.00    6.83    0.00    0.00    0.00   73.33
