Linux 4.20.0+ (eternitystorage) 	01/14/24 	_x86_64_	(32 CPU)

01:54:46     CPU    %usr   %nice    %sys %iowait    %irq   %soft  %steal  %guest  %gnice   %idle
01:54:47     all    0.00    0.00    0.31    0.00    0.00    0.00    0.00    0.00    0.00   99.69
01:54:48     all    0.00    0.00    0.00    0.00    0.00    0.00    0.00    0.00    0.00  100.00
01:54:49     all    0.00    0.00    0.00    0.00    0.00    0.00    0.00    0.00    0.00  100.00
01:54:50     all    0.06    0.00    0.09    0.00    0.00    0.00    0.00    0.00    0.00   99.84
01:54:51     all    0.00    0.00    0.00    0.00    0.00    0.00    0.00    0.00    0.00  100.00
01:54:52     all    0.00    0.00    0.00    0.00    0.00    0.00    0.00    0.00    0.00  100.00
01:54:53     all    0.03    0.00    0.03    0.00    0.00    0.00    0.00    0.00    0.00   99.94
01:54:54     all    0.00    0.00    0.00    0.00    0.00    0.00    0.00    0.00    0.00  100.00
01:54:55     all    0.00    0.00    0.00    0.00    0.00    0.00    0.00    0.00    0.00  100.00
01:54:56     all    0.03    0.00    0.28    0.00    0.00    0.00    0.00    0.00    0.00   99.69
01:54:57     all    0.00    0.00    0.03    0.00    0.00    0.00    0.00    0.00    0.00   99.97
01:54:58     all    0.00    0.00    0.06    0.00    0.00    0.00    0.00    0.00    0.00   99.94
01:54:59     all    0.03    0.00    0.06    0.00    0.00    0.00    0.00    0.00    0.00   99.91
01:55:00     all    0.47    0.00    0.28    0.00    0.00    0.00    0.00    0.00    0.00   99.25
01:55:01     all    0.00    0.00    0.85    0.00    0.00    0.00    0.00    0.00    0.00   99.15
01:55:02     all    0.03    0.00    1.73    0.00    0.00    0.06    0.00    0.00    0.00   98.18
01:55:03     all    0.03    0.00    1.88    0.00    0.00    0.06    0.00    0.00    0.00   98.02
01:55:04     all    0.03    0.00    2.45    0.00    0.00    0.03    0.00    0.00    0.00   97.49
01:55:05     all    0.03    0.00    2.01    0.00    0.00    0.09    0.00    0.00    0.00   97.87
01:55:06     all    0.00    0.00    2.05    0.00    0.00    0.09    0.00    0.00    0.00   97.86
01:55:07     all    0.00    0.00    2.33    0.00    0.00    0.09    0.00    0.00    0.00   97.58
01:55:08     all    0.00    0.00    2.39    0.00    0.00    0.19    0.00    0.00    0.00   97.42
01:55:09     all    0.00    0.00    2.35    0.00    0.00    0.19    0.00    0.00    0.00   97.46
01:55:10     all    0.09    0.00    2.48    0.00    0.00    0.13    0.00    0.00    0.00   97.30
01:55:11     all    0.00    0.00    2.45    0.00    0.00    0.13    0.00    0.00    0.00   97.43
01:55:12     all    0.00    0.00    2.11    0.00    0.00    0.09    0.00    0.00    0.00   97.80
01:55:13     all    0.06    0.00    2.45    0.00    0.00    0.16    0.00    0.00    0.00   97.33
01:55:14     all    0.00    0.00    2.26    0.00    0.00    0.03    0.00    0.00    0.00   97.71
01:55:15     all    0.00    0.00    2.17    0.00    0.00    0.13    0.00    0.00    0.00   97.70
01:55:16     all    0.03    0.00    2.17    0.00    0.00    0.13    0.00    0.00    0.00   97.67
01:55:17     all    0.00    0.00    1.80    0.00    0.00    0.16    0.00    0.00    0.00   98.04
01:55:18     all    0.03    0.00    2.26    0.00    0.00    0.09    0.00    0.00    0.00   97.61
01:55:19     all    0.00    0.00    2.48    0.00    0.00    0.03    0.00    0.00    0.00   97.49
01:55:20     all    0.09    0.00    2.45    0.00    0.00    0.06    0.00    0.00    0.00   97.39
01:55:21     all    0.00    0.00    2.42    0.00    0.00    0.19    0.00    0.00    0.00   97.39
01:55:22     all    0.00    0.00    2.30    0.00    0.00    0.06    0.00    0.00    0.00   97.64
01:55:23     all    0.03    0.00    2.23    0.00    0.00    0.09    0.00    0.00    0.00   97.64
01:55:24     all    0.00    0.03    2.17    0.00    0.00    0.09    0.00    0.00    0.00   97.70
01:55:25     all    0.03    0.00    2.23    0.00    0.00    0.13    0.00    0.00    0.00   97.61
01:55:26     all    0.00    0.00    2.23    0.00    0.00    0.13    0.00    0.00    0.00   97.64
01:55:27     all    0.00    0.00    2.45    0.00    0.00    0.16    0.00    0.00    0.00   97.39
01:55:28     all    0.00    0.00    2.26    0.00    0.00    0.13    0.00    0.00    0.00   97.61
01:55:29     all    0.00    0.00    2.26    0.00    0.00    0.09    0.00    0.00    0.00   97.64
01:55:30     all    0.06    0.00    2.24    0.00    0.00    0.13    0.00    0.00    0.00   97.58
01:55:31     all    0.03    0.00    2.23    0.00    0.00    0.06    0.00    0.00    0.00   97.67
01:55:32     all    0.00    0.00    2.11    0.00    0.00    0.13    0.00    0.00    0.00   97.77
01:55:33     all    0.03    0.00    2.20    0.00    0.00    0.16    0.00    0.00    0.00   97.61
01:55:34     all    0.03    0.00    2.45    0.00    0.00    0.16    0.00    0.00    0.00   97.36
01:55:35     all    0.00    0.00    2.14    0.00    0.00    0.09    0.00    0.00    0.00   97.76
01:55:36     all    0.22    0.00    2.51    0.00    0.00    0.16    0.00    0.00    0.00   97.11
01:55:37     all    0.00    0.00    2.36    0.00    0.00    0.16    0.00    0.00    0.00   97.49
01:55:38     all    0.00    0.00    2.23    0.00    0.00    0.03    0.00    0.00    0.00   97.73
01:55:39     all    0.00    0.00    2.45    0.00    0.00    0.13    0.00    0.00    0.00   97.43
01:55:40     all    0.09    0.00    2.39    0.00    0.00    0.13    0.00    0.00    0.00   97.39
01:55:41     all    0.00    0.00    2.08    0.00    0.00    0.13    0.00    0.00    0.00   97.80
01:55:42     all    0.03    0.00    2.36    0.00    0.00    0.06    0.00    0.00    0.00   97.55
01:55:43     all    0.00    0.00    2.30    0.00    0.00    0.06    0.00    0.00    0.00   97.64
01:55:44     all    0.00    0.00    1.70    0.00    0.00    0.13    0.00    0.00    0.00   98.18
01:55:45     all    0.03    0.00    2.32    0.00    0.00    0.16    0.00    0.00    0.00   97.49
01:55:46     all    0.00    0.00    2.29    0.00    0.00    0.19    0.00    0.00    0.00   97.52
01:55:47     all    0.03    0.00    2.33    0.00    0.00    0.09    0.00    0.00    0.00   97.55
01:55:48     all    0.00    0.00    2.54    0.00    0.00    0.09    0.00    0.00    0.00   97.37
01:55:49     all    0.00    0.00    2.44    0.00    0.00    0.19    0.00    0.00    0.00   97.37
01:55:50     all    0.13    0.00    2.48    0.00    0.00    0.06    0.00    0.00    0.00   97.33
01:55:51     all    0.03    0.00    2.45    0.00    0.00    0.13    0.00    0.00    0.00   97.39
01:55:52     all    0.00    0.00    2.48    0.00    0.00    0.09    0.00    0.00    0.00   97.43
01:55:53     all    0.06    0.00    1.99    0.00    0.00    0.13    0.00    0.00    0.00   97.82
01:55:54     all    0.00    0.00    2.42    0.00    0.00    0.06    0.00    0.00    0.00   97.52
01:55:55     all    0.00    0.00    2.11    0.00    0.00    0.13    0.00    0.00    0.00   97.77
01:55:56     all    0.03    0.00    2.33    0.00    0.00    0.06    0.00    0.00    0.00   97.58
01:55:57     all    0.00    0.00    2.39    0.00    0.00    0.19    0.00    0.00    0.00   97.43
01:55:58     all    0.00    0.00    2.01    0.00    0.00    0.09    0.00    0.00    0.00   97.89
01:55:59     all    0.00    0.00    2.54    0.00    0.00    0.13    0.00    0.00    0.00   97.33
01:56:00     all    0.53    0.00    2.39    0.00    0.00    0.09    0.00    0.00    0.00   96.98
01:56:01     all    0.00    0.00    2.38    0.00    0.00    0.16    0.00    0.00    0.00   97.46
01:56:02     all    0.03    0.00    2.69    0.00    0.00    0.13    0.00    0.00    0.00   97.15
01:56:03     all    0.00    0.00    2.54    0.00    0.00    0.16    0.00    0.00    0.00   97.30
01:56:04     all    0.00    0.00    2.36    0.00    0.00    0.13    0.00    0.00    0.00   97.52
01:56:05     all    0.03    0.00    2.30    0.00    0.00    0.03    0.00    0.00    0.00   97.64
01:56:06     all    0.00    0.00    2.30    0.00    0.00    0.09    0.00    0.00    0.00   97.61
01:56:07     all    0.00    0.00    2.36    0.00    0.00    0.13    0.00    0.00    0.00   97.52
01:56:08     all    0.03    0.00    2.20    0.00    0.00    0.13    0.00    0.00    0.00   97.64
01:56:09     all    0.03    0.00    2.45    0.00    0.00    0.16    0.00    0.00    0.00   97.36
01:56:10     all    0.06    0.00    2.08    0.00    0.00    0.09    0.00    0.00    0.00   97.76
01:56:11     all    0.00    0.00    2.48    0.00    0.00    0.13    0.00    0.00    0.00   97.39
01:56:12     all    0.00    0.00    2.08    0.00    0.00    0.06    0.00    0.00    0.00   97.86
01:56:13     all    0.03    0.00    2.02    0.00    0.00    0.13    0.00    0.00    0.00   97.82
01:56:14     all    0.00    0.00    2.27    0.00    0.00    0.06    0.00    0.00    0.00   97.67
01:56:15     all    0.00    0.00    2.05    0.00    0.00    0.13    0.00    0.00    0.00   97.83
01:56:16     all    0.06    0.00    2.23    0.00    0.00    0.13    0.00    0.00    0.00   97.58
01:56:17     all    0.00    0.00    2.17    0.00    0.00    0.09    0.00    0.00    0.00   97.73
01:56:18     all    0.00    0.00    2.38    0.00    0.00    0.19    0.00    0.00    0.00   97.43
01:56:19     all    0.00    0.00    2.48    0.00    0.00    0.13    0.00    0.00    0.00   97.39
01:56:20     all    0.13    0.00    2.14    0.00    0.00    0.16    0.00    0.00    0.00   97.57
01:56:21     all    0.00    0.00    2.33    0.00    0.00    0.09    0.00    0.00    0.00   97.58
01:56:22     all    0.00    0.00    2.17    0.00    0.00    0.16    0.00    0.00    0.00   97.67
01:56:23     all    0.03    0.00    2.42    0.00    0.00    0.13    0.00    0.00    0.00   97.42
01:56:24     all    0.00    0.00    2.32    0.00    0.00    0.16    0.00    0.00    0.00   97.52
01:56:25     all    0.00    0.00    2.14    0.00    0.00    0.13    0.00    0.00    0.00   97.73
01:56:26     all    0.03    0.00    2.51    0.00    0.00    0.09    0.00    0.00    0.00   97.36
01:56:27     all    0.00    0.00    2.38    0.00    0.00    0.13    0.00    0.00    0.00   97.49
01:56:28     all    0.00    0.00    2.54    0.00    0.00    0.19    0.00    0.00    0.00   97.27
01:56:29     all    0.00    0.00    2.30    0.00    0.00    0.13    0.00    0.00    0.00   97.58
01:56:30     all    0.13    0.00    2.33    0.00    0.00    0.09    0.00    0.00    0.00   97.45
01:56:31     all    0.00    0.00    2.57    0.00    0.00    0.16    0.00    0.00    0.00   97.27
01:56:32     all    0.03    0.00    2.20    0.00    0.00    0.09    0.00    0.00    0.00   97.67
01:56:33     all    0.00    0.00    1.83    0.00    0.00    0.09    0.00    0.00    0.00   98.08
01:56:34     all    0.03    0.00    2.51    0.00    0.00    0.09    0.00    0.00    0.00   97.36
01:56:35     all    0.00    0.00    2.20    0.00    0.00    0.16    0.00    0.00    0.00   97.64
01:56:36     all    0.00    0.00    2.08    0.00    0.00    0.13    0.00    0.00    0.00   97.80
01:56:37     all    0.00    0.00    2.39    0.00    0.00    0.13    0.00    0.00    0.00   97.49
01:56:38     all    0.00    0.00    2.33    0.00    0.00    0.13    0.00    0.00    0.00   97.55
01:56:39     all    0.00    0.00    2.17    0.00    0.00    0.06    0.00    0.00    0.00   97.77
01:56:40     all    0.13    0.00    2.14    0.00    0.00    0.06    0.00    0.00    0.00   97.67
01:56:41     all    0.00    0.00    2.29    0.00    0.00    0.19    0.00    0.00    0.00   97.52
01:56:42     all    0.00    0.00    2.39    0.00    0.00    0.16    0.00    0.00    0.00   97.46
01:56:43     all    0.06    0.00    2.11    0.00    0.00    0.09    0.00    0.00    0.00   97.73
01:56:44     all    0.00    0.00    2.26    0.00    0.00    0.06    0.00    0.00    0.00   97.67
01:56:45     all    0.19    0.00    2.57    0.00    0.00    0.16    0.00    0.00    0.00   97.09
01:56:46     all    0.00    0.00    2.48    0.00    0.00    0.09    0.00    0.00    0.00   97.43
01:56:47     all    0.00    0.00    2.45    0.00    0.00    0.06    0.00    0.00    0.00   97.49
01:56:48     all    0.03    0.00    2.39    0.00    0.00    0.13    0.00    0.00    0.00   97.46
01:56:49     all    0.03    0.00    2.20    0.00    0.00    0.16    0.00    0.00    0.00   97.61
01:56:50     all    0.00    0.00    2.54    0.00    0.00    0.13    0.00    0.00    0.00   97.33
01:56:51     all    0.03    0.00    2.26    0.00    0.00    0.19    0.00    0.00    0.00   97.52
01:56:52     all    0.00    0.00    2.26    0.00    0.00    0.13    0.00    0.00    0.00   97.61
01:56:53     all    0.03    0.00    2.42    0.00    0.00    0.16    0.00    0.00    0.00   97.40
01:56:54     all    0.00    0.00    2.63    0.00    0.00    0.13    0.00    0.00    0.00   97.24
01:56:55     all    0.03    0.00    2.17    0.00    0.00    0.03    0.00    0.00    0.00   97.77
01:56:56     all    0.00    0.00    1.98    0.00    0.00    0.13    0.00    0.00    0.00   97.89
01:56:57     all    0.03    0.03    2.38    0.00    0.00    0.19    0.00    0.00    0.00   97.36
01:56:58     all    0.03    0.00    2.20    0.00    0.00    0.06    0.00    0.00    0.00   97.70
01:56:59     all    0.00    0.00    2.48    0.00    0.00    0.09    0.00    0.00    0.00   97.43
01:57:00     all    0.53    0.00    2.54    0.00    0.00    0.25    0.00    0.00    0.00   96.67
01:57:01     all    0.06    0.00    2.54    0.00    0.00    0.09    0.00    0.00    0.00   97.30
01:57:02     all    0.03    0.00    2.29    0.00    0.00    0.13    0.00    0.00    0.00   97.55
01:57:03     all    0.03    0.00    2.33    0.00    0.00    0.09    0.00    0.00    0.00   97.55
01:57:04     all    0.00    0.00    2.54    0.00    0.00    0.13    0.00    0.00    0.00   97.33
01:57:05     all    0.00    0.00    2.32    0.00    0.00    0.13    0.00    0.00    0.00   97.55
01:57:06     all    0.03    0.00    2.26    0.00    0.00    0.09    0.00    0.00    0.00   97.61
01:57:07     all    0.00    0.00    2.29    0.00    0.00    0.16    0.00    0.00    0.00   97.55
01:57:08     all    0.00    0.00    2.33    0.00    0.00    0.03    0.00    0.00    0.00   97.64
01:57:09     all    0.03    0.00    2.14    0.00    0.00    0.16    0.00    0.00    0.00   97.67
01:57:10     all    0.06    0.00    2.66    0.00    0.00    0.09    0.00    0.00    0.00   97.18
01:57:11     all    0.00    0.00    2.26    0.00    0.00    0.16    0.00    0.00    0.00   97.58
01:57:12     all    0.06    0.00    2.20    0.00    0.00    0.13    0.00    0.00    0.00   97.61
01:57:13     all    0.00    0.00    2.27    0.00    0.00    0.06    0.00    0.00    0.00   97.67
01:57:14     all    0.06    0.03    2.05    0.00    0.00    0.13    0.00    0.00    0.00   97.73
01:57:15     all    0.00    0.00    2.20    0.00    0.00    0.13    0.00    0.00    0.00   97.67
01:57:16     all    0.00    0.00    2.39    0.00    0.00    0.09    0.00    0.00    0.00   97.52
01:57:17     all    0.03    0.00    2.51    0.00    0.00    0.13    0.00    0.00    0.00   97.33
01:57:18     all    0.00    0.00    2.30    0.00    0.00    0.06    0.00    0.00    0.00   97.64
01:57:19     all    0.00    0.00    2.38    0.00    0.00    0.09    0.00    0.00    0.00   97.52
01:57:20     all    0.09    0.00    2.05    0.00    0.00    0.13    0.00    0.00    0.00   97.73
01:57:21     all    0.06    0.00    2.08    0.00    0.00    0.16    0.00    0.00    0.00   97.70
01:57:22     all    0.00    0.00    2.17    0.00    0.00    0.06    0.00    0.00    0.00   97.77
01:57:23     all    0.00    0.00    2.23    0.00    0.00    0.13    0.00    0.00    0.00   97.64
01:57:24     all    0.03    0.00    2.45    0.00    0.00    0.09    0.00    0.00    0.00   97.43
01:57:25     all    0.00    0.00    2.42    0.00    0.00    0.16    0.00    0.00    0.00   97.43
01:57:26     all    0.03    0.00    2.26    0.00    0.00    0.09    0.00    0.00    0.00   97.61
01:57:27     all    0.00    0.00    2.45    0.00    0.00    0.13    0.00    0.00    0.00   97.42
01:57:28     all    0.00    0.00    2.17    0.00    0.00    0.06    0.00    0.00    0.00   97.77
01:57:29     all    0.00    0.00    2.20    0.00    0.00    0.16    0.00    0.00    0.00   97.64
01:57:30     all    0.06    0.00    2.36    0.00    0.00    0.13    0.00    0.00    0.00   97.45
01:57:31     all    0.00    0.00    2.17    0.00    0.00    0.13    0.00    0.00    0.00   97.70
01:57:32     all    0.00    0.00    2.26    0.00    0.00    0.13    0.00    0.00    0.00   97.61
01:57:33     all    0.03    0.00    2.39    0.00    0.00    0.06    0.00    0.00    0.00   97.52
01:57:34     all    0.00    0.00    2.14    0.00    0.00    0.06    0.00    0.00    0.00   97.80
01:57:35     all    0.03    0.00    2.17    0.00    0.00    0.09    0.00    0.00    0.00   97.70
01:57:36     all    0.00    0.00    2.11    0.00    0.00    0.16    0.00    0.00    0.00   97.73
01:57:37     all    0.00    0.00    2.57    0.00    0.00    0.19    0.00    0.00    0.00   97.24
01:57:38     all    0.03    0.00    2.33    0.00    0.00    0.06    0.00    0.00    0.00   97.58
01:57:39     all    0.00    0.00    2.20    0.00    0.00    0.09    0.00    0.00    0.00   97.70
01:57:40     all    0.06    0.00    2.48    0.00    0.00    0.03    0.00    0.00    0.00   97.42
01:57:41     all    0.03    0.00    2.54    0.00    0.00    0.16    0.00    0.00    0.00   97.27
01:57:42     all    0.00    0.00    2.57    0.00    0.00    0.16    0.00    0.00    0.00   97.28
01:57:43     all    0.06    0.00    2.02    0.00    0.00    0.13    0.00    0.00    0.00   97.79
01:57:44     all    0.00    0.00    2.23    0.00    0.00    0.09    0.00    0.00    0.00   97.67
01:57:45     all    0.00    0.00    1.99    0.00    0.00    0.16    0.00    0.00    0.00   97.86
01:57:46     all    0.56    0.00    2.32    0.00    0.00    0.09    0.00    0.00    0.00   97.02
01:57:47     all    0.00    0.00    2.14    0.00    0.00    0.09    0.00    0.00    0.00   97.76
01:57:48     all    0.03    0.00    2.32    0.00    0.00    0.16    0.00    0.00    0.00   97.49
01:57:49     all    0.00    0.00    2.27    0.00    0.00    0.06    0.00    0.00    0.00   97.67
01:57:50     all    0.09    0.00    2.36    0.00    0.00    0.13    0.00    0.00    0.00   97.42
01:57:51     all    0.00    0.00    2.11    0.00    0.00    0.09    0.00    0.00    0.00   97.80
01:57:52     all    0.00    0.00    2.20    0.00    0.00    0.06    0.00    0.00    0.00   97.73
01:57:53     all    0.03    0.00    2.30    0.00    0.00    0.09    0.00    0.00    0.00   97.58
01:57:54     all    0.00    0.00    2.29    0.00    0.00    0.06    0.00    0.00    0.00   97.64
01:57:55     all    0.03    0.00    2.23    0.00    0.00    0.09    0.00    0.00    0.00   97.64
01:57:56     all    0.00    0.00    2.42    0.00    0.00    0.13    0.00    0.00    0.00   97.46
01:57:57     all    0.00    0.00    2.17    0.00    0.00    0.16    0.00    0.00    0.00   97.67
01:57:58     all    0.00    0.00    2.39    0.00    0.00    0.03    0.00    0.00    0.00   97.58
01:57:59     all    0.03    0.00    2.05    0.00    0.00    0.13    0.00    0.00    0.00   97.79
01:58:00     all    0.53    0.00    2.36    0.00    0.00    0.13    0.00    0.00    0.00   96.98
01:58:01     all    0.00    0.00    2.45    0.00    0.00    0.19    0.00    0.00    0.00   97.36
01:58:02     all    0.00    0.00    2.57    0.00    0.00    0.09    0.00    0.00    0.00   97.34
01:58:03     all    0.03    0.00    2.20    0.00    0.00    0.16    0.00    0.00    0.00   97.61
01:58:04     all    0.00    0.00    2.33    0.00    0.00    0.13    0.00    0.00    0.00   97.55
01:58:05     all    0.00    0.00    1.86    0.00    0.00    0.06    0.00    0.00    0.00   98.08
01:58:06     all    0.03    0.00    2.33    0.00    0.00    0.09    0.00    0.00    0.00   97.55
01:58:07     all    0.00    0.00    2.33    0.00    0.00    0.09    0.00    0.00    0.00   97.58
01:58:08     all    0.06    0.00    2.08    0.00    0.00    0.09    0.00    0.00    0.00   97.77
01:58:09     all    0.00    0.00    2.36    0.00    0.00    0.19    0.00    0.00    0.00   97.46
01:58:10     all    0.06    0.00    2.45    0.00    0.00    0.13    0.00    0.00    0.00   97.36
01:58:11     all    0.00    0.00    2.45    0.00    0.00    0.13    0.00    0.00    0.00   97.43
01:58:12     all    0.06    0.00    2.42    0.00    0.00    0.16    0.00    0.00    0.00   97.36
01:58:13     all    0.06    0.00    2.54    0.00    0.00    0.09    0.00    0.00    0.00   97.30
01:58:14     all    0.00    0.00    1.91    0.00    0.00    0.06    0.00    0.00    0.00   98.02
01:58:15     all    0.00    0.00    1.70    0.00    0.00    0.13    0.00    0.00    0.00   98.18
01:58:16     all    0.03    0.00    4.48    0.00    0.00    2.02    0.00    0.00    0.00   93.47
01:58:17     all    0.00    0.00    4.23    0.00    0.00    2.07    0.00    0.00    0.00   93.70
01:58:18     all    0.00    0.19    8.37    0.00    0.00    3.30    0.00    0.00    0.00   88.14
01:58:19     all    0.03    0.03   11.04    0.00    0.00    5.18    0.00    0.00    0.00   83.71
01:58:20     all    0.06    0.10   10.61    0.00    0.00    5.03    0.00    0.00    0.00   84.19
01:58:21     all    0.03    0.06    9.62    0.00    0.00    5.42    0.00    0.00    0.00   84.86
01:58:22     all    0.03    0.06   10.57    0.00    0.00    5.04    0.00    0.00    0.00   84.29
01:58:23     all    0.03    0.03   10.68    0.00    0.00    5.31    0.00    0.00    0.00   83.94
01:58:24     all    0.00    0.03   10.03    0.00    0.00    5.24    0.00    0.00    0.00   84.70
01:58:25     all    0.03    0.03   10.47    0.00    0.00    5.11    0.00    0.00    0.00   84.36
01:58:26     all    0.00    0.87   10.60    0.00    0.00    5.03    0.00    0.00    0.00   83.51
01:58:27     all    0.00    1.70    9.60    0.00    0.00    4.60    0.00    0.00    0.00   84.11
01:58:28     all    0.03    0.03    9.71    0.00    0.00    5.44    0.00    0.00    0.00   84.78
01:58:29     all    0.00    0.06    9.06    0.00    0.00    5.00    0.00    0.00    0.00   85.87
01:58:30     all    0.10    0.03    9.73    0.00    0.00    5.32    0.00    0.00    0.00   84.83
01:58:31     all    0.00    0.03   14.41    0.00    0.00    7.66    0.00    0.00    0.00   77.90
01:58:32     all    0.00    0.10   17.83    0.00    0.00    8.28    0.00    0.00    0.00   73.79
01:58:33     all    0.06    1.46   22.00    0.00    0.00    9.01    0.00    0.00    0.00   67.48
01:58:34     all    0.00    1.12   26.63    0.00    0.00    8.33    0.00    0.00    0.00   63.91
01:58:35     all    0.00    2.64   25.85    0.00    0.00    8.73    0.00    0.00    0.00   62.78
01:58:36     all    0.00    3.33   25.99    0.00    0.00    9.03    0.00    0.00    0.00   61.65
01:58:37     all    0.00    2.74   25.89    0.00    0.00    8.79    0.00    0.00    0.00   62.59
01:58:38     all    0.00    0.10   25.78    0.00    0.00    8.45    0.00    0.00    0.00   65.67
01:58:39     all    0.03    2.48   26.06    0.00    0.00    8.48    0.00    0.00    0.00   62.95
01:58:40     all    0.06    0.10   25.94    0.00    0.00    8.68    0.00    0.00    0.00   65.23
01:58:41     all    0.00    1.82   26.38    0.00    0.00    8.48    0.00    0.00    0.00   63.32
01:58:42     all    0.03    2.40   26.18    0.00    0.00    8.77    0.00    0.00    0.00   62.61
01:58:43     all    0.00    4.13   26.54    0.00    0.00    8.37    0.00    0.00    0.00   60.96
01:58:44     all    0.03    5.96   25.83    0.00    0.00    9.23    0.00    0.00    0.00   58.96
01:58:45     all    0.22    0.38   25.76    0.00    0.00    9.06    0.00    0.00    0.00   64.58
01:58:46     all    0.00    0.10   25.88    0.00    0.00    8.75    0.00    0.00    0.00   65.27
01:58:47     all    0.00    0.13   25.71    0.00    0.00    9.04    0.00    0.00    0.00   65.12
01:58:48     all    0.00    0.13   26.23    0.00    0.00    8.50    0.00    0.00    0.00   65.14
01:58:49     all    0.00    1.96   26.13    0.00    0.00    8.53    0.00    0.00    0.00   63.37
01:58:50     all    0.10    3.45   26.53    0.00    0.00    8.81    0.00    0.00    0.00   61.11
01:58:51     all    0.03    3.18   26.08    0.00    0.00    8.66    0.00    0.00    0.00   62.05
01:58:52     all    0.00    1.95   26.29    0.00    0.00    8.85    0.00    0.00    0.00   62.91
01:58:53     all    0.06    3.36   26.24    0.00    0.00    8.61    0.00    0.00    0.00   61.73
01:58:54     all    0.00    2.90   25.86    0.00    0.00    8.76    0.00    0.00    0.00   62.48
01:58:55     all    0.00    0.48   26.07    0.00    0.00    8.73    0.00    0.00    0.00   64.72
01:58:56     all    0.03    2.35   26.02    0.00    0.00    8.51    0.00    0.00    0.00   63.09
01:58:57     all    0.00    0.52   26.07    0.00    0.00    8.51    0.00    0.00    0.00   64.90
01:58:58     all    0.00    3.40   26.15    0.00    0.00    8.53    0.00    0.00    0.00   61.92
01:58:59     all    0.03    2.66   26.24    0.00    0.00    8.77    0.00    0.00    0.00   62.30
01:59:00     all    0.32    0.99   25.93    0.00    0.00    9.42    0.00    0.00    0.00   63.33
01:59:01     all    0.00    0.58   26.27    0.00    0.00    8.50    0.00    0.00    0.00   64.66
01:59:02     all    0.03    0.13   26.14    0.00    0.00    8.80    0.00    0.00    0.00   64.90
01:59:03     all    0.03    0.23   25.33    0.00    0.00    9.22    0.00    0.00    0.00   65.19
01:59:04     all    0.00    0.10   25.86    0.00    0.00    9.73    0.00    0.00    0.00   64.32
01:59:05     all    0.03    0.83   25.63    0.00    0.00    9.30    0.00    0.00    0.00   64.21
01:59:06     all    0.00    1.47   26.21    0.00    0.00    8.97    0.00    0.00    0.00   63.35
01:59:07     all    0.00    5.85   26.39    0.00    0.00    8.58    0.00    0.00    0.00   59.18
01:59:08     all    0.00    5.69   25.75    0.00    0.00    9.26    0.00    0.00    0.00   59.31
01:59:09     all    0.00    0.86   25.65    0.00    0.00    9.60    0.00    0.00    0.00   63.88
01:59:10     all    0.10    0.13   26.21    0.00    0.00    8.32    0.00    0.00    0.00   65.24
01:59:11     all    0.03    0.06   25.60    0.00    0.00    9.46    0.00    0.00    0.00   64.84
01:59:12     all    0.00    0.19   25.80    0.00    0.00    8.99    0.00    0.00    0.00   65.02
01:59:13     all    0.03    0.13   25.74    0.00    0.00    9.07    0.00    0.00    0.00   65.03
01:59:14     all    0.03    1.05   26.03    0.00    0.00    9.26    0.00    0.00    0.00   63.62
01:59:15     all    0.00   12.82   25.48    0.00    0.00    9.65    0.00    0.00    0.00   52.05
01:59:16     all    0.00   12.67   26.62    0.00    0.00    8.75    0.00    0.00    0.00   51.96
01:59:17     all    0.00    7.64   25.73    0.00    0.00    8.99    0.00    0.00    0.00   57.64
01:59:18     all    0.00   17.81   25.28    0.00    0.00    9.10    0.00    0.00    0.00   47.81
01:59:19     all    0.03   25.15   24.43    0.00    0.00    9.11    0.00    0.00    0.00   41.28
01:59:20     all    0.06   13.10   25.21    0.00    0.00    9.27    0.00    0.00    0.00   52.35
01:59:21     all    0.00   10.81   25.40    0.00    0.00    8.64    0.00    0.00    0.00   55.16
01:59:22     all    0.00    5.33   25.53    0.00    0.00    8.89    0.00    0.00    0.00   60.26
01:59:23     all    0.06    1.86   25.69    0.00    0.00    9.34    0.00    0.00    0.00   63.05
01:59:24     all    0.00    0.16   25.53    0.00    0.00    9.27    0.00    0.00    0.00   65.04
01:59:25     all    0.00    0.29   23.50    0.00    0.00    9.39    0.00    0.00    0.00   66.82
01:59:26     all    0.00    3.34   22.21    0.00    0.00    8.74    0.00    0.00    0.00   65.70
01:59:27     all    0.03    1.69   21.28    0.00    0.00    9.02    0.00    0.00    0.00   67.98
01:59:28     all    0.00    0.10   21.51    0.00    0.00    8.88    0.00    0.00    0.00   69.51
01:59:29     all    0.00    0.06   21.88    0.00    0.00    9.48    0.00    0.00    0.00   68.58
01:59:30     all    0.10    0.10   21.80    0.00    0.00    9.17    0.00    0.00    0.00   68.84
01:59:31     all    0.00    0.13   22.65    0.00    0.00    8.86    0.00    0.00    0.00   68.36
01:59:32     all    0.00    0.10   22.13    0.00    0.00    8.72    0.00    0.00    0.00   69.05
01:59:33     all    0.06    0.13   21.63    0.00    0.00    9.63    0.00    0.00    0.00   68.55
01:59:34     all    0.00    1.35   22.37    0.00    0.00    9.26    0.00    0.00    0.00   67.02
01:59:35     all    0.00    3.33   21.16    0.00    0.00    9.19    0.00    0.00    0.00   66.32
01:59:36     all    0.03    0.36   21.59    0.00    0.00    9.11    0.00    0.00    0.00   68.91
01:59:37     all    0.03    1.07   21.15    0.00    0.00    9.42    0.00    0.00    0.00   68.32
01:59:38     all    0.00    2.59   21.43    0.00    0.00    9.11    0.00    0.00    0.00   66.87
01:59:39     all    0.06    0.06   21.91    0.00    0.00    9.15    0.00    0.00    0.00   68.80
01:59:40     all    0.06    0.10   21.92    0.00    0.00    9.26    0.00    0.00    0.00   68.65
01:59:41     all    0.00    0.16   16.86    0.00    0.00    8.54    0.00    0.00    0.00   74.44
01:59:42     all    0.00    0.06   14.79    0.00    0.00    8.01    0.00    0.00    0.00   77.14
01:59:43     all    0.00    0.10   13.77    0.00    0.00    6.60    0.00    0.00    0.00   79.54
01:59:44     all    0.00    0.10   13.29    0.00    0.00    7.19    0.00    0.00    0.00   79.42
01:59:45     all    0.03    0.10   12.86    0.00    0.00    6.85    0.00    0.00    0.00   80.16
01:59:46     all    0.03    0.10   11.45    0.00    0.00    6.08    0.00    0.00    0.00   82.34
01:59:47     all    0.00    0.03    5.70    0.00    0.00    3.82    0.00    0.00    0.00   90.45
01:59:48     all    0.00    2.68    5.35    0.00    0.00    3.29    0.00    0.00    0.00   88.68
01:59:49     all    0.00    0.39    6.36    0.00    0.00    4.21    0.00    0.00    0.00   89.04
01:59:50     all    0.06    0.03    6.66    0.00    0.00    4.24    0.00    0.00    0.00   89.00
01:59:51     all    0.06    0.03    7.03    0.00    0.00    3.76    0.00    0.00    0.00   89.11
01:59:52     all    0.00    0.03    6.89    0.00    0.00    4.03    0.00    0.00    0.00   89.05
01:59:53     all    0.03    0.03    6.64    0.00    0.00    4.13    0.00    0.00    0.00   89.17
01:59:54     all    0.00    0.03    6.82    0.00    0.00    3.99    0.00    0.00    0.00   89.16
01:59:55     all    0.03    0.03    6.28    0.00    0.00    4.16    0.00    0.00    0.00   89.49
01:59:56     all    0.19    0.03    6.37    0.00    0.00    4.26    0.00    0.00    0.00   89.14
01:59:57     all    0.03    0.03    6.70    0.00    0.00    4.03    0.00    0.00    0.00   89.20
01:59:58     all    0.00    0.00    6.93    0.00    0.00    3.87    0.00    0.00    0.00   89.21
01:59:59     all    0.00    0.06    6.65    0.00    0.00    3.97    0.00    0.00    0.00   89.31
02:00:00     all    0.42    0.13    6.70    0.00    0.00    4.13    0.00    0.00    0.00   88.62
02:00:01     all    0.00    2.39    5.56    0.00    0.00    3.10    0.00    0.00    0.00   88.94
02:00:02     all    0.00    0.03    6.61    0.00    0.00    3.97    0.00    0.00    0.00   89.39
02:00:03     all    0.03    0.03    6.65    0.00    0.00    4.24    0.00    0.00    0.00   89.05
02:00:04     all    0.03    0.00    6.63    0.00    0.00    4.09    0.00    0.00    0.00   89.25
02:00:05     all    0.00    0.06    6.66    0.00    0.00    4.08    0.00    0.00    0.00   89.20
02:00:06     all    0.00    0.03    6.62    0.00    0.00    3.81    0.00    0.00    0.00   89.54
02:00:07     all    0.03    0.06    6.56    0.00    0.00    3.85    0.00    0.00    0.00   89.50
02:00:08     all    0.03    0.03    6.56    0.00    0.00    3.75    0.00    0.00    0.00   89.63
02:00:09     all    0.00    0.00    6.38    0.00    0.00    3.89    0.00    0.00    0.00   89.73
02:00:10     all    0.10    0.06    6.68    0.00    0.00    3.87    0.00    0.00    0.00   89.29
02:00:11     all    0.03    0.00    6.77    0.00    0.00    4.13    0.00    0.00    0.00   89.07
02:00:12     all    0.00    0.03    6.42    0.00    0.00    3.91    0.00    0.00    0.00   89.64
02:00:13     all    0.00    0.03    6.88    0.00    0.00    3.78    0.00    0.00    0.00   89.32
02:00:14     all    0.00    0.06    6.50    0.00    0.00    3.78    0.00    0.00    0.00   89.65
02:00:15     all    0.00    0.03    6.78    0.00    0.00    4.02    0.00    0.00    0.00   89.17
02:00:16     all    0.00    0.03    6.57    0.00    0.00    4.06    0.00    0.00    0.00   89.35
02:00:17     all    0.00    0.00    6.79    0.00    0.00    4.06    0.00    0.00    0.00   89.15
02:00:18     all    0.00    0.03    6.14    0.00    0.00    3.65    0.00    0.00    0.00   90.18
02:00:19     all    0.00    0.03    6.49    0.00    0.00    3.73    0.00    0.00    0.00   89.76
02:00:20     all    0.10    0.03    6.32    0.00    0.00    3.55    0.00    0.00    0.00   90.00
02:00:21     all    0.00    0.03    6.55    0.00    0.00    3.76    0.00    0.00    0.00   89.66
02:00:22     all    0.00    0.00    5.81    0.00    0.00    3.88    0.00    0.00    0.00   90.31
02:00:23     all    0.03    0.00    8.15    0.00    0.00    4.50    0.00    0.00    0.00   87.32
02:00:24     all    0.00    1.90    9.43    0.00    0.00    5.60    0.00    0.00    0.00   83.08
02:00:25     all    0.00    5.92    8.84    0.00    0.00    5.63    0.00    0.00    0.00   79.61
02:00:26     all    0.00    2.13    9.50    0.00    0.00    5.20    0.00    0.00    0.00   83.17
02:00:27     all    0.00    3.41    9.60    0.00    0.00    5.51    0.00    0.00    0.00   81.48
02:00:28     all    0.00    2.88    9.09    0.00    0.00    5.43    0.00    0.00    0.00   82.61
02:00:29     all    0.00    3.30    8.68    0.00    0.00    5.57    0.00    0.00    0.00   82.45
02:00:30     all    0.06    2.81    8.44    0.00    0.00    4.69    0.00    0.00    0.00   83.99
02:00:31     all    0.00    5.49    9.37    0.00    0.00    6.01    0.00    0.00    0.00   79.13
02:00:32     all    0.00    2.52    9.75    0.00    0.00    5.20    0.00    0.00    0.00   82.54
02:00:33     all    0.03    3.22    9.15    0.00    0.00    5.54    0.00    0.00    0.00   82.06
02:00:34     all    0.00    3.17    8.52    0.00    0.00    5.02    0.00    0.00    0.00   83.28
02:00:35     all    0.00    3.53    8.17    0.00    0.00    5.03    0.00    0.00    0.00   83.27
02:00:36     all    0.03    3.25    8.25    0.00    0.00    4.77    0.00    0.00    0.00   83.70
02:00:37     all    0.00    6.12    8.59    0.00    0.00    5.34    0.00    0.00    0.00   79.95
02:00:38     all    0.06    2.17   10.96    0.00    0.00    6.78    0.00    0.00    0.00   80.03
02:00:39     all    0.00    2.62   13.44    0.00    0.00    8.24    0.00    0.00    0.00   75.70
02:00:40     all    0.06    5.83   16.92    0.00    0.00    9.22    0.00    0.00    0.00   67.96
02:00:41     all    0.03   10.27   16.47    0.00    0.00    8.51    0.00    0.00    0.00   64.72
02:00:42     all    0.00    7.23   15.80    0.00    0.00    8.95    0.00    0.00    0.00   68.02
02:00:43     all    0.03    5.23   14.94    0.00    0.00    8.45    0.00    0.00    0.00   71.35
02:00:44     all    0.00   10.06   15.71    0.00    0.00    8.72    0.00    0.00    0.00   65.51
02:00:45     all    0.19   10.52   16.38    0.00    0.00    8.88    0.00    0.00    0.00   64.03
02:00:46     all    0.00    8.29   15.66    0.00    0.00    8.94    0.00    0.00    0.00   67.11
02:00:47     all    0.00   10.02   15.65    0.00    0.00    8.23    0.00    0.00    0.00   66.10
02:00:48     all    0.00   12.09   15.62    0.00    0.00    8.36    0.00    0.00    0.00   63.92
02:00:49     all    0.03    9.68   14.78    0.00    0.00    9.00    0.00    0.00    0.00   66.52
02:00:50     all    0.06    8.03   11.34    0.00    0.00    6.60    0.00    0.00    0.00   73.97
02:00:51     all    0.00   13.58   14.73    0.00    0.00    8.71    0.00    0.00    0.00   62.98
02:00:52     all    0.03   10.53   15.82    0.00    0.00    8.97    0.00    0.00    0.00   64.65
02:00:53     all    0.00    9.43   16.05    0.00    0.00    8.91    0.00    0.00    0.00   65.61
02:00:54     all    0.00    9.63   14.44    0.00    0.00    8.39    0.00    0.00    0.00   67.54
02:00:55     all    0.03   12.76   14.95    0.00    0.00    8.18    0.00    0.00    0.00   64.08
02:00:56     all    0.00    8.08   15.41    0.00    0.00    8.08    0.00    0.00    0.00   68.44
02:00:57     all    0.00    8.45   14.15    0.00    0.00    8.09    0.00    0.00    0.00   69.30
02:00:58     all    0.03   10.94   14.37    0.00    0.00    8.58    0.00    0.00    0.00   66.08
02:00:59     all    0.00   12.97   14.14    0.00    0.00    7.17    0.00    0.00    0.00   65.72
02:01:00     all    0.26    8.36   11.72    0.00    0.00    6.79    0.00    0.00    0.00   72.86
02:01:01     all    0.00    8.77   10.61    0.00    0.00    6.48    0.00    0.00    0.00   74.14
02:01:02     all    0.00    8.70   10.04    0.00    0.00    5.20    0.00    0.00    0.00   76.06
02:01:03     all    0.03   13.62   10.25    0.00    0.00    6.04    0.00    0.00    0.00   70.05
02:01:04     all    0.00    7.22   10.35    0.00    0.00    6.17    0.00    0.00    0.00   76.26
02:01:05     all    0.03    7.21   11.17    0.00    0.00    6.17    0.00    0.00    0.00   75.42
02:01:06     all    0.00    8.61    8.99    0.00    0.00    5.08    0.00    0.00    0.00   77.32
02:01:07     all    0.03    3.17    8.95    0.00    0.00    5.58    0.00    0.00    0.00   82.27
02:01:08     all    0.00   14.05   10.71    0.00    0.00    5.95    0.00    0.00    0.00   69.29
02:01:09     all    0.00   26.73   10.73    0.00    0.00    5.85    0.00    0.00    0.00   56.68
02:01:10     all    0.07   27.54   12.45    0.00    0.00    6.68    0.00    0.00    0.00   53.26
02:01:11     all    0.00    5.70   13.36    0.00    0.00    7.04    0.00    0.00    0.00   73.89
02:01:12     all    0.03    4.16   14.61    0.00    0.00    7.68    0.00    0.00    0.00   73.52
02:01:13     all    0.06    3.76   13.51    0.00    0.00    7.71    0.00    0.00    0.00   74.96
02:01:14     all    0.00    5.39   14.10    0.00    0.00    8.29    0.00    0.00    0.00   72.21
02:01:15     all    0.00    9.53   17.04    0.00    0.00    9.95    0.00    0.00    0.00   63.48
02:01:16     all    0.03   11.45   16.83    0.00    0.00    8.69    0.00    0.00    0.00   63.00
02:01:17     all    0.00    6.73   17.86    0.00    0.00    9.65    0.00    0.00    0.00   65.76
02:01:18     all    0.00    5.80   18.09    0.00    0.00    8.56    0.00    0.00    0.00   67.54
02:01:19     all    0.03   11.26   20.39    0.00    0.00    9.46    0.00    0.00    0.00   58.86
02:01:20     all    0.10    6.51   18.93    0.00    0.00    9.53    0.00    0.00    0.00   64.94
02:01:21     all    0.00    0.49    8.67    0.00    0.00    5.42    0.00    0.00    0.00   85.42
02:01:22     all    0.03    5.82    8.44    0.00    0.00    4.98    0.00    0.00    0.00   80.73
02:01:23     all    0.03    5.20    8.24    0.00    0.00    5.26    0.00    0.00    0.00   81.27
02:01:24     all    0.03    4.96    9.22    0.00    0.00    4.96    0.00    0.00    0.00   80.82
02:01:25     all    0.00    4.46    7.76    0.00    0.00    3.85    0.00    0.00    0.00   83.94
02:01:26     all    0.03    3.93    9.22    0.00    0.00    5.64    0.00    0.00    0.00   81.17
02:01:27     all    0.00    4.10    8.82    0.00    0.00    5.17    0.00    0.00    0.00   81.91
02:01:28     all    0.03    3.95    8.93    0.00    0.00    5.72    0.00    0.00    0.00   81.37
02:01:29     all    0.00    3.29    8.88    0.00    0.00    5.37    0.00    0.00    0.00   82.47
02:01:30     all    0.10    3.37    8.97    0.00    0.00    5.86    0.00    0.00    0.00   81.70
02:01:31     all    0.00    7.36    9.58    0.00    0.00    5.53    0.00    0.00    0.00   77.53
02:01:32     all    0.00    6.25    8.06    0.00    0.00    5.21    0.00    0.00    0.00   80.47
02:01:33     all    0.00    4.41    8.23    0.00    0.00    6.09    0.00    0.00    0.00   81.27
02:01:34     all    0.00    5.23    8.52    0.00    0.00    5.39    0.00    0.00    0.00   80.86
02:01:35     all    0.00    4.85    8.47    0.00    0.00    5.14    0.00    0.00    0.00   81.53
02:01:36     all    0.00    2.27    9.21    0.00    0.00    5.61    0.00    0.00    0.00   82.90
02:01:37     all    0.03    4.69    9.35    0.00    0.00    5.50    0.00    0.00    0.00   80.42
02:01:38     all    0.00    2.38    9.10    0.00    0.00    5.66    0.00    0.00    0.00   82.86
02:01:39     all    0.00    2.80    9.16    0.00    0.00    5.61    0.00    0.00    0.00   82.43
02:01:40     all    0.10    2.66    8.78    0.00    0.00    5.48    0.00    0.00    0.00   82.98
02:01:41     all    0.00    1.26    7.63    0.00    0.00    5.28    0.00    0.00    0.00   85.83
02:01:42     all    0.03    1.03    6.00    0.00    0.00    3.72    0.00    0.00    0.00   89.22
02:01:43     all    0.03    1.56    9.23    0.00    0.00    5.62    0.00    0.00    0.00   83.55
02:01:44     all    0.00    3.34    9.64    0.00    0.00    5.79    0.00    0.00    0.00   81.23
02:01:45     all    0.03    2.64    9.31    0.00    0.00    6.67    0.00    0.00    0.00   81.35
02:01:46     all    0.00    2.86    9.64    0.00    0.00    5.88    0.00    0.00    0.00   81.61
02:01:47     all    0.00    1.97    8.84    0.00    0.00    6.13    0.00    0.00    0.00   83.05
02:01:48     all    0.00    0.19    9.38    0.00    0.00    5.74    0.00    0.00    0.00   84.68
02:01:49     all    0.00    4.46    9.50    0.00    0.00    6.46    0.00    0.00    0.00   79.59
02:01:50     all    0.10    4.69    9.38    0.00    0.00    5.97    0.00    0.00    0.00   79.86
02:01:51     all    0.03    2.25    8.98    0.00    0.00    5.17    0.00    0.00    0.00   83.57
02:01:52     all    0.00    2.68    8.78    0.00    0.00    5.45    0.00    0.00    0.00   83.09
02:01:53     all    0.00    2.51    9.57    0.00    0.00    5.18    0.00    0.00    0.00   82.74
02:01:54     all    0.03    2.49    9.40    0.00    0.00    5.78    0.00    0.00    0.00   82.30
02:01:55     all    0.00    3.31    9.16    0.00    0.00    5.82    0.00    0.00    0.00   81.70
02:01:56     all    0.00    3.60    6.43    0.00    0.00    4.66    0.00    0.00    0.00   85.31
02:01:57     all    0.00    1.96    6.20    0.00    0.00    3.60    0.00    0.00    0.00   88.24
02:01:58     all    0.00    2.12    6.33    0.00    0.00    3.98    0.00    0.00    0.00   87.57
02:01:59     all    0.00    0.45    7.03    0.00    0.00    3.93    0.00    0.00    0.00   88.60
02:02:00     all    0.32    0.06    6.51    0.00    0.00    3.83    0.00    0.00    0.00   89.27
02:02:01     all    0.00    0.03    6.39    0.00    0.00    4.29    0.00    0.00    0.00   89.29
02:02:02     all    0.03    0.06    6.77    0.00    0.00    3.93    0.00    0.00    0.00   89.20
02:02:03     all    0.00    1.42    6.56    0.00    0.00    3.33    0.00    0.00    0.00   88.70
02:02:04     all    0.00    0.03    7.09    0.00    0.00    4.04    0.00    0.00    0.00   88.83
02:02:05     all    0.03    0.03    6.59    0.00    0.00    4.35    0.00    0.00    0.00   89.00
02:02:06     all    0.19    0.10    6.89    0.00    0.00    4.09    0.00    0.00    0.00   88.73
02:02:07     all    0.00    0.03    6.52    0.00    0.00    4.13    0.00    0.00    0.00   89.32
02:02:08     all    0.00    0.06    7.19    0.00    0.00    3.77    0.00    0.00    0.00   88.98
02:02:09     all    0.00    0.06    6.57    0.00    0.00    4.06    0.00    0.00    0.00   89.31
02:02:10     all    0.10    0.06    6.76    0.00    0.00    4.09    0.00    0.00    0.00   88.99
02:02:11     all    0.00    0.06    6.98    0.00    0.00    4.48    0.00    0.00    0.00   88.48
02:02:12     all    0.00    0.06    6.68    0.00    0.00    4.72    0.00    0.00    0.00   88.53
02:02:13     all    0.06    1.00    6.36    0.00    0.00    4.46    0.00    0.00    0.00   88.12
02:02:14     all    0.00    0.06    6.32    0.00    0.00    4.72    0.00    0.00    0.00   88.89
02:02:15     all    0.00    0.06    6.78    0.00    0.00    4.73    0.00    0.00    0.00   88.42
02:02:16     all    0.03    0.06    6.73    0.00    0.00    3.99    0.00    0.00    0.00   89.19
02:02:17     all    0.00    0.06    7.06    0.00    0.00    4.30    0.00    0.00    0.00   88.58
02:02:18     all    0.00    0.03    6.93    0.00    0.00    4.51    0.00    0.00    0.00   88.52
02:02:19     all    0.03    0.06    6.60    0.00    0.00    4.12    0.00    0.00    0.00   89.19
02:02:20     all    0.10    0.06    7.10    0.00    0.00    4.02    0.00    0.00    0.00   88.72
02:02:21     all    0.00    0.03    6.81    0.00    0.00    4.53    0.00    0.00    0.00   88.63
02:02:22     all    0.00    0.06    7.33    0.00    0.00    3.86    0.00    0.00    0.00   88.75
02:02:23     all    0.03    1.38    6.66    0.00    0.00    4.20    0.00    0.00    0.00   87.73
02:02:24     all    0.00    0.06    7.13    0.00    0.00    3.84    0.00    0.00    0.00   88.97
02:02:25     all    0.03    0.03    6.50    0.00    0.00    4.40    0.00    0.00    0.00   89.04
02:02:26     all    0.00    0.03    6.77    0.00    0.00    4.10    0.00    0.00    0.00   89.10
02:02:27     all    0.03    0.06    7.04    0.00    0.00    4.21    0.00    0.00    0.00   88.65
02:02:28     all    0.00    0.06    7.23    0.00    0.00    4.28    0.00    0.00    0.00   88.43
02:02:29     all    0.00    0.06    6.27    0.00    0.00    4.41    0.00    0.00    0.00   89.26
02:02:30     all    0.06    0.06    6.43    0.00    0.00    4.20    0.00    0.00    0.00   89.23
02:02:31     all    0.00    0.06    6.80    0.00    0.00    3.90    0.00    0.00    0.00   89.23
02:02:32     all    0.03    0.06    6.60    0.00    0.00    4.09    0.00    0.00    0.00   89.21
02:02:33     all    0.03    0.83    6.64    0.00    0.00    4.69    0.00    0.00    0.00   87.80
02:02:34     all    0.00    0.06    6.63    0.00    0.00    4.44    0.00    0.00    0.00   88.87
02:02:35     all    0.00    0.06    6.99    0.00    0.00    4.25    0.00    0.00    0.00   88.70
02:02:36     all    0.00    0.06    6.57    0.00    0.00    4.65    0.00    0.00    0.00   88.71
02:02:37     all    0.03    0.06    7.55    0.00    0.00    4.50    0.00    0.00    0.00   87.85
02:02:38     all    0.03    0.03    7.12    0.00    0.00    4.44    0.00    0.00    0.00   88.38
02:02:39     all    0.00    0.03    6.99    0.00    0.00    4.27    0.00    0.00    0.00   88.70
02:02:40     all    0.06    0.03    7.25    0.00    0.00    4.44    0.00    0.00    0.00   88.21
02:02:41     all    0.03    0.03    6.95    0.00    0.00    4.50    0.00    0.00    0.00   88.49
02:02:42     all    0.00    0.06    6.99    0.00    0.00    3.88    0.00    0.00    0.00   89.06
02:02:43     all    0.03    0.10    7.61    0.00    0.00    4.92    0.00    0.00    0.00   87.34
02:02:44     all    0.06    0.00    7.11    0.00    0.00    3.89    0.00    0.00    0.00   88.94
02:02:45     all    0.19    0.10    6.97    0.00    0.00    4.45    0.00    0.00    0.00   88.29
02:02:46     all    0.03    0.00    7.02    0.00    0.00    4.31    0.00    0.00    0.00   88.64
02:02:47     all    0.00    0.06    6.95    0.00    0.00    3.83    0.00    0.00    0.00   89.15
02:02:48     all    0.00    0.06    6.61    0.00    0.00    3.95    0.00    0.00    0.00   89.37
02:02:49     all    0.03    0.00    6.70    0.00    0.00    4.15    0.00    0.00    0.00   89.12
02:02:50     all    0.10    0.03    7.09    0.00    0.00    3.97    0.00    0.00    0.00   88.81
02:02:51     all    0.03    0.06    7.02    0.00    0.00    4.08    0.00    0.00    0.00   88.81
02:02:52     all    0.00    0.06    7.17    0.00    0.00    4.46    0.00    0.00    0.00   88.30
02:02:53     all    0.03    0.06    7.10    0.00    0.00    4.66    0.00    0.00    0.00   88.14
02:02:54     all    0.00    0.03    7.21    0.00    0.00    4.11    0.00    0.00    0.00   88.65
02:02:55     all    0.00    0.03    7.38    0.00    0.00    4.38    0.00    0.00    0.00   88.20
02:02:56     all    0.00    0.06    7.12    0.00    0.00    4.61    0.00    0.00    0.00   88.20
02:02:57     all    0.03    0.61    6.97    0.00    0.00    4.19    0.00    0.00    0.00   88.19
02:02:58     all    0.00    0.64    7.10    0.00    0.00    4.27    0.00    0.00    0.00   87.99
02:02:59     all    0.00    0.00    6.63    0.00    0.00    4.19    0.00    0.00    0.00   89.18
02:03:00     all    0.45    0.03    6.73    0.00    0.00    4.21    0.00    0.00    0.00   88.58
02:03:01     all    0.03    0.03    7.52    0.00    0.00    4.42    0.00    0.00    0.00   88.00
02:03:02     all    0.00    0.03    6.92    0.00    0.00    4.25    0.00    0.00    0.00   88.79
02:03:03     all    0.03    0.03    6.89    0.00    0.00    3.88    0.00    0.00    0.00   89.17
02:03:04     all    0.00    0.03    7.00    0.00    0.00    3.87    0.00    0.00    0.00   89.10
02:03:05     all    0.00    0.03    7.07    0.00    0.00    4.24    0.00    0.00    0.00   88.66
02:03:06     all    0.00    0.06    6.68    0.00    0.00    3.84    0.00    0.00    0.00   89.41
02:03:07     all    0.00    1.09    6.50    0.00    0.00    4.36    0.00    0.00    0.00   88.05
02:03:08     all    0.00    0.03    6.74    0.00    0.00    4.21    0.00    0.00    0.00   89.02
02:03:09     all    0.03    0.86    6.59    0.00    0.00    4.35    0.00    0.00    0.00   88.17
02:03:10     all    0.10    0.06    6.75    0.00    0.00    4.47    0.00    0.00    0.00   88.62
02:03:11     all    0.00    0.03    7.06    0.00    0.00    4.33    0.00    0.00    0.00   88.58
02:03:12     all    0.00    0.03    7.56    0.00    0.00    4.35    0.00    0.00    0.00   88.06
02:03:13     all    0.00    0.06    6.77    0.00    0.00    4.01    0.00    0.00    0.00   89.16
02:03:14     all    0.00    0.03    6.44    0.00    0.00    4.33    0.00    0.00    0.00   89.20
02:03:15     all    0.03    0.03    5.34    0.00    0.00    4.06    0.00    0.00    0.00   90.53
02:03:16     all    0.00    0.03    5.61    0.00    0.00    3.94    0.00    0.00    0.00   90.42
02:03:17     all    0.00    0.16    7.49    0.00    0.00    4.54    0.00    0.00    0.00   87.81
02:03:18     all    0.00    0.29    8.25    0.00    0.00    5.27    0.00    0.00    0.00   86.19
02:03:19     all    0.00    2.19    7.58    0.00    0.00    4.84    0.00    0.00    0.00   85.39
02:03:20     all    0.10    2.88    7.73    0.00    0.00    5.18    0.00    0.00    0.00   84.11
02:03:21     all    0.03    2.50    7.27    0.00    0.00    4.35    0.00    0.00    0.00   85.86
02:03:22     all    0.00    4.51    7.17    0.00    0.00    5.31    0.00    0.00    0.00   83.00
02:03:23     all    0.03    2.44    8.31    0.00    0.00    5.61    0.00    0.00    0.00   83.61
02:03:24     all    0.00    2.61    6.93    0.00    0.00    5.03    0.00    0.00    0.00   85.43
02:03:25     all    0.03    5.20    7.73    0.00    0.00    4.95    0.00    0.00    0.00   82.09
02:03:26     all    0.03    2.28    7.30    0.00    0.00    5.28    0.00    0.00    0.00   85.11
02:03:27     all    0.00    2.35    7.57    0.00    0.00    5.18    0.00    0.00    0.00   84.89
02:03:28     all    0.00    2.44    6.77    0.00    0.00    4.62    0.00    0.00    0.00   86.17
02:03:29     all    0.03    5.25    7.12    0.00    0.00    4.64    0.00    0.00    0.00   82.97
02:03:30     all    0.06    1.92    8.34    0.00    0.00    4.94    0.00    0.00    0.00   84.74
02:03:31     all    0.00    3.07    7.60    0.00    0.00    5.14    0.00    0.00    0.00   84.20
02:03:32     all    0.03    3.07    7.23    0.00    0.00    4.76    0.00    0.00    0.00   84.91
02:03:33     all    0.00    4.80    7.46    0.00    0.00    5.51    0.00    0.00    0.00   82.23
02:03:34     all    0.00    3.15    7.94    0.00    0.00    4.95    0.00    0.00    0.00   83.95
02:03:35     all    0.00    2.70    7.07    0.00    0.00    4.69    0.00    0.00    0.00   85.54
02:03:36     all    0.03    2.97    6.82    0.00    0.00    4.01    0.00    0.00    0.00   86.16
02:03:37     all    0.00    5.26    7.85    0.00    0.00    4.68    0.00    0.00    0.00   82.20
02:03:38     all    0.00    3.09    7.34    0.00    0.00    4.80    0.00    0.00    0.00   84.77
02:03:39     all    0.03    3.16    7.38    0.00    0.00    5.02    0.00    0.00    0.00   84.40
02:03:40     all    0.06    3.46   12.58    0.00    0.00    7.86    0.00    0.00    0.00   76.03
02:03:41     all    0.00    6.14   13.61    0.00    0.00    7.99    0.00    0.00    0.00   72.26
02:03:42     all    0.00    4.13   12.66    0.00    0.00    6.96    0.00    0.00    0.00   76.24
02:03:43     all    0.03   10.84   12.76    0.00    0.00    7.00    0.00    0.00    0.00   69.36
02:03:44     all    0.03    7.95   11.19    0.00    0.00    6.47    0.00    0.00    0.00   74.36
02:03:45     all    0.03    8.33   10.27    0.00    0.00    5.91    0.00    0.00    0.00   75.46
02:03:46     all    0.00    7.97   10.50    0.00    0.00    6.67    0.00    0.00    0.00   74.86
02:03:47     all    0.00    8.22   13.68    0.00    0.00    7.70    0.00    0.00    0.00   70.40
02:03:48     all    0.00    9.84   12.86    0.00    0.00    7.18    0.00    0.00    0.00   70.13
02:03:49     all    0.03   10.65   12.97    0.00    0.00    7.31    0.00    0.00    0.00   69.04
02:03:50     all    0.07   10.83   13.22    0.00    0.00    7.02    0.00    0.00    0.00   68.86
02:03:51     all    0.00    8.06   12.86    0.00    0.00    7.57    0.00    0.00    0.00   71.51
02:03:52     all    0.03    6.80   12.46    0.00    0.00    7.54    0.00    0.00    0.00   73.17
02:03:53     all    0.07   11.34   12.78    0.00    0.00    6.65    0.00    0.00    0.00   69.17
02:03:54     all    0.00    8.54   12.81    0.00    0.00    6.65    0.00    0.00    0.00   72.01
02:03:55     all    0.00    8.44   12.52    0.00    0.00    8.01    0.00    0.00    0.00   71.03
02:03:56     all    0.03    8.82   12.46    0.00    0.00    7.24    0.00    0.00    0.00   71.44
02:03:57     all    0.00   10.87   11.51    0.00    0.00    7.14    0.00    0.00    0.00   70.48
02:03:58     all    0.00   11.24   13.31    0.00    0.00    7.39    0.00    0.00    0.00   68.06
02:03:59     all    0.03    9.99   13.36    0.00    0.00    7.30    0.00    0.00    0.00   69.33
02:04:00     all    0.32    9.19   13.11    0.00    0.00    7.23    0.00    0.00    0.00   70.14
02:04:01     all    0.00   10.61   12.12    0.00    0.00    6.65    0.00    0.00    0.00   70.63
02:04:02     all    0.00   12.24   12.66    0.00    0.00    7.30    0.00    0.00    0.00   67.80
02:04:03     all    0.00    7.56   13.01    0.00    0.00    7.27    0.00    0.00    0.00   72.16
02:04:04     all    0.03    7.35   11.98    0.00    0.00    6.80    0.00    0.00    0.00   73.84
02:04:05     all    0.03    8.69   12.08    0.00    0.00    6.24    0.00    0.00    0.00   72.96
02:04:06     all    0.00    7.46   12.21    0.00    0.00    6.88    0.00    0.00    0.00   73.45
02:04:07     all    0.03   14.75   12.63    0.00    0.00    7.16    0.00    0.00    0.00   65.42
02:04:08     all    0.00    7.75   13.53    0.00    0.00    8.34    0.00    0.00    0.00   70.39
02:04:09     all    0.00    7.86   15.39    0.00    0.00    8.18    0.00    0.00    0.00   68.56
02:04:10     all    0.07    9.91   14.53    0.00    0.00    8.31    0.00    0.00    0.00   67.19
02:04:11     all    0.00    7.78   14.92    0.00    0.00    8.43    0.00    0.00    0.00   68.86
02:04:12     all    0.00    6.52   14.89    0.00    0.00    7.48    0.00    0.00    0.00   71.11
02:04:13     all    0.03    9.39   14.23    0.00    0.00    8.48    0.00    0.00    0.00   67.87
02:04:14     all    0.00    5.77   17.76    0.00    0.00    9.87    0.00    0.00    0.00   66.59
02:04:15     all    0.00   12.09   18.06    0.00    0.00   10.53    0.00    0.00    0.00   59.32
02:04:16     all    0.10   10.08   18.75    0.00    0.00    9.10    0.00    0.00    0.00   61.97
02:04:17     all    0.03   13.29   18.77    0.00    0.00   10.06    0.00    0.00    0.00   57.85
02:04:18     all    0.00    7.50   18.42    0.00    0.00    9.86    0.00    0.00    0.00   64.22
02:04:19     all    0.00   10.14   17.61    0.00    0.00    9.59    0.00    0.00    0.00   62.66
02:04:20     all    0.13    8.64   18.06    0.00    0.00    9.42    0.00    0.00    0.00   63.75
02:04:21     all    0.00   12.60   17.64    0.00    0.00    9.38    0.00    0.00    0.00   60.38
02:04:22     all    0.03    7.52   16.87    0.00    0.00    9.55    0.00    0.00    0.00   66.03
02:04:23     all    0.00    9.76   17.75    0.00    0.00    9.33    0.00    0.00    0.00   63.15
02:04:24     all    0.00    9.51   18.41    0.00    0.00    9.32    0.00    0.00    0.00   62.76
02:04:25     all    0.03   14.22   18.60    0.00    0.00    9.16    0.00    0.00    0.00   57.99
02:04:26     all    0.00   11.69   18.50    0.00    0.00    9.72    0.00    0.00    0.00   60.09
02:04:27     all    0.00   11.95   19.42    0.00    0.00    9.93    0.00    0.00    0.00   58.70
02:04:28     all    0.00   12.93   18.62    0.00    0.00    9.42    0.00    0.00    0.00   59.02
02:04:29     all    0.00   12.35   18.79    0.00    0.00    9.33    0.00    0.00    0.00   59.53
02:04:30     all    0.06   10.27   18.10    0.00    0.00    9.98    0.00    0.00    0.00   61.59
02:04:31     all    0.03    7.01   17.92    0.00    0.00    9.09    0.00    0.00    0.00   65.95
02:04:32     all    0.00    7.43   16.79    0.00    0.00    9.19    0.00    0.00    0.00   66.58
02:04:33     all    0.00   20.59   18.18    0.00    0.00    8.70    0.00    0.00    0.00   52.53
02:04:34     all    0.00    5.67   19.02    0.00    0.00    9.80    0.00    0.00    0.00   65.51
02:04:35     all    0.00    8.70   17.79    0.00    0.00    9.74    0.00    0.00    0.00   63.78
02:04:36     all    0.00   12.16   16.84    0.00    0.00    9.51    0.00    0.00    0.00   61.49
02:04:37     all    0.00   15.53   17.68    0.00    0.00    9.30    0.00    0.00    0.00   57.50
02:04:38     all    0.03    9.59   19.37    0.00    0.00    9.01    0.00    0.00    0.00   62.00
02:04:39     all    0.00   10.40   18.07    0.00    0.00    8.78    0.00    0.00    0.00   62.76
02:04:40     all    0.06    8.42   17.42    0.00    0.00    9.59    0.00    0.00    0.00   64.51
02:04:41     all    0.00   16.20   18.19    0.00    0.00   10.03    0.00    0.00    0.00   55.58
02:04:42     all    0.00    8.53   18.68    0.00    0.00   10.38    0.00    0.00    0.00   62.41
02:04:43     all    0.00   12.24   22.20    0.00    0.00    9.84    0.00    0.00    0.00   55.72
02:04:44     all    0.00    6.14   20.20    0.00    0.00   10.32    0.00    0.00    0.00   63.33
02:04:45     all    0.06    9.65   19.53    0.00    0.00    9.03    0.00    0.00    0.00   61.72
02:04:46     all    0.00   10.61   20.00    0.00    0.00    9.32    0.00    0.00    0.00   60.06
02:04:47     all    0.00    9.00   18.37    0.00    0.00    9.53    0.00    0.00    0.00   63.10
02:04:48     all    0.03   10.28   18.05    0.00    0.00    9.83    0.00    0.00    0.00   61.81
02:04:49     all    0.00    8.50   19.03    0.00    0.00   10.08    0.00    0.00    0.00   62.39
02:04:50     all    0.10   16.62   18.92    0.00    0.00   10.22    0.00    0.00    0.00   54.14
02:04:51     all    0.00    8.49   19.15    0.00    0.00    9.95    0.00    0.00    0.00   62.40
02:04:52     all    0.00    9.18   18.92    0.00    0.00    9.80    0.00    0.00    0.00   62.10
02:04:53     all    0.00   18.72   18.82    0.00    0.00    9.20    0.00    0.00    0.00   53.26
02:04:54     all    0.03   33.41   20.30    0.00    0.00   10.43    0.00    0.00    0.00   35.83
02:04:55     all    0.00   23.18   21.79    0.00    0.00   10.33    0.00    0.00    0.00   44.71
02:04:56     all    0.00    5.42   18.79    0.00    0.00   10.03    0.00    0.00    0.00   65.76
02:04:57     all    0.03    6.17   17.70    0.00    0.00    9.79    0.00    0.00    0.00   66.31
02:04:58     all    0.00   13.55   19.00    0.00    0.00    8.98    0.00    0.00    0.00   58.48
02:04:59     all    0.03   12.60   17.99    0.00    0.00    9.09    0.00    0.00    0.00   60.28
02:05:00     all    0.29   11.35   18.22    0.00    0.00    9.43    0.00    0.00    0.00   60.71
02:05:01     all    0.00   14.56   18.13    0.00    0.00    9.82    0.00    0.00    0.00   57.49
02:05:02     all    0.00    7.66   17.52    0.00    0.00   10.02    0.00    0.00    0.00   64.79
02:05:03     all    0.06    8.58   17.16    0.00    0.00   10.00    0.00    0.00    0.00   64.19
02:05:04     all    0.00   13.17   17.35    0.00    0.00    8.71    0.00    0.00    0.00   60.76
02:05:05     all    0.03   11.62   14.99    0.00    0.00    8.51    0.00    0.00    0.00   64.86
02:05:06     all    0.03    7.73   14.70    0.00    0.00    8.61    0.00    0.00    0.00   68.94
02:05:07     all    0.00    6.74   13.98    0.00    0.00    8.35    0.00    0.00    0.00   70.93
02:05:08     all    0.00    9.59   14.89    0.00    0.00    8.48    0.00    0.00    0.00   67.05
02:05:09     all    0.03    9.84   14.57    0.00    0.00    8.65    0.00    0.00    0.00   66.91
02:05:10     all    0.10    9.39   14.42    0.00    0.00    8.93    0.00    0.00    0.00   67.16
02:05:11     all    0.03    8.75   15.12    0.00    0.00    8.65    0.00    0.00    0.00   67.46
02:05:12     all    0.00   30.51   14.51    0.00    0.00    8.03    0.00    0.00    0.00   46.95
02:05:13     all    0.00   33.93   16.62    0.00    0.00    7.74    0.00    0.00    0.00   41.71
02:05:14     all    0.03   14.47   17.49    0.00    0.00    8.55    0.00    0.00    0.00   59.46
02:05:15     all    0.07    6.35   17.07    0.00    0.00    8.37    0.00    0.00    0.00   68.13
02:05:16     all    0.00    4.80   18.14    0.00    0.00    8.74    0.00    0.00    0.00   68.32
02:05:17     all    0.03    7.84   18.41    0.00    0.00    9.33    0.00    0.00    0.00   64.39
02:05:18     all    0.00    5.90   18.92    0.00    0.00    9.30    0.00    0.00    0.00   65.88
02:05:19     all    0.00    4.62   16.65    0.00    0.00    9.50    0.00    0.00    0.00   69.23
02:05:20     all    0.10    9.50   19.25    0.00    0.00    9.43    0.00    0.00    0.00   61.72
02:05:21     all    0.03   25.46   18.32    0.00    0.00    8.87    0.00    0.00    0.00   47.33
02:05:22     all    0.00   11.59   15.54    0.00    0.00    8.96    0.00    0.00    0.00   63.91
02:05:23     all    0.03   13.84   16.50    0.00    0.00    8.41    0.00    0.00    0.00   61.22
02:05:24     all    0.03   35.17   17.28    0.00    0.00    9.34    0.00    0.00    0.00   38.18
02:05:25     all    0.00   12.10   18.94    0.00    0.00   10.20    0.00    0.00    0.00   58.76
02:05:26     all    0.00    3.74   18.06    0.00    0.00    9.87    0.00    0.00    0.00   68.32
02:05:27     all    0.00    7.76   18.62    0.00    0.00    9.10    0.00    0.00    0.00   64.51
02:05:28     all    0.00    4.63   18.15    0.00    0.00    9.29    0.00    0.00    0.00   67.94
02:05:29     all    0.03    8.76   19.65    0.00    0.00    9.34    0.00    0.00    0.00   62.22
02:05:30     all    0.10    2.36   17.48    0.00    0.00    8.59    0.00    0.00    0.00   71.48
02:05:31     all    0.03    7.42   16.74    0.00    0.00    8.61    0.00    0.00    0.00   67.20
02:05:32     all    0.03    1.64   16.89    0.00    0.00    9.28    0.00    0.00    0.00   72.16
02:05:33     all    0.00    9.83    9.48    0.00    0.00    5.79    0.00    0.00    0.00   74.90
02:05:34     all    0.03    4.51    8.74    0.00    0.00    5.70    0.00    0.00    0.00   81.02
02:05:35     all    0.03    6.44    8.27    0.00    0.00    5.45    0.00    0.00    0.00   79.80
02:05:36     all    0.00    7.31    8.56    0.00    0.00    4.96    0.00    0.00    0.00   79.18
02:05:37     all    0.03    6.55    8.31    0.00    0.00    4.62    0.00    0.00    0.00   80.48
02:05:38     all    0.00    5.75    8.37    0.00    0.00    5.33    0.00    0.00    0.00   80.56
02:05:39     all    0.00    3.49    8.82    0.00    0.00    5.17    0.00    0.00    0.00   82.52
02:05:40     all    0.10    2.22    9.42    0.00    0.00    5.60    0.00    0.00    0.00   82.66
02:05:41     all    0.03    0.19    8.58    0.00    0.00    5.30    0.00    0.00    0.00   85.89
02:05:42     all    0.00    6.54    8.87    0.00    0.00    5.81    0.00    0.00    0.00   78.78
02:05:43     all    0.03    4.56    8.74    0.00    0.00    5.69    0.00    0.00    0.00   80.98
02:05:44     all    0.00    2.40    9.59    0.00    0.00    6.11    0.00    0.00    0.00   81.91
02:05:45     all    0.00    3.16    8.71    0.00    0.00    5.61    0.00    0.00    0.00   82.52
02:05:46     all    0.00    2.26    8.39    0.00    0.00    5.68    0.00    0.00    0.00   83.67
02:05:47     all    0.00    2.87    9.14    0.00    0.00    6.53    0.00    0.00    0.00   81.46
02:05:48     all    0.00    2.35    8.78    0.00    0.00    6.30    0.00    0.00    0.00   82.58
02:05:49     all    0.00    2.90    8.13    0.00    0.00    5.42    0.00    0.00    0.00   83.55
02:05:50     all    0.10    1.95    7.61    0.00    0.00    5.17    0.00    0.00    0.00   85.18
02:05:51     all    0.00    2.64    9.30    0.00    0.00    6.05    0.00    0.00    0.00   82.01
02:05:52     all    0.03    8.92    9.15    0.00    0.00    5.46    0.00    0.00    0.00   76.44
02:05:53     all    0.00    1.77    8.49    0.00    0.00    5.98    0.00    0.00    0.00   83.77
02:05:54     all    0.00    4.37    9.29    0.00    0.00    6.22    0.00    0.00    0.00   80.11
02:05:55     all    0.00    3.75    8.89    0.00    0.00    5.97    0.00    0.00    0.00   81.39
02:05:56     all    0.03    3.13    7.70    0.00    0.00    5.47    0.00    0.00    0.00   83.67
02:05:57     all    0.00    3.01    7.94    0.00    0.00    5.86    0.00    0.00    0.00   83.19
02:05:58     all    0.00    2.51    7.74    0.00    0.00    5.11    0.00    0.00    0.00   84.65
02:05:59     all    0.00    3.05    6.83    0.51    0.00    5.42    0.00    0.00    0.00   84.19
02:06:00     all    0.35    2.27    7.25    0.00    0.00    4.73    0.00    0.00    0.00   85.41
02:06:01     all    0.00    1.54    6.45    0.00    0.00    4.49    0.00    0.00    0.00   87.52
02:06:02     all    0.00    0.10    6.08    0.00    0.00    4.32    0.00    0.00    0.00   89.51
02:06:03     all    0.03    0.06    6.30    0.00    0.00    4.45    0.00    0.00    0.00   89.16
02:06:04     all    0.00    2.04    5.10    0.00    0.00    3.70    0.00    0.00    0.00   89.17
02:06:05     all    0.00    3.30    5.23    0.00    0.00    3.68    0.00    0.00    0.00   87.79
02:06:06     all    0.03    0.06    6.56    0.00    0.00    4.49    0.00    0.00    0.00   88.85
02:06:07     all    0.00    0.06    6.06    0.00    0.00    4.24    0.00    0.00    0.00   89.63
02:06:08     all    0.00    0.10    5.99    0.00    0.00    4.71    0.00    0.00    0.00   89.21
02:06:09     all    0.03    0.03    6.13    0.00    0.00    4.12    0.00    0.00    0.00   89.68
02:06:10     all    0.10    0.10    5.66    0.00    0.00    3.96    0.00    0.00    0.00   90.18
02:06:11     all    0.00    1.24    6.12    0.00    0.00    4.37    0.00    0.00    0.00   88.27
02:06:12     all    0.03    0.35    5.92    0.00    0.00    3.70    0.00    0.00    0.00   90.00
02:06:13     all    0.06    0.06    4.69    0.00    0.00    3.07    0.00    0.00    0.00   92.11
02:06:14     all    0.03    0.06    4.89    0.00    0.00    3.26    0.00    0.00    0.00   91.75
02:06:15     all    0.00    0.03    4.26    0.00    0.00    2.61    0.00    0.00    0.00   93.09
02:06:16     all    0.00    1.15    4.91    0.00    0.00    3.03    0.00    0.00    0.00   90.91
02:06:17     all    0.00    0.95    4.83    0.00    0.00    3.12    0.00    0.00    0.00   91.10
02:06:18     all    0.00    0.42    5.01    0.00    0.00    3.05    0.00    0.00    0.00   91.52
02:06:19     all    0.00    0.06    5.28    0.00    0.00    3.01    0.00    0.00    0.00   91.65
02:06:20     all    0.06    0.83    5.08    0.00    0.00    2.97    0.00    0.00    0.00   91.05

Average:     all    0.03    3.11    9.46    0.00    0.00    4.54    0.00    0.00    0.00   82.86
