Linux 4.20.0+ (eternitystorage) 	01/14/24 	_x86_64_	(32 CPU)

04:15:59     CPU    %usr   %nice    %sys %iowait    %irq   %soft  %steal  %guest  %gnice   %idle
04:16:00     all    0.37    0.00    0.19    0.00    0.00    0.00    0.00    0.00    0.00   99.44
04:16:01     all    0.00    0.00    0.03    0.00    0.00    0.00    0.00    0.00    0.00   99.97
04:16:02     all    0.00    0.00    0.00    0.00    0.00    0.00    0.00    0.00    0.00  100.00
04:16:03     all    0.00    0.00    0.03    0.00    0.00    0.00    0.00    0.00    0.00   99.97
04:16:04     all    0.00    0.00    0.00    0.00    0.00    0.00    0.00    0.00    0.00  100.00
04:16:05     all    0.00    0.00    0.00    0.00    0.00    0.00    0.00    0.00    0.00  100.00
04:16:06     all    0.00    0.00    0.03    0.00    0.00    0.00    0.00    0.00    0.00   99.97
04:16:07     all    0.06    0.00    0.03    0.00    0.00    0.00    0.00    0.00    0.00   99.91
04:16:08     all    0.00    0.00    0.00    0.00    0.00    0.00    0.00    0.00    0.00  100.00
04:16:09     all    0.00    0.00    0.00    0.00    0.00    0.00    0.00    0.00    0.00  100.00
04:16:10     all    0.12    0.00    0.09    0.00    0.00    0.00    0.00    0.00    0.00   99.78
04:16:11     all    0.00    0.00    0.00    0.00    0.00    0.00    0.00    0.00    0.00  100.00
04:16:12     all    0.00    0.00    0.03    0.00    0.00    0.00    0.00    0.00    0.00   99.97
04:16:13     all    0.00    0.00    0.69    0.00    0.00    0.00    0.00    0.00    0.00   99.31
04:16:14     all    0.00    0.00    1.10    0.00    0.00    0.00    0.00    0.00    0.00   98.90
04:16:15     all    0.00    0.00    1.41    0.00    0.00    0.03    0.00    0.00    0.00   98.56
04:16:16     all    0.00    0.00    1.47    0.00    0.00    0.06    0.00    0.00    0.00   98.47
04:16:17     all    0.03    0.00    1.38    0.00    0.00    0.03    0.00    0.00    0.00   98.56
04:16:18     all    0.00    0.00    1.22    0.00    0.00    0.03    0.00    0.00    0.00   98.75
04:16:19     all    0.00    0.00    1.16    0.00    0.00    0.09    0.00    0.00    0.00   98.75
04:16:20     all    0.09    0.00    1.32    0.00    0.00    0.06    0.00    0.00    0.00   98.53
04:16:21     all    0.00    0.00    1.07    0.00    0.00    0.00    0.00    0.00    0.00   98.93
04:16:22     all    0.00    0.00    1.41    0.00    0.00    0.03    0.00    0.00    0.00   98.56
04:16:23     all    0.00    0.00    0.94    0.00    0.00    0.03    0.00    0.00    0.00   99.03
04:16:24     all    0.00    0.00    1.25    0.00    0.00    0.00    0.00    0.00    0.00   98.75
04:16:25     all    0.00    0.00    1.19    0.00    0.00    0.03    0.00    0.00    0.00   98.78
04:16:26     all    0.00    0.00    1.25    0.00    0.00    0.03    0.00    0.00    0.00   98.72
04:16:27     all    0.00    0.00    1.16    0.00    0.00    0.00    0.00    0.00    0.00   98.84
04:16:28     all    0.00    0.00    1.28    0.00    0.00    0.03    0.00    0.00    0.00   98.69
04:16:29     all    0.00    0.00    1.31    0.00    0.00    0.03    0.00    0.00    0.00   98.65
04:16:30     all    0.06    0.00    1.32    0.00    0.00    0.03    0.00    0.00    0.00   98.59
04:16:31     all    0.00    0.00    1.22    0.00    0.00    0.03    0.00    0.00    0.00   98.75
04:16:32     all    0.00    0.00    1.28    0.00    0.00    0.03    0.00    0.00    0.00   98.68
04:16:33     all    0.00    0.00    1.31    0.00    0.00    0.03    0.00    0.00    0.00   98.65
04:16:34     all    0.03    0.00    1.38    0.00    0.00    0.03    0.00    0.00    0.00   98.56
04:16:35     all    0.00    0.00    1.41    0.00    0.00    0.06    0.00    0.00    0.00   98.53
04:16:36     all    0.00    0.00    0.94    0.00    0.00    0.03    0.00    0.00    0.00   99.03
04:16:37     all    0.03    0.00    1.19    0.00    0.00    0.00    0.00    0.00    0.00   98.78
04:16:38     all    0.00    0.00    1.35    0.00    0.00    0.09    0.00    0.00    0.00   98.56
04:16:39     all    0.00    0.00    1.35    0.00    0.00    0.06    0.00    0.00    0.00   98.59
04:16:40     all    0.09    0.00    1.29    0.00    0.00    0.03    0.00    0.00    0.00   98.59
04:16:41     all    0.00    0.00    1.28    0.00    0.00    0.06    0.00    0.00    0.00   98.65
04:16:42     all    0.00    0.00    1.35    0.00    0.00    0.06    0.00    0.00    0.00   98.59
04:16:43     all    0.03    0.00    1.13    0.00    0.00    0.03    0.00    0.00    0.00   98.81
04:16:44     all    0.00    0.00    1.22    0.00    0.00    0.03    0.00    0.00    0.00   98.75
04:16:45     all    0.00    0.00    1.04    0.00    0.00    0.06    0.00    0.00    0.00   98.90
04:16:46     all    0.00    0.00    1.47    0.00    0.00    0.06    0.00    0.00    0.00   98.47
04:16:47     all    0.03    0.00    1.22    0.00    0.00    0.03    0.00    0.00    0.00   98.72
04:16:48     all    0.00    0.00    1.19    0.00    0.00    0.03    0.00    0.00    0.00   98.78
04:16:49     all    0.00    0.00    1.31    0.00    0.00    0.03    0.00    0.00    0.00   98.65
04:16:50     all    0.28    0.00    1.13    0.00    0.00    0.06    0.00    0.00    0.00   98.53
04:16:51     all    0.00    0.00    1.28    0.00    0.00    0.09    0.00    0.00    0.00   98.62
04:16:52     all    0.00    0.00    1.10    0.00    0.00    0.03    0.00    0.00    0.00   98.87
04:16:53     all    0.00    0.00    1.25    0.00    0.00    0.03    0.00    0.00    0.00   98.72
04:16:54     all    0.03    0.00    1.31    0.00    0.00    0.00    0.00    0.00    0.00   98.65
04:16:55     all    0.00    0.00    0.88    0.00    0.00    0.03    0.00    0.00    0.00   99.09
04:16:56     all    0.00    0.00    1.25    0.00    0.00    0.03    0.00    0.00    0.00   98.72
04:16:57     all    0.03    0.00    1.32    0.00    0.00    0.03    0.00    0.00    0.00   98.62
04:16:58     all    0.00    0.00    1.25    0.00    0.00    0.06    0.00    0.00    0.00   98.68
04:16:59     all    0.00    0.00    1.32    0.00    0.00    0.03    0.00    0.00    0.00   98.65
04:17:00     all    0.66    0.00    1.35    0.00    0.00    0.00    0.00    0.00    0.00   97.99
04:17:01     all    0.00    0.00    1.10    0.00    0.00    0.06    0.00    0.00    0.00   98.84
04:17:02     all    0.00    0.00    1.16    0.00    0.00    0.03    0.00    0.00    0.00   98.81
04:17:03     all    0.00    0.00    1.25    0.00    0.00    0.03    0.00    0.00    0.00   98.71
04:17:04     all    0.03    0.00    1.16    0.00    0.00    0.00    0.00    0.00    0.00   98.81
04:17:05     all    0.00    0.00    1.38    0.00    0.00    0.06    0.00    0.00    0.00   98.56
04:17:06     all    0.00    0.00    1.25    0.00    0.00    0.03    0.00    0.00    0.00   98.71
04:17:07     all    0.00    0.00    1.25    0.00    0.00    0.03    0.00    0.00    0.00   98.72
04:17:08     all    0.00    0.00    1.19    0.00    0.00    0.00    0.00    0.00    0.00   98.81
04:17:09     all    0.00    0.00    1.19    0.00    0.00    0.06    0.00    0.00    0.00   98.75
04:17:10     all    0.13    0.00    1.13    0.00    0.00    0.06    0.00    0.00    0.00   98.68
04:17:11     all    0.00    0.00    1.28    0.00    0.00    0.03    0.00    0.00    0.00   98.68
04:17:12     all    0.00    0.00    1.28    0.00    0.00    0.03    0.00    0.00    0.00   98.68
04:17:13     all    0.00    0.00    1.13    0.00    0.00    0.03    0.00    0.00    0.00   98.84
04:17:14     all    0.00    0.00    1.04    0.00    0.00    0.09    0.00    0.00    0.00   98.87
04:17:15     all    0.00    0.00    1.28    0.00    0.00    0.03    0.00    0.00    0.00   98.68
04:17:16     all    0.00    0.00    1.22    0.00    0.00    0.03    0.00    0.00    0.00   98.75
04:17:17     all    0.06    0.00    1.13    0.00    0.00    0.03    0.00    0.00    0.00   98.78
04:17:18     all    0.00    0.00    1.13    0.00    0.00    0.03    0.00    0.00    0.00   98.84
04:17:19     all    0.00    0.00    1.41    0.00    0.00    0.06    0.00    0.00    0.00   98.53
04:17:20     all    0.06    0.00    1.41    0.00    0.00    0.06    0.00    0.00    0.00   98.47
04:17:21     all    0.00    0.00    1.25    0.00    0.00    0.00    0.00    0.00    0.00   98.75
04:17:22     all    0.00    0.00    1.28    0.00    0.00    0.00    0.00    0.00    0.00   98.72
04:17:23     all    0.00    0.00    1.28    0.00    0.00    0.03    0.00    0.00    0.00   98.68
04:17:24     all    0.00    0.00    1.19    0.00    0.00    0.06    0.00    0.00    0.00   98.75
04:17:25     all    0.00    0.00    1.31    0.00    0.00    0.06    0.00    0.00    0.00   98.62
04:17:26     all    0.00    0.00    1.28    0.00    0.00    0.03    0.00    0.00    0.00   98.68
04:17:27     all    0.03    0.00    1.28    0.00    0.00    0.03    0.00    0.00    0.00   98.65
04:17:28     all    0.00    0.00    1.44    0.00    0.00    0.06    0.00    0.00    0.00   98.50
04:17:29     all    0.00    0.00    1.16    0.00    0.00    0.06    0.00    0.00    0.00   98.78
04:17:30     all    0.09    0.00    1.38    0.00    0.00    0.13    0.00    0.00    0.00   98.40
04:17:31     all    0.00    0.00    1.01    0.00    0.00    0.06    0.00    0.00    0.00   98.93
04:17:32     all    0.00    0.00    1.38    0.00    0.00    0.03    0.00    0.00    0.00   98.59
04:17:33     all    0.00    0.00    1.19    0.00    0.00    0.03    0.00    0.00    0.00   98.78
04:17:34     all    0.00    0.00    1.35    0.00    0.00    0.13    0.00    0.00    0.00   98.53
04:17:35     all    0.00    0.00    1.19    0.00    0.00    0.03    0.00    0.00    0.00   98.78
04:17:36     all    0.00    0.00    1.28    0.00    0.00    0.03    0.00    0.00    0.00   98.68
04:17:37     all    0.03    0.00    1.35    0.00    0.00    0.03    0.00    0.00    0.00   98.59
04:17:38     all    0.00    0.00    1.10    0.00    0.00    0.06    0.00    0.00    0.00   98.84
04:17:39     all    0.00    0.00    1.31    0.00    0.00    0.03    0.00    0.00    0.00   98.65
04:17:40     all    0.06    0.00    1.22    0.00    0.00    0.06    0.00    0.00    0.00   98.65
04:17:41     all    0.00    0.00    1.16    0.00    0.00    0.09    0.00    0.00    0.00   98.75
04:17:42     all    0.00    0.00    1.22    0.00    0.00    0.03    0.00    0.00    0.00   98.75
04:17:43     all    0.00    0.00    1.16    0.00    0.00    0.03    0.00    0.00    0.00   98.81
04:17:44     all    0.00    0.00    1.25    0.00    0.00    0.06    0.00    0.00    0.00   98.68
04:17:45     all    0.00    0.00    1.38    0.00    0.00    0.03    0.00    0.00    0.00   98.59
04:17:46     all    0.00    0.00    1.25    0.00    0.00    0.06    0.00    0.00    0.00   98.68
04:17:47     all    0.03    0.00    1.16    0.00    0.00    0.03    0.00    0.00    0.00   98.78
04:17:48     all    0.00    0.00    1.28    0.00    0.00    0.06    0.00    0.00    0.00   98.65
04:17:49     all    0.00    0.00    1.41    0.00    0.00    0.03    0.00    0.00    0.00   98.56
04:17:50     all    0.09    0.00    1.29    0.00    0.00    0.06    0.00    0.00    0.00   98.56
04:17:51     all    0.00    0.00    1.25    0.00    0.00    0.03    0.00    0.00    0.00   98.72
04:17:52     all    0.03    0.00    1.50    0.00    0.00    0.03    0.00    0.00    0.00   98.44
04:17:53     all    0.00    0.00    1.28    0.00    0.00    0.03    0.00    0.00    0.00   98.68
04:17:54     all    0.00    0.00    1.32    0.00    0.00    0.06    0.00    0.00    0.00   98.62
04:17:55     all    0.00    0.00    1.22    0.00    0.00    0.03    0.00    0.00    0.00   98.75
04:17:56     all    0.00    0.00    1.38    0.00    0.00    0.03    0.00    0.00    0.00   98.59
04:17:57     all    0.00    0.00    1.25    0.00    0.00    0.00    0.00    0.00    0.00   98.75
04:17:58     all    0.00    0.00    1.07    0.00    0.00    0.00    0.00    0.00    0.00   98.93
04:17:59     all    0.00    0.00    1.44    0.00    0.00    0.00    0.00    0.00    0.00   98.56
04:18:00     all    0.47    0.00    1.25    0.00    0.00    0.06    0.00    0.00    0.00   98.21
04:18:01     all    0.00    0.00    1.28    0.00    0.00    0.03    0.00    0.00    0.00   98.68
04:18:02     all    0.00    0.00    1.22    0.00    0.00    0.03    0.00    0.00    0.00   98.75
04:18:03     all    0.00    0.00    1.10    0.00    0.00    0.00    0.00    0.00    0.00   98.90
04:18:04     all    0.00    0.00    1.19    0.00    0.00    0.03    0.00    0.00    0.00   98.78
04:18:05     all    0.00    0.00    1.22    0.00    0.00    0.06    0.00    0.00    0.00   98.72
04:18:06     all    0.00    0.00    1.28    0.00    0.00    0.00    0.00    0.00    0.00   98.72
04:18:07     all    0.03    0.00    1.32    0.00    0.00    0.03    0.00    0.00    0.00   98.62
04:18:08     all    0.00    0.00    1.16    0.00    0.00    0.06    0.00    0.00    0.00   98.78
04:18:09     all    0.00    0.00    1.22    0.00    0.00    0.03    0.00    0.00    0.00   98.75
04:18:10     all    0.09    0.00    1.47    0.00    0.00    0.06    0.00    0.00    0.00   98.37
04:18:11     all    0.00    0.00    1.28    0.00    0.00    0.03    0.00    0.00    0.00   98.68
04:18:12     all    0.00    0.00    1.25    0.00    0.00    0.06    0.00    0.00    0.00   98.68
04:18:13     all    0.00    0.00    1.38    0.00    0.00    0.06    0.00    0.00    0.00   98.56
04:18:14     all    0.00    0.00    1.35    0.00    0.00    0.03    0.00    0.00    0.00   98.62
04:18:15     all    0.00    0.00    1.41    0.00    0.00    0.00    0.00    0.00    0.00   98.59
04:18:16     all    0.00    0.00    1.32    0.00    0.00    0.03    0.00    0.00    0.00   98.65
04:18:17     all    0.03    0.00    1.38    0.00    0.00    0.06    0.00    0.00    0.00   98.53
04:18:18     all    0.00    0.00    1.28    0.00    0.00    0.03    0.00    0.00    0.00   98.68
04:18:19     all    0.00    0.00    1.25    0.00    0.00    0.03    0.00    0.00    0.00   98.71
04:18:20     all    0.06    0.00    1.22    0.00    0.00    0.00    0.00    0.00    0.00   98.71
04:18:21     all    0.00    0.00    1.10    0.00    0.00    0.03    0.00    0.00    0.00   98.87
04:18:22     all    0.00    0.00    1.28    0.00    0.00    0.06    0.00    0.00    0.00   98.65
04:18:23     all    0.00    0.00    1.28    0.00    0.00    0.03    0.00    0.00    0.00   98.69
04:18:24     all    0.00    0.00    1.13    0.00    0.00    0.00    0.00    0.00    0.00   98.87
04:18:25     all    0.00    0.00    1.07    0.00    0.00    0.03    0.00    0.00    0.00   98.90
04:18:26     all    0.00    0.00    1.35    0.00    0.00    0.06    0.00    0.00    0.00   98.59
04:18:27     all    0.03    0.00    1.28    0.00    0.00    0.06    0.00    0.00    0.00   98.62
04:18:28     all    0.00    0.00    1.19    0.00    0.00    0.00    0.00    0.00    0.00   98.81
04:18:29     all    0.00    0.00    1.07    0.00    0.00    0.03    0.00    0.00    0.00   98.90
04:18:30     all    0.09    0.00    1.32    0.00    0.00    0.06    0.00    0.00    0.00   98.53
04:18:31     all    0.00    0.00    1.35    0.00    0.00    0.03    0.00    0.00    0.00   98.62
04:18:32     all    0.00    0.00    1.41    0.00    0.00    0.03    0.00    0.00    0.00   98.56
04:18:33     all    0.00    0.00    1.38    0.00    0.00    0.00    0.00    0.00    0.00   98.62
04:18:34     all    0.00    0.00    1.47    0.00    0.00    0.06    0.00    0.00    0.00   98.47
04:18:35     all    0.00    0.00    1.44    0.00    0.00    0.06    0.00    0.00    0.00   98.50
04:18:36     all    0.00    0.00    1.32    0.00    0.00    0.00    0.00    0.00    0.00   98.68
04:18:37     all    0.03    0.00    1.29    0.00    0.00    0.03    0.00    0.00    0.00   98.65
04:18:38     all    0.00    0.00    1.50    0.00    0.00    0.03    0.00    0.00    0.00   98.47
04:18:39     all    0.00    0.00    1.25    0.00    0.00    0.09    0.00    0.00    0.00   98.65
04:18:40     all    0.09    0.00    1.26    0.00    0.00    0.00    0.00    0.00    0.00   98.65
04:18:41     all    0.00    0.00    1.22    0.00    0.00    0.03    0.00    0.00    0.00   98.75
04:18:42     all    0.00    0.00    1.35    0.00    0.00    0.03    0.00    0.00    0.00   98.62
04:18:43     all    0.00    0.00    1.28    0.00    0.00    0.03    0.00    0.00    0.00   98.68
04:18:44     all    0.00    0.00    1.19    0.00    0.00    0.03    0.00    0.00    0.00   98.78
04:18:45     all    0.00    0.00    1.22    0.00    0.00    0.03    0.00    0.00    0.00   98.75
04:18:46     all    0.00    0.00    1.35    0.00    0.00    0.00    0.00    0.00    0.00   98.65
04:18:47     all    0.00    0.00    1.22    0.00    0.00    0.06    0.00    0.00    0.00   98.71
04:18:48     all    0.00    0.00    1.31    0.00    0.00    0.03    0.00    0.00    0.00   98.65
04:18:49     all    0.00    0.00    1.25    0.00    0.00    0.03    0.00    0.00    0.00   98.72
04:18:50     all    0.34    0.00    1.25    0.00    0.00    0.06    0.00    0.00    0.00   98.34
04:18:51     all    0.00    0.00    1.25    0.00    0.00    0.00    0.00    0.00    0.00   98.75
04:18:52     all    0.03    0.00    1.35    0.00    0.00    0.00    0.00    0.00    0.00   98.62
04:18:53     all    0.00    0.00    1.25    0.00    0.00    0.03    0.00    0.00    0.00   98.72
04:18:54     all    0.00    0.00    1.35    0.00    0.00    0.09    0.00    0.00    0.00   98.56
04:18:55     all    0.00    0.00    1.35    0.00    0.00    0.00    0.00    0.00    0.00   98.65
04:18:56     all    0.00    0.00    1.35    0.00    0.00    0.03    0.00    0.00    0.00   98.62
04:18:57     all    0.06    0.00    1.25    0.00    0.00    0.06    0.00    0.00    0.00   98.62
04:18:58     all    0.00    0.00    1.22    0.00    0.00    0.00    0.00    0.00    0.00   98.78
04:18:59     all    0.00    0.00    1.38    0.00    0.00    0.00    0.00    0.00    0.00   98.62
04:19:00     all    0.44    0.00    1.38    0.00    0.00    0.06    0.00    0.00    0.00   98.12
04:19:01     all    0.00    0.00    1.22    0.00    0.00    0.00    0.00    0.00    0.00   98.78
04:19:02     all    0.00    0.00    1.56    0.00    0.00    0.06    0.00    0.00    0.00   98.38
04:19:03     all    0.00    0.00    1.35    0.00    0.00    0.03    0.00    0.00    0.00   98.62
04:19:04     all    0.03    0.00    1.38    0.00    0.00    0.00    0.00    0.00    0.00   98.59
04:19:05     all    0.00    0.00    1.47    0.00    0.00    0.06    0.00    0.00    0.00   98.47
04:19:06     all    0.00    0.00    1.35    0.00    0.00    0.00    0.00    0.00    0.00   98.65
04:19:07     all    0.03    0.00    1.35    0.00    0.00    0.03    0.00    0.00    0.00   98.59
04:19:08     all    0.00    0.00    1.13    0.00    0.00    0.00    0.00    0.00    0.00   98.87
04:19:09     all    0.00    0.00    1.19    0.00    0.00    0.06    0.00    0.00    0.00   98.75
04:19:10     all    0.44    0.00    1.47    0.00    0.00    0.03    0.00    0.00    0.00   98.06
04:19:11     all    0.00    0.00    1.28    0.00    0.00    0.00    0.00    0.00    0.00   98.72
04:19:12     all    0.00    0.00    1.13    0.00    0.00    0.06    0.00    0.00    0.00   98.81
04:19:13     all    0.00    0.00    1.19    0.00    0.00    0.06    0.00    0.00    0.00   98.75
04:19:14     all    0.00    0.00    1.19    0.00    0.00    0.03    0.00    0.00    0.00   98.78
04:19:15     all    0.03    0.00    1.28    0.00    0.00    0.06    0.00    0.00    0.00   98.62
04:19:16     all    0.00    0.00    1.28    0.00    0.00    0.03    0.00    0.00    0.00   98.68
04:19:17     all    0.03    0.00    1.22    0.00    0.00    0.03    0.00    0.00    0.00   98.71
04:19:18     all    0.00    0.00    1.16    0.00    0.00    0.03    0.00    0.00    0.00   98.81
04:19:19     all    0.00    0.00    1.07    0.00    0.00    0.06    0.00    0.00    0.00   98.87
04:19:20     all    0.06    0.00    1.35    0.00    0.00    0.03    0.00    0.00    0.00   98.56
04:19:21     all    0.00    0.00    1.28    0.00    0.00    0.03    0.00    0.00    0.00   98.68
04:19:22     all    0.00    0.00    1.22    0.00    0.00    0.06    0.00    0.00    0.00   98.72
04:19:23     all    0.00    0.00    1.28    0.00    0.00    0.03    0.00    0.00    0.00   98.68
04:19:24     all    0.03    0.00    1.28    0.00    0.00    0.06    0.00    0.00    0.00   98.62
04:19:25     all    0.00    0.00    1.47    0.00    0.00    0.03    0.00    0.00    0.00   98.50
04:19:26     all    0.00    0.00    1.16    0.00    0.00    0.03    0.00    0.00    0.00   98.81
04:19:27     all    0.03    0.00    1.22    0.00    0.00    0.03    0.00    0.00    0.00   98.71
04:19:28     all    0.00    0.00    1.25    0.00    0.00    0.03    0.00    0.00    0.00   98.71
04:19:29     all    0.00    0.00    1.25    0.00    0.00    0.03    0.00    0.00    0.00   98.72
04:19:30     all    0.06    0.00    1.41    0.00    0.00    0.03    0.00    0.00    0.00   98.50
04:19:31     all    0.00    0.00    1.16    0.00    0.00    0.06    0.00    0.00    0.00   98.78
04:19:32     all    0.00    0.00    1.19    0.00    0.00    0.03    0.00    0.00    0.00   98.78
04:19:33     all    0.00    0.00    1.03    0.00    0.00    0.00    0.00    0.00    0.00   98.97
04:19:34     all    0.00    0.00    0.53    0.00    0.00    0.00    0.00    0.00    0.00   99.47
04:19:35     all    0.00    0.00    0.78    0.00    0.00    0.00    0.00    0.00    0.00   99.22
04:19:36     all    0.00    0.00    4.33    0.00    0.00    2.27    0.00    0.00    0.00   93.40
04:19:37     all    0.03    0.06    6.29    0.00    0.00    3.71    0.00    0.00    0.00   89.90
04:19:38     all    0.00    1.28   12.66    0.00    0.00    6.32    0.00    0.00    0.00   79.74
04:19:39     all    0.00    2.65   12.12    0.00    0.00    6.22    0.00    0.00    0.00   79.01
04:19:40     all    0.10    0.00   11.86    0.00    0.00    6.58    0.00    0.00    0.00   81.45
04:19:41     all    0.00    0.07   12.44    0.00    0.00    6.29    0.00    0.00    0.00   81.20
04:19:42     all    0.00    0.07   12.48    0.00    0.00    6.19    0.00    0.00    0.00   81.26
04:19:43     all    0.00    0.03   12.49    0.00    0.00    6.93    0.00    0.00    0.00   80.55
04:19:44     all    0.00    0.03   12.00    0.00    0.00    6.59    0.00    0.00    0.00   81.38
04:19:45     all    0.00    2.05   12.22    0.00    0.00    6.99    0.00    0.00    0.00   78.75
04:19:46     all    0.00    0.03   12.69    0.00    0.00    6.36    0.00    0.00    0.00   80.92
04:19:47     all    0.06    0.00   12.48    0.00    0.00    6.86    0.00    0.00    0.00   80.60
04:19:48     all    0.00    0.07   12.20    0.00    0.00    6.60    0.00    0.00    0.00   81.14
04:19:49     all    0.00    0.10   12.48    0.00    0.00    5.88    0.00    0.00    0.00   81.54
04:19:50     all    0.10    0.36   13.75    0.00    0.00    6.13    0.00    0.00    0.00   79.66
04:19:51     all    0.00    2.74   11.32    0.00    0.00    6.69    0.00    0.00    0.00   79.26
04:19:52     all    0.00    0.07   12.49    0.00    0.00    6.03    0.00    0.00    0.00   81.41
04:19:53     all    0.00    0.03   12.34    0.00    0.00    5.97    0.00    0.00    0.00   81.65
04:19:54     all    0.00    0.03   12.05    0.00    0.00    6.63    0.00    0.00    0.00   81.28
04:19:55     all    0.00    0.03   11.91    0.00    0.00    5.91    0.00    0.00    0.00   82.15
04:19:56     all    0.00    0.06   12.16    0.00    0.00    6.84    0.00    0.00    0.00   80.93
04:19:57     all    0.03    0.65   12.25    0.00    0.00    6.14    0.00    0.00    0.00   80.93
04:19:58     all    0.00    0.00   12.49    0.00    0.00    6.64    0.00    0.00    0.00   80.87
04:19:59     all    0.00    0.03   12.56    0.00    0.00    6.10    0.00    0.00    0.00   81.31
04:20:00     all    0.49    0.00   12.48    0.00    0.00    6.52    0.00    0.00    0.00   80.51
04:20:01     all    0.00    0.03   12.32    0.00    0.00    5.88    0.00    0.00    0.00   81.76
04:20:02     all    0.00    0.03   11.73    0.00    0.00    6.03    0.00    0.00    0.00   82.20
04:20:03     all    0.00    0.07   11.46    0.00    0.00    5.97    0.00    0.00    0.00   82.50
04:20:04     all    0.00    0.03   11.41    0.00    0.00    6.60    0.00    0.00    0.00   81.95
04:20:05     all    0.00    0.03   12.76    0.00    0.00    6.23    0.00    0.00    0.00   80.98
04:20:06     all    0.00    0.03   14.70    0.00    0.00    7.93    0.00    0.00    0.00   77.34
04:20:07     all    0.03    0.75   13.90    0.00    0.00    7.87    0.00    0.00    0.00   77.45
04:20:08     all    0.00    9.72   14.19    0.00    0.00    7.06    0.00    0.00    0.00   69.02
04:20:09     all    0.00    5.62   13.51    0.00    0.00    6.89    0.00    0.00    0.00   73.99
04:20:10     all    0.10   22.09   10.35    0.00    0.00    4.64    0.00    0.00    0.00   62.83
04:20:11     all    0.00    5.13   13.09    0.00    0.00    6.37    0.00    0.00    0.00   75.42
04:20:12     all    0.00    0.03   14.51    0.00    0.00    7.13    0.00    0.00    0.00   78.33
04:20:13     all    0.00    0.07   14.18    0.00    0.00    7.17    0.00    0.00    0.00   78.59
04:20:14     all    0.03    0.06   13.72    0.00    0.00    7.26    0.00    0.00    0.00   78.92
04:20:15     all    0.00    0.03   14.61    0.00    0.00    6.98    0.00    0.00    0.00   78.38
04:20:16     all    0.00    0.03   13.95    0.00    0.00    7.54    0.00    0.00    0.00   78.47
04:20:17     all    0.00    1.39   13.78    0.00    0.00    6.15    0.00    0.00    0.00   78.68
04:20:18     all    0.03    3.29   13.21    0.00    0.00    7.13    0.00    0.00    0.00   76.34
04:20:19     all    0.00    0.88   13.09    0.00    0.00    6.51    0.00    0.00    0.00   79.52
04:20:20     all    0.07    0.07   14.47    0.00    0.00    6.93    0.00    0.00    0.00   78.47
04:20:21     all    0.00    0.00   13.68    0.00    0.00    7.17    0.00    0.00    0.00   79.16
04:20:22     all    0.00    0.03   14.31    0.00    0.00    7.48    0.00    0.00    0.00   78.18
04:20:23     all    0.00    0.07   13.17    0.00    0.00    7.69    0.00    0.00    0.00   79.07
04:20:24     all    0.00    0.03   14.47    0.00    0.00    7.18    0.00    0.00    0.00   78.32
04:20:25     all    0.00    0.10   13.26    0.00    0.00    7.29    0.00    0.00    0.00   79.36
04:20:26     all    0.00    0.81   13.68    0.00    0.00    7.03    0.00    0.00    0.00   78.48
04:20:27     all    0.03    3.31   13.54    0.00    0.00    7.21    0.00    0.00    0.00   75.90
04:20:28     all    0.00    0.39   14.27    0.00    0.00    7.21    0.00    0.00    0.00   78.13
04:20:29     all    0.00    0.06   14.84    0.00    0.00    7.45    0.00    0.00    0.00   77.65
04:20:30     all    0.07    0.03   12.51    0.00    0.00    6.82    0.00    0.00    0.00   80.57
04:20:31     all    0.00    0.03   10.30    0.00    0.00    6.07    0.00    0.00    0.00   83.60
04:20:32     all    0.00    0.00    2.57    0.00    0.00    1.43    0.00    0.00    0.00   96.00
04:20:33     all    0.00    0.03    3.33    0.00    0.00    1.47    0.00    0.00    0.00   95.16
04:20:34     all    0.00    0.00    2.98    0.00    0.00    1.57    0.00    0.00    0.00   95.45
04:20:35     all    0.00    0.00    3.48    0.00    0.00    1.47    0.00    0.00    0.00   95.04
04:20:36     all    0.00    0.00    3.43    0.00    0.00    1.54    0.00    0.00    0.00   95.04
04:20:37     all    0.03    0.00    3.20    0.00    0.00    1.50    0.00    0.00    0.00   95.27
04:20:38     all    0.00    0.00    3.42    0.00    0.00    1.69    0.00    0.00    0.00   94.89
04:20:39     all    0.00    0.03    3.53    0.00    0.00    1.91    0.00    0.00    0.00   94.53
04:20:40     all    0.10    0.00    3.88    0.00    0.00    1.69    0.00    0.00    0.00   94.34
04:20:41     all    0.00    0.00    3.45    0.00    0.00    1.44    0.00    0.00    0.00   95.11
04:20:42     all    0.00    0.00    3.37    0.00    0.00    1.51    0.00    0.00    0.00   95.13
04:20:43     all    0.00    0.03    3.45    0.00    0.00    1.60    0.00    0.00    0.00   94.91
04:20:44     all    0.00    0.00    3.68    0.00    0.00    1.47    0.00    0.00    0.00   94.85
04:20:45     all    0.00    0.00    3.66    0.00    0.00    1.66    0.00    0.00    0.00   94.68
04:20:46     all    0.00    0.03    3.35    0.00    0.00    1.47    0.00    0.00    0.00   95.15
04:20:47     all    0.00    0.00    3.40    0.00    0.00    1.47    0.00    0.00    0.00   95.13
04:20:48     all    0.03    0.00    3.15    0.00    0.00    1.29    0.00    0.00    0.00   95.53
04:20:49     all    0.00    0.00    3.24    0.00    0.00    1.41    0.00    0.00    0.00   95.35
04:20:50     all    0.10    0.00    3.42    0.00    0.00    1.82    0.00    0.00    0.00   94.66
04:20:51     all    0.00    0.00    3.38    0.00    0.00    1.85    0.00    0.00    0.00   94.77
04:20:52     all    0.00    0.03    3.23    0.00    0.00    1.73    0.00    0.00    0.00   95.01
04:20:53     all    0.00    0.00    3.33    0.00    0.00    1.50    0.00    0.00    0.00   95.16
04:20:54     all    0.00    0.03    3.42    0.00    0.00    1.60    0.00    0.00    0.00   94.95
04:20:55     all    0.00    0.00    3.38    0.00    0.00    1.56    0.00    0.00    0.00   95.06
04:20:56     all    0.00    0.00    3.36    0.00    0.00    1.60    0.00    0.00    0.00   95.04
04:20:57     all    0.00    0.00    3.52    0.00    0.00    1.85    0.00    0.00    0.00   94.63
04:20:58     all    0.00    0.00    3.26    0.00    0.00    1.76    0.00    0.00    0.00   94.98
04:20:59     all    0.00    0.00    3.50    0.00    0.00    1.82    0.00    0.00    0.00   94.68
04:21:00     all    0.38    0.00    3.54    0.00    0.00    1.79    0.00    0.00    0.00   94.28
04:21:01     all    0.00    0.00    3.22    0.00    0.00    1.59    0.00    0.00    0.00   95.18
04:21:02     all    0.00    0.00    3.49    0.00    0.00    1.70    0.00    0.00    0.00   94.81
04:21:03     all    0.00    0.00    3.37    0.00    0.00    1.32    0.00    0.00    0.00   95.31
04:21:04     all    0.00    0.00    2.98    0.00    0.00    1.31    0.00    0.00    0.00   95.70
04:21:05     all    0.03    0.00    3.42    0.00    0.00    1.60    0.00    0.00    0.00   94.95
04:21:06     all    0.00    0.03    3.43    0.00    0.00    1.64    0.00    0.00    0.00   94.90
04:21:07     all    0.03    0.00    3.25    0.00    0.00    1.82    0.00    0.00    0.00   94.90
04:21:08     all    0.00    0.00    3.15    0.00    0.00    1.22    0.00    0.00    0.00   95.62
04:21:09     all    0.00    0.00    3.01    0.00    0.00    1.44    0.00    0.00    0.00   95.54
04:21:10     all    0.06    0.00    3.19    0.00    0.00    1.88    0.00    0.00    0.00   94.86
04:21:11     all    0.00    0.03    3.33    0.00    0.00    1.38    0.00    0.00    0.00   95.25
04:21:12     all    0.00    0.00    3.34    0.00    0.00    1.38    0.00    0.00    0.00   95.28
04:21:13     all    0.00    0.00    3.14    0.00    0.00    1.31    0.00    0.00    0.00   95.55
04:21:14     all    0.00    0.00    3.36    0.00    0.00    1.57    0.00    0.00    0.00   95.07
04:21:15     all    0.00    0.00    3.43    0.00    0.00    1.54    0.00    0.00    0.00   95.04
04:21:16     all    0.38    0.03    3.38    0.00    0.00    1.53    0.00    0.00    0.00   94.68
04:21:17     all    0.03    2.31    0.92    0.00    0.00    0.32    0.00    0.00    0.00   96.43
04:21:18     all    0.00    0.00    3.29    0.00    0.00    1.50    0.00    0.00    0.00   95.20
04:21:19     all    0.00    0.00    3.39    0.00    0.00    1.63    0.00    0.00    0.00   94.98
04:21:20     all    0.06    0.00    3.23    0.00    0.00    1.34    0.00    0.00    0.00   95.36
04:21:21     all    0.00    0.00    3.18    0.00    0.00    1.64    0.00    0.00    0.00   95.18
04:21:22     all    0.00    0.00    3.54    0.00    0.00    1.50    0.00    0.00    0.00   94.96
04:21:23     all    0.00    0.00    3.39    0.00    0.00    1.60    0.00    0.00    0.00   95.01
04:21:24     all    0.00    0.00    3.48    0.00    0.00    1.85    0.00    0.00    0.00   94.66
04:21:25     all    0.00    0.00    3.46    0.00    0.00    1.41    0.00    0.00    0.00   95.13
04:21:26     all    0.00    0.00    3.28    0.00    0.00    1.45    0.00    0.00    0.00   95.28
04:21:27     all    0.03    0.00    3.59    0.00    0.00    1.38    0.00    0.00    0.00   95.00
04:21:28     all    0.00    0.00    3.55    0.00    0.00    1.53    0.00    0.00    0.00   94.92
04:21:29     all    0.00    0.00    2.92    0.00    0.00    1.38    0.00    0.00    0.00   95.70
04:21:30     all    0.06    0.00    3.49    0.00    0.00    1.57    0.00    0.00    0.00   94.88
04:21:31     all    0.00    0.00    3.18    0.00    0.00    1.54    0.00    0.00    0.00   95.28
04:21:32     all    0.00    0.00    3.55    0.00    0.00    1.57    0.00    0.00    0.00   94.88
04:21:33     all    0.00    0.03    3.49    0.00    0.00    1.44    0.00    0.00    0.00   95.04
04:21:34     all    0.00    0.00    3.28    0.00    0.00    1.35    0.00    0.00    0.00   95.37
04:21:35     all    0.03    0.00    3.49    0.00    0.00    1.38    0.00    0.00    0.00   95.10
04:21:36     all    0.00    0.00    3.41    0.00    0.00    1.22    0.00    0.00    0.00   95.37
04:21:37     all    0.06    0.00    3.43    0.00    0.00    1.31    0.00    0.00    0.00   95.20
04:21:38     all    0.00    0.00    3.23    0.00    0.00    0.96    0.00    0.00    0.00   95.82
04:21:39     all    0.03    0.03    2.88    0.00    0.00    1.15    0.00    0.00    0.00   95.90
04:21:40     all    0.10    0.00    3.24    0.00    0.00    1.03    0.00    0.00    0.00   95.63
04:21:41     all    0.00    0.00    3.15    0.00    0.00    1.21    0.00    0.00    0.00   95.63
04:21:42     all    0.00    0.03    2.77    0.00    0.00    1.08    0.00    0.00    0.00   96.11
04:21:43     all    0.00    0.16    7.72    0.00    0.00    4.67    0.00    0.00    0.00   87.45
04:21:44     all    0.00    0.13    7.92    0.00    0.00    4.48    0.00    0.00    0.00   87.46
04:21:45     all    0.00    0.26    7.61    0.00    0.00    4.62    0.00    0.00    0.00   87.50
04:21:46     all    0.00    0.13    7.32    0.00    0.00    4.75    0.00    0.00    0.00   87.80
04:21:47     all    0.03    0.23    6.52    0.00    0.00    4.33    0.00    0.00    0.00   88.89
04:21:48     all    0.00    4.11    7.48    0.00    0.00    5.43    0.00    0.00    0.00   82.98
04:21:49     all    0.00    3.25    7.70    0.00    0.00    4.22    0.00    0.00    0.00   84.83
04:21:50     all    0.13    3.27    6.67    0.00    0.00    4.95    0.00    0.00    0.00   84.97
04:21:51     all    0.00    3.17    6.86    0.00    0.00    4.62    0.00    0.00    0.00   85.35
04:21:52     all    0.00    3.54    6.62    0.00    0.00    4.98    0.00    0.00    0.00   84.86
04:21:53     all    0.00    3.91    5.13    0.00    0.00    3.40    0.00    0.00    0.00   87.55
04:21:54     all    0.00    3.19    7.92    0.00    0.00    4.73    0.00    0.00    0.00   84.15
04:21:55     all    0.00    3.28    6.72    0.00    0.00    4.32    0.00    0.00    0.00   85.68
04:21:56     all    0.00    3.49    6.70    0.00    0.00    4.17    0.00    0.00    0.00   85.64
04:21:57     all    0.00    2.51    6.70    0.00    0.00    4.29    0.00    0.00    0.00   86.50
04:21:58     all    0.00    3.19    6.68    0.00    0.00    3.77    0.00    0.00    0.00   86.36
04:21:59     all    0.00    5.37    7.72    0.00    0.00    4.50    0.00    0.00    0.00   82.41
04:22:00     all    0.29    1.82    7.46    0.00    0.00    4.47    0.00    0.00    0.00   85.96
04:22:01     all    0.03    2.35    6.53    0.00    0.00    3.98    0.00    0.00    0.00   87.11
04:22:02     all    0.00    3.23    6.97    0.00    0.00    4.23    0.00    0.00    0.00   85.57
04:22:03     all    0.00    3.19    6.76    0.00    0.00    4.54    0.00    0.00    0.00   85.51
04:22:04     all    0.00    0.87    6.91    0.00    0.00    4.43    0.00    0.00    0.00   87.79
04:22:05     all    0.00    5.10    7.61    0.00    0.00    4.16    0.00    0.00    0.00   83.13
04:22:06     all    0.00    2.41    7.15    0.00    0.00    4.16    0.00    0.00    0.00   86.28
04:22:07     all    0.03    3.14    6.86    0.00    0.00    4.40    0.00    0.00    0.00   85.58
04:22:08     all    0.00    1.95    7.20    0.00    0.00    4.58    0.00    0.00    0.00   86.27
04:22:09     all    0.00    2.04    6.54    0.00    0.00    4.27    0.00    0.00    0.00   87.16
04:22:10     all    0.10    0.16    4.21    0.00    0.00    2.90    0.00    0.00    0.00   92.63
04:22:11     all    0.00    0.00    1.89    0.00    0.00    0.88    0.00    0.00    0.00   97.22
04:22:12     all    0.00    4.79    6.86    0.00    0.00    3.79    0.00    0.00    0.00   84.56
04:22:13     all    0.00    2.64    9.05    0.00    0.00    6.02    0.00    0.00    0.00   82.29
04:22:14     all    0.00    2.76   11.22    0.00    0.00    7.09    0.00    0.00    0.00   78.93
04:22:15     all    0.00    2.41   10.71    0.00    0.00    6.67    0.00    0.00    0.00   80.21
04:22:16     all    0.00    6.23   11.42    0.00    0.00    6.20    0.00    0.00    0.00   76.14
04:22:17     all    0.00    3.73   10.36    0.00    0.00    5.97    0.00    0.00    0.00   79.94
04:22:18     all    0.00    3.08   11.33    0.00    0.00    6.77    0.00    0.00    0.00   78.83
04:22:19     all    0.00    6.29   12.16    0.00    0.00    6.71    0.00    0.00    0.00   74.85
04:22:20     all    0.10    4.70   11.00    0.00    0.00    6.20    0.00    0.00    0.00   78.00
04:22:21     all    0.00    5.19    6.67    0.00    0.00    4.09    0.00    0.00    0.00   84.05
04:22:22     all    0.00    5.20    6.16    0.00    0.00    4.07    0.00    0.00    0.00   84.58
04:22:23     all    0.00    5.49    5.59    0.00    0.00    3.35    0.00    0.00    0.00   85.57
04:22:24     all    0.00    2.54    6.97    0.00    0.00    4.18    0.00    0.00    0.00   86.31
04:22:25     all    0.00    4.28    6.43    0.00    0.00    4.44    0.00    0.00    0.00   84.86
04:22:26     all    0.00    1.64    7.00    0.00    0.00    4.63    0.00    0.00    0.00   86.73
04:22:27     all    0.00    0.20    6.31    0.00    0.00    4.07    0.00    0.00    0.00   89.43
04:22:28     all    0.00    3.12    6.92    0.00    0.00    4.09    0.00    0.00    0.00   85.86
04:22:29     all    0.00    2.78    7.59    0.00    0.00    4.26    0.00    0.00    0.00   85.38
04:22:30     all    0.06    2.12    6.71    0.00    0.00    4.43    0.00    0.00    0.00   86.68
04:22:31     all    0.00    3.00    7.86    0.00    0.00    4.73    0.00    0.00    0.00   84.41
04:22:32     all    0.00    3.11    7.60    0.00    0.00    4.36    0.00    0.00    0.00   84.93
04:22:33     all    0.00    2.98    7.27    0.00    0.00    4.15    0.00    0.00    0.00   85.60
04:22:34     all    0.00    3.41    6.59    0.00    0.00    4.56    0.00    0.00    0.00   85.45
04:22:35     all    0.00    1.16    7.50    0.00    0.00    4.40    0.00    0.00    0.00   86.94
04:22:36     all    0.00    0.26    6.72    0.00    0.00    4.07    0.00    0.00    0.00   88.94
04:22:37     all    0.03    3.62    6.89    0.00    0.00    4.27    0.00    0.00    0.00   85.18
04:22:38     all    0.00    2.82    7.09    0.00    0.00    4.59    0.00    0.00    0.00   85.50
04:22:39     all    0.00    0.86    3.93    0.00    0.00    1.82    0.00    0.00    0.00   93.38
04:22:40     all    0.10    2.11    6.39    0.00    0.00    3.73    0.00    0.00    0.00   87.67
04:22:41     all    0.00    1.23    6.95    0.00    0.00    4.50    0.00    0.00    0.00   87.32
04:22:42     all    0.00    0.23    7.02    0.00    0.00    4.41    0.00    0.00    0.00   88.34
04:22:43     all    0.00    3.97    7.14    0.00    0.00    4.23    0.00    0.00    0.00   84.65
04:22:44     all    0.00    3.54    6.63    0.00    0.00    4.31    0.00    0.00    0.00   85.52
04:22:45     all    0.00    2.66    7.95    0.00    0.00    4.23    0.00    0.00    0.00   85.15
04:22:46     all    0.00    2.38    7.17    0.00    0.00    4.56    0.00    0.00    0.00   85.89
04:22:47     all    0.00    4.89    6.80    0.00    0.00    4.50    0.00    0.00    0.00   83.80
04:22:48     all    0.00    1.38    7.20    0.00    0.00    4.34    0.00    0.00    0.00   87.08
04:22:49     all    0.00    2.71    7.38    0.00    0.00    4.61    0.00    0.00    0.00   85.31
04:22:50     all    0.10    2.52    7.56    0.00    0.00    4.88    0.00    0.00    0.00   84.94
04:22:51     all    0.00    0.39    6.95    0.00    0.00    4.41    0.00    0.00    0.00   88.26
04:22:52     all    0.00    0.26    6.13    0.00    0.00    3.98    0.00    0.00    0.00   89.64
04:22:53     all    0.00    2.75    4.22    0.00    0.00    2.30    0.00    0.00    0.00   90.72
04:22:54     all    0.00    2.13    3.25    0.00    0.00    1.50    0.00    0.00    0.00   93.12
04:22:55     all    0.00    3.32    2.44    0.00    0.00    1.20    0.00    0.00    0.00   93.04
04:22:56     all    0.00    2.10    2.99    0.00    0.00    1.27    0.00    0.00    0.00   93.63
04:22:57     all    0.00    1.94    3.25    0.00    0.00    1.62    0.00    0.00    0.00   93.19
04:22:58     all    0.00    1.41    3.90    0.00    0.00    1.73    0.00    0.00    0.00   92.97
04:22:59     all    0.00    0.03    3.87    0.00    0.00    2.21    0.00    0.00    0.00   93.89
04:23:00     all    0.26    0.03    3.95    0.00    0.00    1.86    0.00    0.00    0.00   93.90
04:23:01     all    0.00    0.03    4.36    0.00    0.00    2.25    0.00    0.00    0.00   93.36
04:23:02     all    0.03    1.40    3.64    0.00    0.00    1.66    0.00    0.00    0.00   93.27
04:23:03     all    0.00    0.03    3.93    0.00    0.00    2.30    0.00    0.00    0.00   93.73
04:23:04     all    0.00    0.00    3.75    0.00    0.00    2.24    0.00    0.00    0.00   94.01
04:23:05     all    0.00    0.03    3.82    0.00    0.00    1.92    0.00    0.00    0.00   94.23
04:23:06     all    0.00    0.00    3.99    0.00    0.00    2.36    0.00    0.00    0.00   93.65
04:23:07     all    0.03    0.00    4.13    0.00    0.00    2.24    0.00    0.00    0.00   93.60
04:23:08     all    0.03    0.00    4.06    0.00    0.00    2.37    0.00    0.00    0.00   93.54
04:23:09     all    0.00    0.00    3.83    0.00    0.00    2.04    0.00    0.00    0.00   94.12
04:23:10     all    0.06    0.00    4.16    0.00    0.00    2.18    0.00    0.00    0.00   93.60
04:23:11     all    0.00    0.03    4.06    0.00    0.00    2.14    0.00    0.00    0.00   93.76
04:23:12     all    0.00    0.03    4.19    0.00    0.00    2.21    0.00    0.00    0.00   93.57
04:23:13     all    0.00    0.03    4.36    0.00    0.00    2.21    0.00    0.00    0.00   93.40
04:23:14     all    0.00    1.12    3.96    0.00    0.00    1.82    0.00    0.00    0.00   93.10
04:23:15     all    0.00    0.00    4.21    0.00    0.00    2.55    0.00    0.00    0.00   93.23
04:23:16     all    0.00    0.00    4.12    0.00    0.00    2.33    0.00    0.00    0.00   93.55
04:23:17     all    0.03    0.03    4.23    0.00    0.00    2.58    0.00    0.00    0.00   93.13
04:23:18     all    0.00    0.03    3.71    0.00    0.00    2.11    0.00    0.00    0.00   94.14
04:23:19     all    0.00    0.00    4.34    0.00    0.00    2.15    0.00    0.00    0.00   93.51
04:23:20     all    0.26    0.03    4.58    0.00    0.00    2.05    0.00    0.00    0.00   93.08
04:23:21     all    0.00    0.03    4.23    0.00    0.00    2.85    0.00    0.00    0.00   92.89
04:23:22     all    0.00    0.00    4.21    0.00    0.00    3.00    0.00    0.00    0.00   92.79
04:23:23     all    0.00    0.03    4.23    0.00    0.00    2.08    0.00    0.00    0.00   93.65
04:23:24     all    0.00    0.00    4.40    0.00    0.00    2.34    0.00    0.00    0.00   93.26
04:23:25     all    0.00    1.12    3.99    0.00    0.00    1.92    0.00    0.00    0.00   92.97
04:23:26     all    0.00    0.00    4.37    0.00    0.00    2.73    0.00    0.00    0.00   92.90
04:23:27     all    0.06    0.03    4.03    0.00    0.00    2.46    0.00    0.00    0.00   93.42
04:23:28     all    0.00    0.03    3.91    0.00    0.00    2.12    0.00    0.00    0.00   93.94
04:23:29     all    0.00    0.00    4.29    0.00    0.00    2.00    0.00    0.00    0.00   93.72
04:23:30     all    0.03    0.00    4.42    0.00    0.00    2.12    0.00    0.00    0.00   93.43
04:23:31     all    0.00    0.00    4.07    0.00    0.00    2.15    0.00    0.00    0.00   93.79
04:23:32     all    0.00    0.03    4.28    0.00    0.00    2.62    0.00    0.00    0.00   93.06
04:23:33     all    0.00    0.00    4.29    0.00    0.00    2.37    0.00    0.00    0.00   93.35
04:23:34     all    0.03    0.03    4.04    0.00    0.00    2.34    0.00    0.00    0.00   93.56
04:23:35     all    0.00    0.03    3.98    0.00    0.00    2.28    0.00    0.00    0.00   93.71
04:23:36     all    0.03    0.29    4.28    0.00    0.00    2.33    0.00    0.00    0.00   93.08
04:23:37     all    0.00    0.13    4.19    0.00    0.00    2.30    0.00    0.00    0.00   93.38
04:23:38     all    0.00    0.03    4.04    0.00    0.00    2.37    0.00    0.00    0.00   93.55
04:23:39     all    0.00    0.03    4.01    0.00    0.00    2.57    0.00    0.00    0.00   93.39
04:23:40     all    0.10    0.00    4.98    0.00    0.00    2.65    0.00    0.00    0.00   92.28
04:23:41     all    0.00    0.03    4.33    0.00    0.00    1.96    0.00    0.00    0.00   93.69
04:23:42     all    0.00    0.03    4.66    0.00    0.00    2.94    0.00    0.00    0.00   92.37
04:23:43     all    0.00    0.00    4.49    0.00    0.00    2.92    0.00    0.00    0.00   92.59
04:23:44     all    0.00    0.00    4.78    0.00    0.00    2.89    0.00    0.00    0.00   92.33
04:23:45     all    0.00    0.00    4.90    0.00    0.00    2.88    0.00    0.00    0.00   92.22
04:23:46     all    0.00    0.00    4.19    0.00    0.00    2.48    0.00    0.00    0.00   93.33
04:23:47     all    0.06    0.00    4.31    0.00    0.00    2.44    0.00    0.00    0.00   93.18
04:23:48     all    0.00    0.00    4.32    0.00    0.00    2.69    0.00    0.00    0.00   92.99
04:23:49     all    0.00    0.03    4.86    0.00    0.00    2.51    0.00    0.00    0.00   92.59
04:23:50     all    0.06    0.00    4.74    0.00    0.00    2.76    0.00    0.00    0.00   92.44
04:23:51     all    0.00    0.03    4.52    0.00    0.00    2.53    0.00    0.00    0.00   92.91
04:23:52     all    0.00    0.00    4.93    0.00    0.00    2.44    0.00    0.00    0.00   92.63
04:23:53     all    0.00    0.13    4.76    0.00    0.00    2.84    0.00    0.00    0.00   92.28
04:23:54     all    0.00    0.48    4.28    0.00    0.00    2.44    0.00    0.00    0.00   92.80
04:23:55     all    0.00    0.00    4.63    0.00    0.00    2.31    0.00    0.00    0.00   93.06
04:23:56     all    0.00    0.03    4.20    0.00    0.00    2.62    0.00    0.00    0.00   93.15
04:23:57     all    0.00    0.00    4.91    0.00    0.00    2.70    0.00    0.00    0.00   92.39
04:23:58     all    0.00    0.00    4.43    0.00    0.00    2.37    0.00    0.00    0.00   93.20
04:23:59     all    0.00    0.00    4.59    0.00    0.00    1.93    0.00    0.00    0.00   93.48
04:24:00     all    0.35    0.00    4.98    0.00    0.00    2.41    0.00    0.00    0.00   92.26
04:24:01     all    0.00    0.00    4.26    0.00    0.00    2.37    0.00    0.00    0.00   93.37
04:24:02     all    0.00    0.03    4.40    0.00    0.00    2.86    0.00    0.00    0.00   92.71
04:24:03     all    0.03    0.03    4.89    0.00    0.00    2.91    0.00    0.00    0.00   92.14
04:24:04     all    0.00    0.89    4.50    0.00    0.00    2.30    0.00    0.00    0.00   92.32
04:24:05     all    0.00    0.00    4.44    0.00    0.00    2.30    0.00    0.00    0.00   93.26
04:24:06     all    0.00    0.00    4.51    0.00    0.00    2.61    0.00    0.00    0.00   92.88
04:24:07     all    0.00    0.03    4.82    0.00    0.00    2.49    0.00    0.00    0.00   92.65
04:24:08     all    0.00    0.03    5.18    0.00    0.00    2.78    0.00    0.00    0.00   92.01
04:24:09     all    0.00    0.00    4.80    0.00    0.00    2.85    0.00    0.00    0.00   92.35
04:24:10     all    0.10    0.00    5.28    0.00    0.00    2.93    0.00    0.00    0.00   91.69
04:24:11     all    0.00    0.00    4.18    0.00    0.00    2.51    0.00    0.00    0.00   93.31
04:24:12     all    0.00    0.00    4.83    0.00    0.00    3.05    0.00    0.00    0.00   92.12
04:24:13     all    0.00    0.00    4.41    0.00    0.00    2.32    0.00    0.00    0.00   93.27
04:24:14     all    0.00    0.00    4.68    0.00    0.00    2.76    0.00    0.00    0.00   92.56
04:24:15     all    0.00    0.00    4.67    0.00    0.00    2.59    0.00    0.00    0.00   92.74
04:24:16     all    0.00    0.03    4.87    0.00    0.00    2.63    0.00    0.00    0.00   92.47
04:24:17     all    0.00    0.00    5.30    0.00    0.00    2.87    0.00    0.00    0.00   91.83
04:24:18     all    0.00    0.00    4.49    0.00    0.00    2.98    0.00    0.00    0.00   92.53
04:24:19     all    0.00    0.00    4.45    0.00    0.00    2.43    0.00    0.00    0.00   93.12
04:24:20     all    0.10    0.00    3.23    0.00    0.00    1.44    0.00    0.00    0.00   95.24
04:24:21     all    0.00    0.00    2.88    0.00    0.00    1.44    0.00    0.00    0.00   95.68
04:24:22     all    0.00    0.03    3.12    0.00    0.00    1.40    0.00    0.00    0.00   95.45
04:24:23     all    0.00    0.00    2.85    0.00    0.00    1.05    0.00    0.00    0.00   96.10
04:24:24     all    0.00    0.00    3.29    0.00    0.00    1.25    0.00    0.00    0.00   95.46
04:24:25     all    0.00    0.00    2.59    0.00    0.00    0.77    0.00    0.00    0.00   96.64
04:24:26     all    0.00    0.00    2.17    0.00    0.00    0.83    0.00    0.00    0.00   96.99
04:24:27     all    0.03    0.03    3.03    0.00    0.00    1.08    0.00    0.00    0.00   95.82
04:24:28     all    0.00    0.03    2.47    0.00    0.00    0.83    0.00    0.00    0.00   96.67
04:24:29     all    0.00    0.92    1.80    0.00    0.00    0.70    0.00    0.00    0.00   96.58
04:24:30     all    0.10    0.03    2.32    0.00    0.00    0.86    0.00    0.00    0.00   96.69
04:24:31     all    0.00    0.00    2.65    0.00    0.00    0.80    0.00    0.00    0.00   96.56
04:24:32     all    0.00    0.00    2.72    0.00    0.00    1.21    0.00    0.00    0.00   96.07
04:24:33     all    0.00    0.00    2.26    0.00    0.00    0.80    0.00    0.00    0.00   96.94
04:24:34     all    0.00    0.00    2.58    0.00    0.00    0.80    0.00    0.00    0.00   96.63
04:24:35     all    0.00    0.00    2.30    0.00    0.00    0.80    0.00    0.00    0.00   96.90
04:24:36     all    0.00    0.00    2.40    0.00    0.00    0.73    0.00    0.00    0.00   96.87
04:24:37     all    0.00    0.00    2.57    0.00    0.00    0.61    0.00    0.00    0.00   96.82
04:24:38     all    0.00    0.00    2.30    0.00    0.00    0.83    0.00    0.00    0.00   96.87
04:24:39     all    0.00    0.00    2.56    0.00    0.00    0.96    0.00    0.00    0.00   96.49
04:24:40     all    0.10    0.13    6.15    0.00    0.00    3.88    0.00    0.00    0.00   89.74
04:24:41     all    0.00    3.03    6.86    0.00    0.00    3.77    0.00    0.00    0.00   86.35
04:24:42     all    0.00    2.27    6.19    0.00    0.00    3.95    0.00    0.00    0.00   87.60
04:24:43     all    0.00    2.50    6.15    0.00    0.00    3.49    0.00    0.00    0.00   87.86
04:24:44     all    0.03    4.45    5.35    0.00    0.00    3.35    0.00    0.00    0.00   86.81
04:24:45     all    0.00    2.36    6.11    0.00    0.00    4.07    0.00    0.00    0.00   87.46
04:24:46     all    0.00    3.15    5.40    0.00    0.00    3.60    0.00    0.00    0.00   87.84
04:24:47     all    0.03    0.55    4.89    0.00    0.00    2.88    0.00    0.00    0.00   91.64
04:24:48     all    0.00    3.97    5.34    0.00    0.00    3.39    0.00    0.00    0.00   87.30
04:24:49     all    0.00    2.74    6.30    0.00    0.00    3.65    0.00    0.00    0.00   87.31
04:24:50     all    0.10    2.35    5.45    0.00    0.00    3.03    0.00    0.00    0.00   89.07
04:24:51     all    0.00    2.79    5.49    0.00    0.00    3.02    0.00    0.00    0.00   88.70
04:24:52     all    0.00    4.24    5.08    0.00    0.00    3.12    0.00    0.00    0.00   87.56
04:24:53     all    0.00    2.39    6.55    0.00    0.00    3.39    0.00    0.00    0.00   87.68
04:24:54     all    0.00    2.54    5.34    0.00    0.00    3.41    0.00    0.00    0.00   88.70
04:24:55     all    0.00    2.37    5.17    0.00    0.00    3.27    0.00    0.00    0.00   89.19
04:24:56     all    0.00    4.64    4.68    0.00    0.00    3.19    0.00    0.00    0.00   87.49
04:24:57     all    0.03    2.59    5.89    0.00    0.00    3.95    0.00    0.00    0.00   87.54
04:24:58     all    0.00    3.16    5.60    0.00    0.00    3.12    0.00    0.00    0.00   88.12
04:24:59     all    0.00    3.06    5.78    0.00    0.00    3.41    0.00    0.00    0.00   87.75
04:25:00     all    0.29    4.91    5.40    0.00    0.00    3.07    0.00    0.00    0.00   86.32
04:25:01     all    0.00    3.05    6.06    0.00    0.00    3.60    0.00    0.00    0.00   87.29
04:25:02     all    0.00    2.42    5.48    0.00    0.00    2.80    0.00    0.00    0.00   89.31
04:25:03     all    0.00    3.30    4.89    0.00    0.00    2.30    0.00    0.00    0.00   89.50
04:25:04     all    0.00    0.48    5.20    0.00    0.00    3.01    0.00    0.00    0.00   91.31
04:25:05     all    0.00    5.28    4.79    0.00    0.00    2.83    0.00    0.00    0.00   87.10
04:25:06     all    0.00    1.86    6.37    0.00    0.00    3.67    0.00    0.00    0.00   88.10
04:25:07     all    0.00    3.17    6.59    0.00    0.00    3.71    0.00    0.00    0.00   86.53
04:25:08     all    0.03    2.29    6.22    0.00    0.00    4.51    0.00    0.00    0.00   86.94
04:25:09     all    0.00    3.33    6.98    0.00    0.00    4.42    0.00    0.00    0.00   85.28
04:25:10     all    0.10    4.15    7.55    0.00    0.00    4.63    0.00    0.00    0.00   83.57
04:25:11     all    0.03    2.57   11.07    0.00    0.00    6.25    0.00    0.00    0.00   80.08
04:25:12     all    0.00    4.91   10.53    0.00    0.00    5.62    0.00    0.00    0.00   78.93
04:25:13     all    0.00    4.15    9.04    0.00    0.00    5.71    0.00    0.00    0.00   81.10
04:25:14     all    0.00    2.93    9.02    0.00    0.00    5.83    0.00    0.00    0.00   82.22
04:25:15     all    0.00    0.46    7.90    0.00    0.00    4.89    0.00    0.00    0.00   86.75
04:25:16     all    0.00    8.47    8.79    0.00    0.00    5.06    0.00    0.00    0.00   77.68
04:25:17     all    0.03    3.68    9.88    0.00    0.00    5.93    0.00    0.00    0.00   80.48
04:25:18     all    0.00    5.53    9.15    0.00    0.00    6.08    0.00    0.00    0.00   79.25
04:25:19     all    0.00    6.56    9.85    0.00    0.00    5.59    0.00    0.00    0.00   78.00
04:25:20     all    0.10    5.06    9.74    0.00    0.00    5.71    0.00    0.00    0.00   79.39
04:25:21     all    0.00    2.19    8.78    0.00    0.00    5.39    0.00    0.00    0.00   83.64
04:25:22     all    0.00    9.45    9.32    0.00    0.00    5.35    0.00    0.00    0.00   75.87
04:25:23     all    0.00    3.56   10.19    0.00    0.00    6.44    0.00    0.00    0.00   79.81
04:25:24     all    0.00    4.63    9.13    0.00    0.00    5.38    0.00    0.00    0.00   80.85
04:25:25     all    0.00    6.97    9.23    0.00    0.00    5.94    0.00    0.00    0.00   77.86
04:25:26     all    0.00    5.51    9.72    0.00    0.00    5.70    0.00    0.00    0.00   79.07
04:25:27     all    0.03    4.42    9.73    0.00    0.00    6.21    0.00    0.00    0.00   79.62
04:25:28     all    0.00    3.32    8.72    0.00    0.00    5.34    0.00    0.00    0.00   82.63
04:25:29     all    0.00    4.32    9.09    0.00    0.00    5.33    0.00    0.00    0.00   81.26
04:25:30     all    0.29    8.18    8.96    0.00    0.00    5.58    0.00    0.00    0.00   76.98
04:25:31     all    0.03    5.43    9.51    0.00    0.00    6.24    0.00    0.00    0.00   78.78
04:25:32     all    0.00    8.04    9.31    0.00    0.00    5.50    0.00    0.00    0.00   77.15
04:25:33     all    0.00    4.85    9.77    0.00    0.00    5.54    0.00    0.00    0.00   79.84
04:25:34     all    0.00    5.04    8.90    0.00    0.00    5.30    0.00    0.00    0.00   80.77
04:25:35     all    0.00    7.37    9.22    0.00    0.00    4.84    0.00    0.00    0.00   78.58
04:25:36     all    0.00    4.68   10.52    0.00    0.00    5.93    0.00    0.00    0.00   78.86
04:25:37     all    0.03    7.86   10.29    0.00    0.00    5.79    0.00    0.00    0.00   76.03
04:25:38     all    0.00    4.64   10.77    0.00    0.00    6.33    0.00    0.00    0.00   78.27
04:25:39     all    0.00    5.48   11.18    0.00    0.00    5.77    0.00    0.00    0.00   77.58
04:25:40     all    0.06    7.33   11.12    0.00    0.00    5.97    0.00    0.00    0.00   75.52
04:25:41     all    0.00    4.54   10.61    0.00    0.00    5.81    0.00    0.00    0.00   79.05
04:25:42     all    0.00    4.61   10.90    0.00    0.00    5.90    0.00    0.00    0.00   78.58
04:25:43     all    0.00    3.14   10.00    0.00    0.00    6.25    0.00    0.00    0.00   80.61
04:25:44     all    0.00    1.66    9.73    0.00    0.00    5.99    0.00    0.00    0.00   82.62
04:25:45     all    0.00    8.97   10.24    0.00    0.00    5.66    0.00    0.00    0.00   75.13
04:25:46     all    0.00    5.49   11.08    0.00    0.00    6.53    0.00    0.00    0.00   76.90
04:25:47     all    0.03    4.49   11.09    0.00    0.00    6.14    0.00    0.00    0.00   78.25
04:25:48     all    0.00    4.58   10.52    0.00    0.00    6.55    0.00    0.00    0.00   78.34
04:25:49     all    0.00    5.61   10.54    0.00    0.00    5.97    0.00    0.00    0.00   77.89
04:25:50     all    0.10    2.57    9.71    0.00    0.00    6.25    0.00    0.00    0.00   81.37
04:25:51     all    0.00    1.07    9.78    0.00    0.00    6.24    0.00    0.00    0.00   82.92
04:25:52     all    0.00    5.08    9.83    0.00    0.00    5.60    0.00    0.00    0.00   79.49
04:25:53     all    0.00    2.55    9.96    0.00    0.00    5.75    0.00    0.00    0.00   81.74
04:25:54     all    0.00    2.71    9.98    0.00    0.00    5.94    0.00    0.00    0.00   81.37
04:25:55     all    0.00   10.16    9.74    0.00    0.00    6.13    0.00    0.00    0.00   73.97
04:25:56     all    0.00    2.85   13.21    0.00    0.00    7.80    0.00    0.00    0.00   76.13
04:25:57     all    0.03    0.81   12.17    0.00    0.00    6.73    0.00    0.00    0.00   80.26
04:25:58     all    0.00    4.44    9.72    0.00    0.00    6.30    0.00    0.00    0.00   79.54
04:25:59     all    0.00    3.95    9.94    0.00    0.00    6.16    0.00    0.00    0.00   79.95
04:26:00     all    0.26    4.94    9.98    0.00    0.00    6.21    0.00    0.00    0.00   78.62
04:26:01     all    0.00    5.22    9.99    0.00    0.00    5.90    0.00    0.00    0.00   78.89
04:26:02     all    0.00    5.48    9.85    0.00    0.00    5.74    0.00    0.00    0.00   78.94
04:26:03     all    0.00    4.45    9.81    0.00    0.00    6.17    0.00    0.00    0.00   79.57
04:26:04     all    0.00    4.35    9.67    0.00    0.00    6.22    0.00    0.00    0.00   79.75
04:26:05     all    0.00   11.96   10.66    0.00    0.00    5.99    0.00    0.00    0.00   71.39
04:26:06     all    0.00    3.88   14.53    0.00    0.00    8.02    0.00    0.00    0.00   73.57
04:26:07     all    0.00    3.26   12.37    0.00    0.00    6.99    0.00    0.00    0.00   77.38
04:26:08     all    0.00    2.27   10.07    0.00    0.00    6.66    0.00    0.00    0.00   80.99
04:26:09     all    0.00    3.85   10.06    0.00    0.00    6.44    0.00    0.00    0.00   79.66
04:26:10     all    0.10    3.01   10.17    0.00    0.00    6.19    0.00    0.00    0.00   80.52
04:26:11     all    0.00    3.46    9.62    0.00    0.00    5.54    0.00    0.00    0.00   81.38
04:26:12     all    0.00    8.15    9.81    0.00    0.00    5.62    0.00    0.00    0.00   76.42
04:26:13     all    0.00    4.35    9.80    0.00    0.00    6.23    0.00    0.00    0.00   79.63
04:26:14     all    0.00   22.08   10.81    0.00    0.00    5.75    0.00    0.00    0.00   61.35
04:26:15     all    0.00   19.77   11.19    0.00    0.00    6.15    0.00    0.00    0.00   62.89
04:26:16     all    0.00    3.04   11.21    0.00    0.00    6.08    0.00    0.00    0.00   79.67
04:26:17     all    0.03    6.98   14.67    0.00    0.00    7.75    0.00    0.00    0.00   70.57
04:26:18     all    0.00    1.86   11.94    0.00    0.00    7.01    0.00    0.00    0.00   79.19
04:26:19     all    0.00    0.75   10.75    0.00    0.00    6.43    0.00    0.00    0.00   82.07
04:26:20     all    0.10   27.99   11.37    0.00    0.00    5.87    0.00    0.00    0.00   54.68
04:26:21     all    0.00   15.47   12.41    0.00    0.00    6.45    0.00    0.00    0.00   65.68
04:26:22     all    0.00    2.47   10.93    0.00    0.00    6.42    0.00    0.00    0.00   80.18
04:26:23     all    0.00    2.40   12.80    0.00    0.00    6.76    0.00    0.00    0.00   78.04
04:26:24     all    0.00    3.08   13.34    0.00    0.00    7.60    0.00    0.00    0.00   75.98
04:26:25     all    0.00    2.69    8.82    0.00    0.00    5.77    0.00    0.00    0.00   82.71
04:26:26     all    0.00    1.56    6.35    0.00    0.00    4.88    0.00    0.00    0.00   87.20
04:26:27     all    0.03    0.26    6.34    0.00    0.00    4.11    0.00    0.00    0.00   89.27
04:26:28     all    0.00    1.86    7.13    0.00    0.00    4.25    0.00    0.00    0.00   86.76
04:26:29     all    0.00    5.13    6.97    0.00    0.00    4.23    0.00    0.00    0.00   83.67
04:26:30     all    0.10    2.75    7.15    0.00    0.00    4.08    0.00    0.00    0.00   85.92
04:26:31     all    0.00    1.93    6.92    0.00    0.00    4.18    0.00    0.00    0.00   86.97
04:26:32     all    0.00    2.51    6.67    0.00    0.00    4.13    0.00    0.00    0.00   86.69
04:26:33     all    0.00    2.16    6.13    0.00    0.00    4.26    0.00    0.00    0.00   87.46
04:26:34     all    0.03    2.83    6.75    0.00    0.00    4.05    0.00    0.00    0.00   86.35
04:26:35     all    0.00    2.33    6.43    0.00    0.00    3.97    0.00    0.00    0.00   87.27
04:26:36     all    0.00    0.13    7.08    0.00    0.00    3.77    0.00    0.00    0.00   89.02
04:26:37     all    0.03    6.95    7.08    0.00    0.00    4.41    0.00    0.00    0.00   81.53
04:26:38     all    0.00    1.74    6.86    0.00    0.00    4.38    0.00    0.00    0.00   87.02
04:26:39     all    0.00    2.49    6.88    0.00    0.00    4.17    0.00    0.00    0.00   86.46
04:26:40     all    0.10    2.02    7.41    0.00    0.00    4.33    0.00    0.00    0.00   86.15
04:26:41     all    0.00    2.65    7.00    0.00    0.00    4.03    0.00    0.00    0.00   86.31
04:26:42     all    0.00    2.25    6.95    0.00    0.00    4.15    0.00    0.00    0.00   86.65
04:26:43     all    0.00    1.83    6.78    0.00    0.00    3.92    0.00    0.00    0.00   87.47
04:26:44     all    0.00    5.35    6.28    0.00    0.00    4.48    0.00    0.00    0.00   83.89
04:26:45     all    0.00    0.19    5.18    0.00    0.00    3.61    0.00    0.00    0.00   91.01
04:26:46     all    0.00    3.89    5.55    0.00    0.00    3.16    0.00    0.00    0.00   87.40
04:26:47     all    0.03    5.22    5.06    0.00    0.00    3.33    0.00    0.00    0.00   86.37
04:26:48     all    0.00    3.35    5.45    0.00    0.00    3.38    0.00    0.00    0.00   87.83
04:26:49     all    0.00    4.64    5.78    0.00    0.00    3.62    0.00    0.00    0.00   85.95
04:26:50     all    0.06    4.54    4.71    0.00    0.00    3.19    0.00    0.00    0.00   87.50
04:26:51     all    0.00    3.47    5.59    0.00    0.00    2.89    0.00    0.00    0.00   88.04
04:26:52     all    0.00    3.33    4.75    0.00    0.00    3.14    0.00    0.00    0.00   88.78
04:26:53     all    0.00    2.83    5.43    0.00    0.00    3.53    0.00    0.00    0.00   88.21
04:26:54     all    0.00    2.05    4.49    0.00    0.00    2.56    0.00    0.00    0.00   90.89
04:26:55     all    0.00    1.44    3.32    0.00    0.00    1.66    0.00    0.00    0.00   93.59
04:26:56     all    0.00    0.03    3.80    0.00    0.00    2.14    0.00    0.00    0.00   94.02
04:26:57     all    0.03    0.03    3.71    0.00    0.00    1.98    0.00    0.00    0.00   94.24
04:26:58     all    0.00    0.03    3.43    0.00    0.00    1.89    0.00    0.00    0.00   94.65
04:26:59     all    0.00    0.03    3.55    0.00    0.00    1.98    0.00    0.00    0.00   94.43
04:27:00     all    0.35    0.00    3.43    0.00    0.00    1.64    0.00    0.00    0.00   94.58
04:27:01     all    0.00    1.12    3.52    0.00    0.00    1.92    0.00    0.00    0.00   93.45
04:27:02     all    0.00    0.83    3.38    0.00    0.00    1.85    0.00    0.00    0.00   93.95
04:27:03     all    0.00    1.22    3.21    0.00    0.00    1.57    0.00    0.00    0.00   94.00
04:27:04     all    0.00    0.00    4.03    0.00    0.00    2.11    0.00    0.00    0.00   93.86
04:27:05     all    0.00    0.00    3.38    0.00    0.00    1.69    0.00    0.00    0.00   94.94
04:27:06     all    0.00    0.03    3.32    0.00    0.00    2.05    0.00    0.00    0.00   94.60
04:27:07     all    0.03    0.03    3.99    0.00    0.00    1.85    0.00    0.00    0.00   94.09
04:27:08     all    0.00    0.03    3.80    0.00    0.00    1.82    0.00    0.00    0.00   94.35
04:27:09     all    0.00    0.00    3.43    0.00    0.00    2.05    0.00    0.00    0.00   94.53
04:27:10     all    0.06    1.24    3.66    0.00    0.00    1.75    0.00    0.00    0.00   93.29
04:27:11     all    0.00    0.00    3.43    0.00    0.00    1.84    0.00    0.00    0.00   94.72
04:27:12     all    0.00    0.03    3.93    0.00    0.00    2.16    0.00    0.00    0.00   93.89
04:27:13     all    0.00    0.51    3.34    0.00    0.00    2.23    0.00    0.00    0.00   93.92
04:27:14     all    0.00    0.45    3.16    0.00    0.00    1.47    0.00    0.00    0.00   94.93
04:27:15     all    0.00    0.03    3.92    0.00    0.00    1.99    0.00    0.00    0.00   94.06
04:27:16     all    0.00    0.00    3.65    0.00    0.00    1.89    0.00    0.00    0.00   94.47
04:27:17     all    0.00    0.03    3.81    0.00    0.00    2.11    0.00    0.00    0.00   94.05
04:27:18     all    0.00    0.03    3.75    0.00    0.00    1.95    0.00    0.00    0.00   94.27
04:27:19     all    0.00    0.96    3.63    0.00    0.00    1.93    0.00    0.00    0.00   93.47
04:27:20     all    0.10    0.51    3.23    0.00    0.00    1.82    0.00    0.00    0.00   94.34
04:27:21     all    0.00    0.64    4.16    0.00    0.00    2.18    0.00    0.00    0.00   93.02
04:27:22     all    0.00    0.00    3.93    0.00    0.00    2.08    0.00    0.00    0.00   93.99
04:27:23     all    0.00    0.03    4.20    0.00    0.00    2.05    0.00    0.00    0.00   93.72
04:27:24     all    0.03    0.03    4.09    0.00    0.00    1.86    0.00    0.00    0.00   93.99
04:27:25     all    0.00    0.03    3.65    0.00    0.00    2.11    0.00    0.00    0.00   94.20
04:27:26     all    0.00    0.03    4.09    0.00    0.00    2.24    0.00    0.00    0.00   93.64
04:27:27     all    0.00    0.70    3.64    0.00    0.00    1.98    0.00    0.00    0.00   93.68
04:27:28     all    0.00    0.03    3.59    0.00    0.00    1.99    0.00    0.00    0.00   94.39
04:27:29     all    0.00    0.03    3.61    0.00    0.00    1.88    0.00    0.00    0.00   94.47
04:27:30     all    0.10    0.00    3.80    0.00    0.00    1.88    0.00    0.00    0.00   94.22
04:27:31     all    0.00    1.12    3.73    0.00    0.00    2.11    0.00    0.00    0.00   93.05
04:27:32     all    0.00    0.10    3.54    0.00    0.00    2.12    0.00    0.00    0.00   94.25
04:27:33     all    0.00    1.20    2.66    0.00    0.00    1.27    0.00    0.00    0.00   94.87
04:27:34     all    0.00    0.03    4.10    0.00    0.00    1.89    0.00    0.00    0.00   93.98
04:27:35     all    0.03    0.03    3.24    0.00    0.00    1.89    0.00    0.00    0.00   94.80
04:27:36     all    0.00    0.00    3.98    0.00    0.00    2.31    0.00    0.00    0.00   93.71
04:27:37     all    0.00    0.00    2.21    0.00    0.00    1.01    0.00    0.00    0.00   96.78
04:27:38     all    0.00    0.00    1.74    0.00    0.00    1.01    0.00    0.00    0.00   97.25
04:27:39     all    0.00    0.00    1.49    0.00    0.00    0.54    0.00    0.00    0.00   97.97
04:27:40     all    0.32    0.03    1.58    0.00    0.00    0.95    0.00    0.00    0.00   97.12
04:27:41     all    0.00    0.00    0.88    0.00    0.00    0.54    0.00    0.00    0.00   98.58
04:27:42     all    0.00    0.47    1.68    0.00    0.00    1.01    0.00    0.00    0.00   96.84
04:27:43     all    0.00    0.69    0.78    0.00    0.00    0.44    0.00    0.00    0.00   98.09
04:27:44     all    0.00    0.03    2.18    0.00    0.00    1.01    0.00    0.00    0.00   96.77
04:27:45     all    0.03    0.03    1.42    0.00    0.00    1.04    0.00    0.00    0.00   97.47
04:27:46     all    0.00    0.00    1.71    0.00    0.00    0.98    0.00    0.00    0.00   97.30
04:27:47     all    0.03    0.00    1.77    0.00    0.00    0.92    0.00    0.00    0.00   97.28
04:27:48     all    0.00    0.00    2.00    0.00    0.00    1.49    0.00    0.00    0.00   96.52
04:27:49     all    0.00    0.00    2.30    0.00    0.00    1.39    0.00    0.00    0.00   96.31
04:27:50     all    0.13    0.03    1.80    0.00    0.00    1.14    0.00    0.00    0.00   96.90
04:27:51     all    0.00    0.00    1.49    0.00    0.00    0.63    0.00    0.00    0.00   97.88
04:27:52     all    0.00    0.03    1.58    0.00    0.00    1.07    0.00    0.00    0.00   97.32
04:27:53     all    0.00    1.14    1.14    0.00    0.00    0.70    0.00    0.00    0.00   97.02
04:27:54     all    0.00    0.00    1.77    0.00    0.00    1.07    0.00    0.00    0.00   97.16
04:27:55     all    0.00    0.00    2.03    0.00    0.00    1.14    0.00    0.00    0.00   96.84
04:27:56     all    0.00    0.03    1.97    0.00    0.00    1.49    0.00    0.00    0.00   96.51
04:27:57     all    0.00    0.00    2.03    0.00    0.00    1.05    0.00    0.00    0.00   96.93
04:27:58     all    0.00    0.03    2.05    0.00    0.00    1.39    0.00    0.00    0.00   96.52
04:27:59     all    0.00    0.00    2.31    0.00    0.00    1.36    0.00    0.00    0.00   96.33
04:28:00     all    0.38    0.03    2.44    0.00    0.00    1.43    0.00    0.00    0.00   95.72
04:28:01     all    0.00    0.00    2.18    0.00    0.00    1.51    0.00    0.00    0.00   96.31
04:28:02     all    0.00    3.70    1.54    0.00    0.00    0.75    0.00    0.00    0.00   94.01
04:28:03     all    0.00    0.00    0.00    0.00    0.00    0.00    0.00    0.00    0.00  100.00
04:28:04     all    0.00    0.00    0.00    0.00    0.00    0.00    0.00    0.00    0.00  100.00
04:28:05     all    0.00    0.00    0.00    0.00    0.00    0.00    0.00    0.00    0.00  100.00
04:28:06     all    0.00    0.00    0.00    0.00    0.00    0.00    0.00    0.00    0.00  100.00
04:28:07     all    0.03    0.00    0.03    0.00    0.00    0.00    0.00    0.00    0.00   99.94
04:28:08     all    0.00    0.00    0.00    0.00    0.00    0.00    0.00    0.00    0.00  100.00
04:28:09     all    0.00    0.00    0.00    0.00    0.00    0.00    0.00    0.00    0.00  100.00
04:28:10     all    0.06    0.00    0.09    0.00    0.00    0.00    0.00    0.00    0.00   99.84
04:28:11     all    0.00    0.00    0.00    0.00    0.00    0.00    0.00    0.00    0.00  100.00
04:28:12     all    0.00    0.00    0.00    0.00    0.00    0.00    0.00    0.00    0.00  100.00
04:28:13     all    0.00    0.00    0.16    0.00    0.00    0.03    0.00    0.00    0.00   99.81
04:28:14     all    0.00    0.00    0.00    0.00    0.00    0.00    0.00    0.00    0.00  100.00
04:28:15     all    0.00    0.00    0.00    0.00    0.00    0.00    0.00    0.00    0.00  100.00
04:28:16     all    0.00    0.00    0.00    0.00    0.00    0.00    0.00    0.00    0.00  100.00
04:28:17     all    0.03    0.00    0.00    0.00    0.00    0.00    0.00    0.00    0.00   99.97
04:28:18     all    0.00    0.00    0.03    0.00    0.00    0.00    0.00    0.00    0.00   99.97
04:28:19     all    0.00    0.00    0.03    0.00    0.00    0.00    0.00    0.00    0.00   99.97
04:28:20     all    0.06    0.00    0.09    0.00    0.00    0.00    0.00    0.00    0.00   99.84

Average:     all    0.02    1.17    4.63    0.00    0.00    2.40    0.00    0.00    0.00   91.78
