Linux 4.20.0+ (eternitystorage) 	01/14/24 	_x86_64_	(32 CPU)

01:08:44     CPU    %usr   %nice    %sys %iowait    %irq   %soft  %steal  %guest  %gnice   %idle
01:08:45     all    0.00    0.00    0.03    0.00    0.00    0.00    0.00    0.00    0.00   99.97
01:08:46     all    0.00    0.00    0.00    0.00    0.00    0.00    0.00    0.00    0.00  100.00
01:08:47     all    0.06    0.00    0.22    0.00    0.00    0.00    0.00    0.00    0.00   99.72
01:08:48     all    0.00    0.00    0.00    0.00    0.00    0.00    0.00    0.00    0.00  100.00
01:08:49     all    0.00    0.03    0.09    0.00    0.00    0.00    0.00    0.00    0.00   99.88
01:08:50     all    0.12    0.00    0.12    0.00    0.00    0.03    0.00    0.00    0.00   99.72
01:08:51     all    0.00    0.00    0.00    0.00    0.00    0.00    0.00    0.00    0.00  100.00
01:08:52     all    0.03    0.00    0.06    0.00    0.00    0.00    0.00    0.00    0.00   99.91
01:08:53     all    0.00    0.00    0.09    0.00    0.00    0.00    0.00    0.00    0.00   99.91
01:08:54     all    0.00    0.03    0.00    0.00    0.00    0.00    0.00    0.00    0.00   99.97
01:08:55     all    0.06    0.00    0.25    0.00    0.00    0.00    0.00    0.00    0.00   99.69
01:08:56     all    0.00    0.00    0.97    0.00    0.00    0.06    0.00    0.00    0.00   98.97
01:08:57     all    0.00    0.00    2.04    0.00    0.00    0.09    0.00    0.00    0.00   97.87
01:08:58     all    0.00    0.00    2.51    0.00    0.00    0.16    0.00    0.00    0.00   97.33
01:08:59     all    0.00    0.00    2.20    0.00    0.00    0.09    0.00    0.00    0.00   97.70
01:09:00     all    0.50    0.00    2.82    0.00    0.00    0.13    0.00    0.00    0.00   96.55
01:09:01     all    0.03    0.03    2.30    0.00    0.00    0.13    0.00    0.00    0.00   97.51
01:09:02     all    0.00    0.00    2.54    0.00    0.00    0.16    0.00    0.00    0.00   97.30
01:09:03     all    0.00    0.00    2.48    0.00    0.00    0.09    0.00    0.00    0.00   97.42
01:09:04     all    0.06    0.00    2.54    0.00    0.00    0.13    0.00    0.00    0.00   97.27
01:09:05     all    0.00    0.00    2.60    0.00    0.00    0.19    0.00    0.00    0.00   97.21
01:09:06     all    0.03    0.00    2.54    0.00    0.00    0.13    0.00    0.00    0.00   97.30
01:09:07     all    0.00    0.00    2.27    0.00    0.00    0.13    0.00    0.00    0.00   97.61
01:09:08     all    0.00    0.00    2.17    0.00    0.00    0.16    0.00    0.00    0.00   97.67
01:09:09     all    0.03    0.00    2.30    0.00    0.00    0.06    0.00    0.00    0.00   97.61
01:09:10     all    0.09    0.00    2.26    0.00    0.00    0.19    0.00    0.00    0.00   97.45
01:09:11     all    0.00    0.00    2.08    0.00    0.00    0.06    0.00    0.00    0.00   97.86
01:09:12     all    0.00    0.03    2.45    0.00    0.00    0.16    0.00    0.00    0.00   97.36
01:09:13     all    0.00    0.00    2.45    0.00    0.00    0.16    0.00    0.00    0.00   97.39
01:09:14     all    0.03    0.00    2.42    0.00    0.00    0.13    0.00    0.00    0.00   97.43
01:09:15     all    0.03    0.00    2.23    0.00    0.00    0.09    0.00    0.00    0.00   97.64
01:09:16     all    0.00    0.00    2.33    0.00    0.00    0.06    0.00    0.00    0.00   97.61
01:09:17     all    0.00    0.00    2.14    0.00    0.00    0.16    0.00    0.00    0.00   97.70
01:09:18     all    0.00    0.00    2.23    0.00    0.00    0.09    0.00    0.00    0.00   97.67
01:09:19     all    0.03    0.00    2.30    0.00    0.00    0.03    0.00    0.00    0.00   97.64
01:09:20     all    0.06    0.00    2.08    0.00    0.00    0.09    0.00    0.00    0.00   97.76
01:09:21     all    0.00    0.00    2.39    0.00    0.00    0.09    0.00    0.00    0.00   97.52
01:09:22     all    0.06    0.00    2.26    0.00    0.00    0.09    0.00    0.00    0.00   97.58
01:09:23     all    0.00    0.00    2.17    0.00    0.00    0.09    0.00    0.00    0.00   97.73
01:09:24     all    0.03    0.00    2.11    0.00    0.00    0.13    0.00    0.00    0.00   97.73
01:09:25     all    0.00    0.00    2.63    0.00    0.00    0.09    0.00    0.00    0.00   97.27
01:09:26     all    0.00    0.03    2.51    0.00    0.00    0.06    0.00    0.00    0.00   97.39
01:09:27     all    0.03    0.00    2.36    0.00    0.00    0.16    0.00    0.00    0.00   97.45
01:09:28     all    0.00    0.03    2.23    0.00    0.00    0.09    0.00    0.00    0.00   97.64
01:09:29     all    0.00    0.00    2.36    0.00    0.00    0.13    0.00    0.00    0.00   97.52
01:09:30     all    0.09    0.00    2.48    0.00    0.00    0.06    0.00    0.00    0.00   97.36
01:09:31     all    0.00    0.03    2.08    0.00    0.00    0.13    0.00    0.00    0.00   97.76
01:09:32     all    0.03    0.00    2.26    0.00    0.00    0.09    0.00    0.00    0.00   97.61
01:09:33     all    0.00    0.03    2.17    0.00    0.00    0.13    0.00    0.00    0.00   97.67
01:09:34     all    0.03    0.00    2.11    0.00    0.00    0.13    0.00    0.00    0.00   97.74
01:09:35     all    0.03    0.03    2.11    0.00    0.00    0.13    0.00    0.00    0.00   97.70
01:09:36     all    0.03    0.00    2.26    0.00    0.00    0.13    0.00    0.00    0.00   97.58
01:09:37     all    0.00    0.03    2.39    0.00    0.00    0.13    0.00    0.00    0.00   97.46
01:09:38     all    0.00    0.00    2.17    0.00    0.00    0.16    0.00    0.00    0.00   97.67
01:09:39     all    0.06    0.00    2.17    0.00    0.00    0.06    0.00    0.00    0.00   97.70
01:09:40     all    0.03    0.03    2.45    0.00    0.00    0.13    0.00    0.00    0.00   97.36
01:09:41     all    0.00    0.00    2.23    0.00    0.00    0.09    0.00    0.00    0.00   97.68
01:09:42     all    0.03    0.03    2.32    0.00    0.00    0.16    0.00    0.00    0.00   97.46
01:09:43     all    0.00    0.00    2.20    0.00    0.00    0.13    0.00    0.00    0.00   97.67
01:09:44     all    0.03    0.00    2.30    0.00    0.00    0.13    0.00    0.00    0.00   97.55
01:09:45     all    0.00    0.03    2.63    0.00    0.00    0.13    0.00    0.00    0.00   97.21
01:09:46     all    0.00    0.00    2.51    0.00    0.00    0.19    0.00    0.00    0.00   97.30
01:09:47     all    0.03    0.03    2.45    0.00    0.00    0.09    0.00    0.00    0.00   97.39
01:09:48     all    0.00    0.00    2.33    0.00    0.00    0.13    0.00    0.00    0.00   97.55
01:09:49     all    0.00    0.00    2.02    0.00    0.00    0.19    0.00    0.00    0.00   97.80
01:09:50     all    0.06    0.03    2.57    0.00    0.00    0.19    0.00    0.00    0.00   97.14
01:09:51     all    0.00    0.00    2.30    0.00    0.00    0.06    0.00    0.00    0.00   97.64
01:09:52     all    0.00    0.03    2.42    0.00    0.00    0.13    0.00    0.00    0.00   97.42
01:09:53     all    0.03    0.00    2.38    0.00    0.00    0.13    0.00    0.00    0.00   97.46
01:09:54     all    0.03    0.00    2.17    0.00    0.00    0.09    0.00    0.00    0.00   97.70
01:09:55     all    0.03    0.03    2.54    0.00    0.00    0.09    0.00    0.00    0.00   97.30
01:09:56     all    0.00    0.00    2.70    0.00    0.00    0.09    0.00    0.00    0.00   97.21
01:09:57     all    0.00    0.03    2.42    0.00    0.00    0.16    0.00    0.00    0.00   97.40
01:09:58     all    0.00    0.00    2.63    0.00    0.00    0.13    0.00    0.00    0.00   97.24
01:09:59     all    0.00    0.00    2.29    0.00    0.00    0.09    0.00    0.00    0.00   97.61
01:10:00     all    0.53    0.03    2.45    0.00    0.00    0.13    0.00    0.00    0.00   96.86
01:10:01     all    0.00    0.00    2.32    0.00    0.00    0.16    0.00    0.00    0.00   97.52
01:10:02     all    0.03    0.03    2.26    0.00    0.00    0.06    0.00    0.00    0.00   97.61
01:10:03     all    0.03    0.00    2.39    0.00    0.00    0.13    0.00    0.00    0.00   97.46
01:10:04     all    0.00    0.00    2.11    0.00    0.00    0.13    0.00    0.00    0.00   97.76
01:10:05     all    0.03    0.03    2.20    0.00    0.00    0.06    0.00    0.00    0.00   97.67
01:10:06     all    0.03    0.00    2.45    0.00    0.00    0.19    0.00    0.00    0.00   97.33
01:10:07     all    0.00    0.03    2.26    0.00    0.00    0.13    0.00    0.00    0.00   97.58
01:10:08     all    0.03    0.00    2.51    0.00    0.00    0.06    0.00    0.00    0.00   97.39
01:10:09     all    0.00    0.00    2.14    0.00    0.00    0.16    0.00    0.00    0.00   97.70
01:10:10     all    0.09    0.03    2.39    0.00    0.00    0.06    0.00    0.00    0.00   97.42
01:10:11     all    0.00    0.00    2.33    0.00    0.00    0.09    0.00    0.00    0.00   97.58
01:10:12     all    0.00    0.03    2.39    0.00    0.00    0.03    0.00    0.00    0.00   97.55
01:10:13     all    0.00    0.00    2.05    0.00    0.00    0.16    0.00    0.00    0.00   97.80
01:10:14     all    0.03    0.00    2.33    0.00    0.00    0.09    0.00    0.00    0.00   97.55
01:10:15     all    0.03    0.03    2.29    0.00    0.00    0.13    0.00    0.00    0.00   97.52
01:10:16     all    0.00    0.00    2.42    0.00    0.00    0.09    0.00    0.00    0.00   97.49
01:10:17     all    0.00    0.03    2.14    0.00    0.00    0.19    0.00    0.00    0.00   97.64
01:10:18     all    0.00    0.00    2.20    0.00    0.00    0.06    0.00    0.00    0.00   97.73
01:10:19     all    0.00    0.00    2.66    0.00    0.00    0.06    0.00    0.00    0.00   97.28
01:10:20     all    0.09    0.03    2.14    0.00    0.00    0.09    0.00    0.00    0.00   97.64
01:10:21     all    0.03    0.00    2.63    0.00    0.00    0.13    0.00    0.00    0.00   97.21
01:10:22     all    0.00    0.03    2.51    0.00    0.00    0.09    0.00    0.00    0.00   97.37
01:10:23     all    0.00    0.00    2.33    0.00    0.00    0.09    0.00    0.00    0.00   97.58
01:10:24     all    0.06    0.00    2.26    0.00    0.00    0.03    0.00    0.00    0.00   97.64
01:10:25     all    0.00    0.03    2.48    0.00    0.00    0.09    0.00    0.00    0.00   97.39
01:10:26     all    0.19    0.00    2.11    0.00    0.00    0.09    0.00    0.00    0.00   97.61
01:10:27     all    0.00    0.03    2.20    0.00    0.00    0.00    0.00    0.00    0.00   97.77
01:10:28     all    0.06    0.00    2.35    0.00    0.00    0.13    0.00    0.00    0.00   97.46
01:10:29     all    0.03    0.00    2.07    0.00    0.00    0.13    0.00    0.00    0.00   97.77
01:10:30     all    0.06    0.03    2.02    0.00    0.00    0.09    0.00    0.00    0.00   97.79
01:10:31     all    0.03    0.00    2.39    0.00    0.00    0.16    0.00    0.00    0.00   97.43
01:10:32     all    0.00    0.03    2.36    0.00    0.00    0.13    0.00    0.00    0.00   97.49
01:10:33     all    0.00    0.00    2.20    0.00    0.00    0.13    0.00    0.00    0.00   97.67
01:10:34     all    0.03    0.00    2.66    0.00    0.00    0.13    0.00    0.00    0.00   97.18
01:10:35     all    0.00    0.03    2.36    0.00    0.00    0.13    0.00    0.00    0.00   97.49
01:10:36     all    0.34    0.00    2.48    0.00    0.00    0.13    0.00    0.00    0.00   97.05
01:10:37     all    0.00    0.03    2.30    0.00    0.00    0.06    0.00    0.00    0.00   97.61
01:10:38     all    0.00    0.00    2.45    0.00    0.00    0.16    0.00    0.00    0.00   97.39
01:10:39     all    0.00    0.00    2.33    0.00    0.00    0.09    0.00    0.00    0.00   97.58
01:10:40     all    0.06    0.03    2.39    0.00    0.00    0.13    0.00    0.00    0.00   97.39
01:10:41     all    0.00    0.00    2.26    0.00    0.00    0.13    0.00    0.00    0.00   97.61
01:10:42     all    0.00    0.03    2.29    0.00    0.00    0.16    0.00    0.00    0.00   97.52
01:10:43     all    0.03    0.00    2.48    0.00    0.00    0.13    0.00    0.00    0.00   97.36
01:10:44     all    0.03    0.00    2.63    0.00    0.00    0.13    0.00    0.00    0.00   97.21
01:10:45     all    0.00    0.03    2.45    0.00    0.00    0.19    0.00    0.00    0.00   97.34
01:10:46     all    0.00    0.00    2.39    0.00    0.00    0.16    0.00    0.00    0.00   97.46
01:10:47     all    0.03    0.03    2.38    0.00    0.00    0.22    0.00    0.00    0.00   97.33
01:10:48     all    0.00    0.00    2.11    0.00    0.00    0.09    0.00    0.00    0.00   97.79
01:10:49     all    0.03    0.00    2.33    0.00    0.00    0.06    0.00    0.00    0.00   97.58
01:10:50     all    0.06    0.03    2.66    0.00    0.00    0.06    0.00    0.00    0.00   97.18
01:10:51     all    0.00    0.00    2.29    0.00    0.00    0.13    0.00    0.00    0.00   97.58
01:10:52     all    0.00    0.03    2.33    0.00    0.00    0.03    0.00    0.00    0.00   97.61
01:10:53     all    0.00    0.00    2.20    0.00    0.00    0.09    0.00    0.00    0.00   97.70
01:10:54     all    0.00    0.03    2.30    0.00    0.00    0.16    0.00    0.00    0.00   97.51
01:10:55     all    0.03    0.00    2.27    0.00    0.00    0.13    0.00    0.00    0.00   97.58
01:10:56     all    0.00    0.03    2.32    0.00    0.00    0.06    0.00    0.00    0.00   97.58
01:10:57     all    0.00    0.00    2.42    0.00    0.00    0.09    0.00    0.00    0.00   97.49
01:10:58     all    0.03    0.00    2.23    0.00    0.00    0.09    0.00    0.00    0.00   97.64
01:10:59     all    0.00    0.03    2.26    0.00    0.00    0.13    0.00    0.00    0.00   97.58
01:11:00     all    0.53    0.00    2.42    0.00    0.00    0.44    0.00    0.00    0.00   96.61
01:11:01     all    0.00    0.03    2.57    0.00    0.00    0.13    0.00    0.00    0.00   97.27
01:11:02     all    0.03    0.00    2.29    0.00    0.00    0.09    0.00    0.00    0.00   97.58
01:11:03     all    0.00    0.00    2.39    0.00    0.00    0.19    0.00    0.00    0.00   97.42
01:11:04     all    0.03    0.03    2.54    0.00    0.00    0.13    0.00    0.00    0.00   97.27
01:11:05     all    0.00    0.00    2.11    0.00    0.00    0.09    0.00    0.00    0.00   97.80
01:11:06     all    0.00    0.03    2.51    0.00    0.00    0.13    0.00    0.00    0.00   97.33
01:11:07     all    0.00    0.00    2.57    0.00    0.00    0.09    0.00    0.00    0.00   97.33
01:11:08     all    0.00    0.00    2.57    0.00    0.00    0.16    0.00    0.00    0.00   97.28
01:11:09     all    0.03    0.03    2.48    0.00    0.00    0.13    0.00    0.00    0.00   97.33
01:11:10     all    0.06    0.00    2.54    0.00    0.00    0.19    0.00    0.00    0.00   97.21
01:11:11     all    0.00    0.03    2.08    0.00    0.00    0.06    0.00    0.00    0.00   97.83
01:11:12     all    0.03    0.00    2.48    0.00    0.00    0.16    0.00    0.00    0.00   97.33
01:11:13     all    0.00    0.00    2.07    0.00    0.00    0.09    0.00    0.00    0.00   97.83
01:11:14     all    0.03    0.03    2.42    0.00    0.00    0.09    0.00    0.00    0.00   97.43
01:11:15     all    0.03    0.00    2.42    0.00    0.00    0.09    0.00    0.00    0.00   97.46
01:11:16     all    0.00    0.03    2.54    0.00    0.00    0.13    0.00    0.00    0.00   97.30
01:11:17     all    0.00    0.00    2.17    0.00    0.00    0.09    0.00    0.00    0.00   97.73
01:11:18     all    0.03    0.00    2.27    0.00    0.00    0.13    0.00    0.00    0.00   97.58
01:11:19     all    0.00    0.03    2.38    0.00    0.00    0.19    0.00    0.00    0.00   97.40
01:11:20     all    0.06    0.00    2.48    0.00    0.00    0.09    0.00    0.00    0.00   97.36
01:11:21     all    0.03    0.03    2.32    0.00    0.00    0.16    0.00    0.00    0.00   97.46
01:11:22     all    0.00    0.00    2.17    0.00    0.00    0.13    0.00    0.00    0.00   97.70
01:11:23     all    0.03    0.00    2.20    0.00    0.00    0.09    0.00    0.00    0.00   97.67
01:11:24     all    0.03    0.03    2.23    0.00    0.00    0.13    0.00    0.00    0.00   97.58
01:11:25     all    0.00    0.00    2.36    0.00    0.00    0.16    0.00    0.00    0.00   97.49
01:11:26     all    0.00    0.03    2.17    0.00    0.00    0.13    0.00    0.00    0.00   97.67
01:11:27     all    0.00    0.00    2.23    0.00    0.00    0.09    0.00    0.00    0.00   97.67
01:11:28     all    0.00    0.00    2.42    0.00    0.00    0.16    0.00    0.00    0.00   97.43
01:11:29     all    0.03    0.03    2.54    0.00    0.00    0.13    0.00    0.00    0.00   97.27
01:11:30     all    0.09    0.00    2.27    0.00    0.00    0.19    0.00    0.00    0.00   97.45
01:11:31     all    0.00    0.03    2.48    0.00    0.00    0.16    0.00    0.00    0.00   97.34
01:11:32     all    0.00    0.00    2.57    0.00    0.00    0.13    0.00    0.00    0.00   97.30
01:11:33     all    0.03    0.00    2.57    0.00    0.00    0.09    0.00    0.00    0.00   97.30
01:11:34     all    0.00    0.03    2.42    0.00    0.00    0.09    0.00    0.00    0.00   97.46
01:11:35     all    0.00    0.00    2.42    0.00    0.00    0.13    0.00    0.00    0.00   97.46
01:11:36     all    0.03    0.03    2.36    0.00    0.00    0.09    0.00    0.00    0.00   97.49
01:11:37     all    0.00    0.00    2.36    0.00    0.00    0.13    0.00    0.00    0.00   97.52
01:11:38     all    0.03    0.00    2.14    0.00    0.00    0.13    0.00    0.00    0.00   97.70
01:11:39     all    0.03    0.03    2.17    0.00    0.00    0.13    0.00    0.00    0.00   97.64
01:11:40     all    0.06    0.00    2.36    0.00    0.00    0.13    0.00    0.00    0.00   97.45
01:11:41     all    0.03    0.03    2.51    0.00    0.00    0.13    0.00    0.00    0.00   97.30
01:11:42     all    0.00    0.00    2.51    0.00    0.00    0.13    0.00    0.00    0.00   97.36
01:11:43     all    0.00    0.00    2.20    0.00    0.00    0.16    0.00    0.00    0.00   97.64
01:11:44     all    0.00    0.03    2.08    0.00    0.00    0.13    0.00    0.00    0.00   97.76
01:11:45     all    0.00    0.00    2.39    0.00    0.00    0.09    0.00    0.00    0.00   97.52
01:11:46     all    0.00    0.03    2.30    0.00    0.00    0.09    0.00    0.00    0.00   97.58
01:11:47     all    0.00    0.00    2.51    0.00    0.00    0.09    0.00    0.00    0.00   97.39
01:11:48     all    0.00    0.00    2.05    0.00    0.00    0.13    0.00    0.00    0.00   97.83
01:11:49     all    0.03    0.03    2.48    0.00    0.00    0.13    0.00    0.00    0.00   97.33
01:11:50     all    0.09    0.00    2.42    0.00    0.00    0.06    0.00    0.00    0.00   97.42
01:11:51     all    0.00    0.03    2.14    0.00    0.00    0.13    0.00    0.00    0.00   97.70
01:11:52     all    0.00    0.00    2.57    0.00    0.00    0.19    0.00    0.00    0.00   97.24
01:11:53     all    0.03    0.00    2.57    0.00    0.00    0.16    0.00    0.00    0.00   97.24
01:11:54     all    0.06    0.03    2.29    0.00    0.00    0.06    0.00    0.00    0.00   97.55
01:11:55     all    0.03    0.00    2.05    0.00    0.00    0.13    0.00    0.00    0.00   97.79
01:11:56     all    0.00    0.03    2.26    0.00    0.00    0.16    0.00    0.00    0.00   97.55
01:11:57     all    0.00    0.00    2.29    0.00    0.00    0.06    0.00    0.00    0.00   97.64
01:11:58     all    0.00    0.00    2.23    0.00    0.00    0.16    0.00    0.00    0.00   97.61
01:11:59     all    0.03    0.03    2.36    0.00    0.00    0.09    0.00    0.00    0.00   97.49
01:12:00     all    0.50    0.00    2.54    0.00    0.00    0.13    0.00    0.00    0.00   96.83
01:12:01     all    0.03    0.03    2.45    0.00    0.00    0.13    0.00    0.00    0.00   97.36
01:12:02     all    0.03    0.00    2.32    0.00    0.00    0.19    0.00    0.00    0.00   97.46
01:12:03     all    0.00    0.00    2.48    0.00    0.00    0.06    0.00    0.00    0.00   97.46
01:12:04     all    0.06    0.03    2.11    0.00    0.00    0.13    0.00    0.00    0.00   97.67
01:12:05     all    0.00    0.00    2.14    0.00    0.00    0.13    0.00    0.00    0.00   97.73
01:12:06     all    0.00    0.03    1.54    0.00    0.00    0.06    0.00    0.00    0.00   98.36
01:12:07     all    0.03    0.00    1.73    0.00    0.00    0.00    0.00    0.00    0.00   98.24
01:12:08     all    0.00    0.00    5.68    0.00    0.00    3.14    0.00    0.00    0.00   91.18
01:12:09     all    0.03    0.19    3.34    0.00    0.00    1.21    0.00    0.00    0.00   95.24
01:12:10     all    0.13    0.00   11.09    0.00    0.00    5.19    0.00    0.00    0.00   83.59
01:12:11     all    0.00    0.03   11.40    0.00    0.00    5.44    0.00    0.00    0.00   83.13
01:12:12     all    0.00    0.06   10.65    0.00    0.00    5.47    0.00    0.00    0.00   83.81
01:12:13     all    0.03    0.00   11.22    0.00    0.00    6.06    0.00    0.00    0.00   82.69
01:12:14     all    0.00    0.06   10.51    0.00    0.00    5.64    0.00    0.00    0.00   83.78
01:12:15     all    0.03    0.03   10.33    0.00    0.00    5.38    0.00    0.00    0.00   84.23
01:12:16     all    0.00    0.03   10.81    0.00    0.00    4.62    0.00    0.00    0.00   84.54
01:12:17     all    0.00    0.03   10.55    0.00    0.00    5.02    0.00    0.00    0.00   84.40
01:12:18     all    0.00    0.06   10.68    0.00    0.00    5.66    0.00    0.00    0.00   83.60
01:12:19     all    0.00    0.00   10.78    0.00    0.00    5.49    0.00    0.00    0.00   83.74
01:12:20     all    0.06    0.03   11.88    0.00    0.00    5.20    0.00    0.00    0.00   82.82
01:12:21     all    0.03    0.06   10.97    0.00    0.00    5.10    0.00    0.00    0.00   83.83
01:12:22     all    0.03    0.03   10.88    0.00    0.00    5.31    0.00    0.00    0.00   83.74
01:12:23     all    0.00    0.07    9.77    0.00    0.00    5.39    0.00    0.00    0.00   84.77
01:12:24     all    0.03    0.03    9.94    0.00    0.00    4.86    0.00    0.00    0.00   85.14
01:12:25     all    0.00    0.03   11.24    0.00    0.00    6.33    0.00    0.00    0.00   82.40
01:12:26     all    0.23    0.10   13.34    0.00    0.00    7.35    0.00    0.00    0.00   78.99
01:12:27     all    0.03    0.06   23.71    0.00    0.00    9.75    0.00    0.00    0.00   66.44
01:12:28     all    0.07    0.16   22.02    0.00    0.00    9.38    0.00    0.00    0.00   68.37
01:12:29     all    0.00    0.06   26.83    0.00    0.00    9.27    0.00    0.00    0.00   63.84
01:12:30     all    0.13    0.10   26.72    0.00    0.00    9.91    0.00    0.00    0.00   63.15
01:12:31     all    0.00    0.13   26.51    0.00    0.00    9.62    0.00    0.00    0.00   63.74
01:12:32     all    0.00    0.16   26.60    0.00    0.00    9.62    0.00    0.00    0.00   63.62
01:12:33     all    0.03    0.13   26.83    0.00    0.00    9.21    0.00    0.00    0.00   63.80
01:12:34     all    0.06    0.16   26.75    0.00    0.00   10.07    0.00    0.00    0.00   62.96
01:12:35     all    0.00    0.10   26.46    0.00    0.00   10.41    0.00    0.00    0.00   63.04
01:12:36     all    0.03    0.06   27.17    0.00    0.00   10.03    0.00    0.00    0.00   62.70
01:12:37     all    0.03    0.09   26.09    0.00    0.00   11.27    0.00    0.00    0.00   62.51
01:12:38     all    0.00    0.10   26.01    0.00    0.00    9.87    0.00    0.00    0.00   64.02
01:12:39     all    0.00    0.06   26.74    0.00    0.00    9.99    0.00    0.00    0.00   63.21
01:12:40     all    0.10    0.10   26.95    0.00    0.00    9.73    0.00    0.00    0.00   63.12
01:12:41     all    0.03    0.13   26.37    0.00    0.00   10.05    0.00    0.00    0.00   63.41
01:12:42     all    0.03    0.16   27.18    0.00    0.00    9.36    0.00    0.00    0.00   63.27
01:12:43     all    0.00    0.13   26.38    0.00    0.00    9.60    0.00    0.00    0.00   63.89
01:12:44     all    0.06    0.06   27.00    0.00    0.00    9.66    0.00    0.00    0.00   63.21
01:12:45     all    0.00    0.10   27.09    0.00    0.00    9.47    0.00    0.00    0.00   63.35
01:12:46     all    0.16    0.10   26.77    0.00    0.00   10.06    0.00    0.00    0.00   62.91
01:12:47     all    0.03    0.06   26.70    0.00    0.00   10.06    0.00    0.00    0.00   63.14
01:12:48     all    0.00    0.16   26.92    0.00    0.00    9.81    0.00    0.00    0.00   63.11
01:12:49     all    0.00    0.13   26.64    0.00    0.00    9.98    0.00    0.00    0.00   63.26
01:12:50     all    0.06    0.16   27.26    0.00    0.00   10.08    0.00    0.00    0.00   62.44
01:12:51     all    0.03    0.13   27.01    0.00    0.00    9.71    0.00    0.00    0.00   63.12
01:12:52     all    0.00    0.13   26.46    0.00    0.00    9.87    0.00    0.00    0.00   63.54
01:12:53     all    0.03    0.06   27.00    0.00    0.00   10.13    0.00    0.00    0.00   62.78
01:12:54     all    0.03    0.06   25.76    0.00    0.00   10.64    0.00    0.00    0.00   63.51
01:12:55     all    0.00    0.13   25.71    0.00    0.00   10.14    0.00    0.00    0.00   64.02
01:12:56     all    0.00    0.16   26.71    0.00    0.00   10.22    0.00    0.00    0.00   62.91
01:12:57     all    0.03    0.16   26.68    0.00    0.00   10.41    0.00    0.00    0.00   62.72
01:12:58     all    0.00    0.16   26.96    0.00    0.00    9.72    0.00    0.00    0.00   63.16
01:12:59     all    0.03    0.19   26.13    0.00    0.00   10.64    0.00    0.00    0.00   63.02
01:13:00     all    0.54    0.13   26.32    0.00    0.00   10.90    0.00    0.00    0.00   62.11
01:13:01     all    0.00    0.06   25.93    0.00    0.00   10.54    0.00    0.00    0.00   63.46
01:13:02     all    0.00    0.06   26.61    0.00    0.00    9.98    0.00    0.00    0.00   63.34
01:13:03     all    0.00    0.10   25.83    0.00    0.00   10.86    0.00    0.00    0.00   63.22
01:13:04     all    0.03    0.06   26.33    0.00    0.00    9.86    0.00    0.00    0.00   63.71
01:13:05     all    0.03    0.06   25.95    0.00    0.00   10.75    0.00    0.00    0.00   63.20
01:13:06     all    0.00    0.16   26.05    0.00    0.00   10.18    0.00    0.00    0.00   63.61
01:13:07     all    0.00    0.13   27.18    0.00    0.00   10.28    0.00    0.00    0.00   62.41
01:13:08     all    0.00    0.13   26.71    0.00    0.00    9.72    0.00    0.00    0.00   63.44
01:13:09     all    0.00    3.35   26.19    0.00    0.00   10.03    0.00    0.00    0.00   60.43
01:13:10     all    0.13    8.99   26.26    0.00    0.00   10.56    0.00    0.00    0.00   54.06
01:13:11     all    0.00    6.57   25.98    0.00    0.00   10.00    0.00    0.00    0.00   57.46
01:13:12     all    0.00    6.60   26.27    0.00    0.00    9.82    0.00    0.00    0.00   57.31
01:13:13     all    0.00    0.96   26.24    0.00    0.00   10.10    0.00    0.00    0.00   62.70
01:13:14     all    0.03    0.10   26.52    0.00    0.00    9.85    0.00    0.00    0.00   63.50
01:13:15     all    0.03    0.13   27.01    0.00    0.00    9.50    0.00    0.00    0.00   63.33
01:13:16     all    0.00    0.10   26.31    0.00    0.00   10.15    0.00    0.00    0.00   63.44
01:13:17     all    0.00    0.13   27.02    0.00    0.00    9.38    0.00    0.00    0.00   63.46
01:13:18     all    0.00    0.13   22.18    0.00    0.00    9.57    0.00    0.00    0.00   68.12
01:13:19     all    0.00    0.10   22.08    0.00    0.00    9.33    0.00    0.00    0.00   68.50
01:13:20     all    0.06    0.16   23.24    0.00    0.00    8.89    0.00    0.00    0.00   67.64
01:13:21     all    0.00    0.13   21.14    0.00    0.00    9.25    0.00    0.00    0.00   69.48
01:13:22     all    0.00    0.13   23.07    0.00    0.00    8.93    0.00    0.00    0.00   67.87
01:13:23     all    0.03    0.13   21.51    0.00    0.00    9.34    0.00    0.00    0.00   68.98
01:13:24     all    0.03    0.10   22.14    0.00    0.00    9.51    0.00    0.00    0.00   68.22
01:13:25     all    0.00    0.16   21.59    0.00    0.00    9.68    0.00    0.00    0.00   68.58
01:13:26     all    0.00    0.06   22.13    0.00    0.00    9.44    0.00    0.00    0.00   68.37
01:13:27     all    0.00    0.07   21.38    0.00    0.00    9.16    0.00    0.00    0.00   69.40
01:13:28     all    0.03    0.10   22.40    0.00    0.00    9.24    0.00    0.00    0.00   68.23
01:13:29     all    0.03    0.10   22.24    0.00    0.00    9.73    0.00    0.00    0.00   67.90
01:13:30     all    0.06    0.06   22.35    0.00    0.00    9.35    0.00    0.00    0.00   68.16
01:13:31     all    0.03    0.06   23.15    0.00    0.00    9.02    0.00    0.00    0.00   67.73
01:13:32     all    0.00    0.10   21.40    0.00    0.00    9.72    0.00    0.00    0.00   68.78
01:13:33     all    0.00    0.13   21.73    0.00    0.00    9.69    0.00    0.00    0.00   68.45
01:13:34     all    0.03    0.10   20.51    0.00    0.00    8.37    0.00    0.00    0.00   70.99
01:13:35     all    0.00    0.03   19.86    0.00    0.00    8.59    0.00    0.00    0.00   71.52
01:13:36     all    0.00    0.07   17.70    0.00    0.00    8.59    0.00    0.00    0.00   73.64
01:13:37     all    0.00    0.03   11.71    0.00    0.00    6.90    0.00    0.00    0.00   81.36
01:13:38     all    0.00    0.06   12.31    0.00    0.00    6.95    0.00    0.00    0.00   80.68
01:13:39     all    0.03    0.06   12.63    0.00    0.00    6.92    0.00    0.00    0.00   80.35
01:13:40     all    0.07    0.10   13.63    0.00    0.00    6.18    0.00    0.00    0.00   80.03
01:13:41     all    0.00    0.03    7.96    0.00    0.00    4.21    0.00    0.00    0.00   87.80
01:13:42     all    0.03    0.03    6.77    0.00    0.00    4.35    0.00    0.00    0.00   88.81
01:13:43     all    0.00    0.03    6.59    0.00    0.00    4.23    0.00    0.00    0.00   89.15
01:13:44     all    0.03    0.03    6.69    0.00    0.00    4.04    0.00    0.00    0.00   89.21
01:13:45     all    0.03    0.06    6.61    0.00    0.00    3.77    0.00    0.00    0.00   89.53
01:13:46     all    0.00    0.03    6.87    0.00    0.00    4.17    0.00    0.00    0.00   88.92
01:13:47     all    0.00    0.03    6.76    0.00    0.00    4.18    0.00    0.00    0.00   89.03
01:13:48     all    0.00    0.03    6.72    0.00    0.00    4.27    0.00    0.00    0.00   88.98
01:13:49     all    0.03    0.03    6.68    0.00    0.00    4.36    0.00    0.00    0.00   88.89
01:13:50     all    0.10    0.00    6.98    0.00    0.00    4.04    0.00    0.00    0.00   88.89
01:13:51     all    0.00    0.03    6.95    0.00    0.00    4.08    0.00    0.00    0.00   88.94
01:13:52     all    0.00    0.03    7.06    0.00    0.00    4.22    0.00    0.00    0.00   88.68
01:13:53     all    0.00    0.00    7.24    0.00    0.00    3.75    0.00    0.00    0.00   89.01
01:13:54     all    0.03    0.03    6.97    0.00    0.00    4.35    0.00    0.00    0.00   88.61
01:13:55     all    0.00    0.06    6.79    0.00    0.00    4.40    0.00    0.00    0.00   88.75
01:13:56     all    0.00    0.00    6.59    0.00    0.00    4.35    0.00    0.00    0.00   89.06
01:13:57     all    0.03    0.03    7.42    0.00    0.00    3.81    0.00    0.00    0.00   88.71
01:13:58     all    0.00    0.03    6.83    0.00    0.00    4.45    0.00    0.00    0.00   88.69
01:13:59     all    0.00    0.00    7.06    0.00    0.00    3.69    0.00    0.00    0.00   89.25
01:14:00     all    0.42    0.03    6.92    0.00    0.00    4.17    0.00    0.00    0.00   88.46
01:14:01     all    0.00    0.03    6.80    0.00    0.00    4.64    0.00    0.00    0.00   88.53
01:14:02     all    0.00    0.03    7.12    0.00    0.00    4.32    0.00    0.00    0.00   88.53
01:14:03     all    0.03    0.06    7.08    0.00    0.00    4.30    0.00    0.00    0.00   88.52
01:14:04     all    0.00    0.03    7.21    0.00    0.00    4.14    0.00    0.00    0.00   88.62
01:14:05     all    0.00    0.03    6.77    0.00    0.00    4.51    0.00    0.00    0.00   88.68
01:14:06     all    0.03    0.03    6.78    0.00    0.00    4.25    0.00    0.00    0.00   88.90
01:14:07     all    0.03    0.03    7.20    0.00    0.00    4.60    0.00    0.00    0.00   88.14
01:14:08     all    0.00    0.06    6.39    0.00    0.00    4.12    0.00    0.00    0.00   89.42
01:14:09     all    0.03    0.03    6.76    0.00    0.00    4.17    0.00    0.00    0.00   89.00
01:14:10     all    0.10    0.03    6.44    0.00    0.00    3.95    0.00    0.00    0.00   89.48
01:14:11     all    0.00    0.03    6.07    0.00    0.00    4.10    0.00    0.00    0.00   89.79
01:14:12     all    0.00    0.03    6.41    0.00    0.00    3.69    0.00    0.00    0.00   89.86
01:14:13     all    0.00    0.03    6.52    0.00    0.00    4.40    0.00    0.00    0.00   89.04
01:14:14     all    0.00    0.03    6.37    0.00    0.00    4.50    0.00    0.00    0.00   89.10
01:14:15     all    0.00    0.03    9.09    0.00    0.00    5.19    0.00    0.00    0.00   85.68
01:14:16     all    0.00    3.10    9.80    0.00    0.00    5.75    0.00    0.00    0.00   81.34
01:14:17     all    0.03    4.46   10.08    0.00    0.00    5.91    0.00    0.00    0.00   79.52
01:14:18     all    0.03    0.32   10.30    0.00    0.00    6.55    0.00    0.00    0.00   82.79
01:14:19     all    0.00    0.16    9.79    0.00    0.00    5.78    0.00    0.00    0.00   84.27
01:14:20     all    0.06    0.29    9.80    0.00    0.00    6.42    0.00    0.00    0.00   83.42
01:14:21     all    0.03    0.16    8.16    0.00    0.00    5.25    0.00    0.00    0.00   86.40
01:14:22     all    0.00    0.26    9.45    0.00    0.00    6.17    0.00    0.00    0.00   84.12
01:14:23     all    0.00    5.22   10.25    0.00    0.00    6.41    0.00    0.00    0.00   78.12
01:14:24     all    0.00    0.29   10.29    0.00    0.00    5.72    0.00    0.00    0.00   83.70
01:14:25     all    0.00    0.29    9.94    0.00    0.00    5.70    0.00    0.00    0.00   84.07
01:14:26     all    0.26    0.13    9.88    0.00    0.00    5.78    0.00    0.00    0.00   83.95
01:14:27     all    0.03    0.26    8.99    0.00    0.00    5.11    0.00    0.00    0.00   85.61
01:14:28     all    0.00    0.26    8.19    0.00    0.00    5.22    0.00    0.00    0.00   86.33
01:14:29     all    0.03    2.62    8.75    0.00    0.00    4.94    0.00    0.00    0.00   83.66
01:14:30     all    0.10    3.99    7.46    0.00    0.00    4.79    0.00    0.00    0.00   83.66
01:14:31     all    0.00    0.26    9.40    0.00    0.00    5.63    0.00    0.00    0.00   84.72
01:14:32     all    0.03    0.16   11.27    0.00    0.00    6.27    0.00    0.00    0.00   82.27
01:14:33     all    0.00    0.49   12.52    0.00    0.00    7.44    0.00    0.00    0.00   79.55
01:14:34     all    0.00    0.49   13.91    0.00    0.00    8.20    0.00    0.00    0.00   77.40
01:14:35     all    0.03    0.72   15.94    0.00    0.00    8.61    0.00    0.00    0.00   74.70
01:14:36     all    0.00    7.72   15.57    0.00    0.00    8.34    0.00    0.00    0.00   68.38
01:14:37     all    0.00    5.14   15.04    0.00    0.00    7.60    0.00    0.00    0.00   72.22
01:14:38     all    0.03    0.49   15.05    0.00    0.00    8.72    0.00    0.00    0.00   75.70
01:14:39     all    0.03   10.39   17.31    0.00    0.00    9.31    0.00    0.00    0.00   62.95
01:14:40     all    0.03    3.70   20.65    0.00    0.00    9.97    0.00    0.00    0.00   65.65
01:14:41     all    0.00    0.95   17.76    0.00    0.00    9.13    0.00    0.00    0.00   72.16
01:14:42     all    0.00    0.66   14.90    0.00    0.00    8.66    0.00    0.00    0.00   75.78
01:14:43     all    0.03    5.30   15.40    0.00    0.00    8.45    0.00    0.00    0.00   70.83
01:14:44     all    0.03    1.49   13.23    0.00    0.00    8.09    0.00    0.00    0.00   77.15
01:14:45     all    0.00    0.68   13.17    0.00    0.00    7.50    0.00    0.00    0.00   78.64
01:14:46     all    0.03    5.09   15.10    0.00    0.00    8.30    0.00    0.00    0.00   71.48
01:14:47     all    0.00    1.70   14.40    0.00    0.00    8.55    0.00    0.00    0.00   75.35
01:14:48     all    0.00    1.03   15.73    0.00    0.00    7.85    0.00    0.00    0.00   75.39
01:14:49     all    0.00    2.58   14.75    0.00    0.00    8.36    0.00    0.00    0.00   74.31
01:14:50     all    0.07    2.92   15.80    0.00    0.00    8.62    0.00    0.00    0.00   72.59
01:14:51     all    0.00    0.69   13.97    0.00    0.00    8.06    0.00    0.00    0.00   77.28
01:14:52     all    0.00    0.68    9.02    0.00    0.00    6.06    0.00    0.00    0.00   84.24
01:14:53     all    0.00    7.91   10.83    0.00    0.00    6.54    0.00    0.00    0.00   74.72
01:14:54     all    0.03    4.44   13.00    0.00    0.00    7.94    0.00    0.00    0.00   74.58
01:14:55     all    0.07    6.08   12.03    0.00    0.00    6.57    0.00    0.00    0.00   75.26
01:14:56     all    0.23    4.52   11.24    0.00    0.00    5.93    0.00    0.00    0.00   78.08
01:14:57     all    0.00    0.58    9.95    0.00    0.00    6.19    0.00    0.00    0.00   83.27
01:14:58     all    0.00    0.58    9.98    0.00    0.00    6.30    0.00    0.00    0.00   83.13
01:14:59     all    0.03    0.62    9.82    0.00    0.00    5.85    0.00    0.00    0.00   83.68
01:15:00     all    0.42    1.22    8.91    0.00    0.00    6.05    0.00    0.00    0.00   83.40
01:15:01     all    0.00    1.60    6.38    0.00    0.00    3.61    0.00    0.00    0.00   88.42
01:15:02     all    0.00    0.55   12.89    0.00    0.00    7.28    0.00    0.00    0.00   79.28
01:15:03     all    0.00    0.52   19.31    0.00    0.00    9.38    0.00    0.00    0.00   70.79
01:15:04     all    0.03    4.82   18.74    0.00    0.00    9.16    0.00    0.00    0.00   67.24
01:15:05     all    0.03    4.58   17.89    0.00    0.00    9.71    0.00    0.00    0.00   67.79
01:15:06     all    0.00    6.84   20.71    0.00    0.00   10.26    0.00    0.00    0.00   62.19
01:15:07     all    0.00    0.78   20.34    0.00    0.00   10.69    0.00    0.00    0.00   68.18
01:15:08     all    0.03    1.17   16.76    0.00    0.00    9.81    0.00    0.00    0.00   72.23
01:15:09     all    0.00    7.67   17.17    0.00    0.00    9.24    0.00    0.00    0.00   65.92
01:15:10     all    0.10    3.56   18.28    0.00    0.00    9.62    0.00    0.00    0.00   68.44
01:15:11     all    0.00    1.42   19.45    0.00    0.00   10.39    0.00    0.00    0.00   68.74
01:15:12     all    0.00    1.55   19.37    0.00    0.00    8.99    0.00    0.00    0.00   70.09
01:15:13     all    0.03    0.58   20.91    0.00    0.00   10.44    0.00    0.00    0.00   68.03
01:15:14     all    0.00    0.91   19.40    0.00    0.00   10.25    0.00    0.00    0.00   69.45
01:15:15     all    0.03    0.75   16.46    0.00    0.00    9.20    0.00    0.00    0.00   73.57
01:15:16     all    0.00   10.17   15.76    0.00    0.00    7.66    0.00    0.00    0.00   66.41
01:15:17     all    0.00    0.59   13.93    0.00    0.00    8.33    0.00    0.00    0.00   77.15
01:15:18     all    0.00    0.19    8.76    0.00    0.00    5.52    0.00    0.00    0.00   85.53
01:15:19     all    0.00    0.26    9.18    0.00    0.00    5.91    0.00    0.00    0.00   84.65
01:15:20     all    0.10    0.16    9.61    0.00    0.00    5.44    0.00    0.00    0.00   84.70
01:15:21     all    0.03    0.29    9.13    0.00    0.00    5.33    0.00    0.00    0.00   85.22
01:15:22     all    0.00    5.30    9.51    0.00    0.00    5.98    0.00    0.00    0.00   79.20
01:15:23     all    0.00    0.16   10.71    0.00    0.00    6.08    0.00    0.00    0.00   83.04
01:15:24     all    0.00    0.29    9.91    0.00    0.00    5.65    0.00    0.00    0.00   84.15
01:15:25     all    0.00    0.19    9.03    0.00    0.00    6.00    0.00    0.00    0.00   84.78
01:15:26     all    0.00    0.29    9.86    0.00    0.00    5.91    0.00    0.00    0.00   83.95
01:15:27     all    0.00    0.16    7.70    0.00    0.00    5.47    0.00    0.00    0.00   86.67
01:15:28     all    0.00    0.00    6.50    0.00    0.00    3.77    0.00    0.00    0.00   89.73
01:15:29     all    0.00    0.19    8.52    0.00    0.00    5.77    0.00    0.00    0.00   85.52
01:15:30     all    0.06    0.29    9.17    0.00    0.00    6.00    0.00    0.00    0.00   84.48
01:15:31     all    0.00    0.16    9.36    0.00    0.00    5.28    0.00    0.00    0.00   85.20
01:15:32     all    0.00    6.62    9.54    0.00    0.00    5.91    0.00    0.00    0.00   77.94
01:15:33     all    0.03    0.16    8.70    0.00    0.00    5.33    0.00    0.00    0.00   85.77
01:15:34     all    0.03    0.16    9.22    0.00    0.00    5.91    0.00    0.00    0.00   84.68
01:15:35     all    0.00    0.32    9.26    0.00    0.00    5.72    0.00    0.00    0.00   84.70
01:15:36     all    0.03    0.29    9.54    0.00    0.00    5.50    0.00    0.00    0.00   84.64
01:15:37     all    0.00    0.19    9.23    0.00    0.00    5.94    0.00    0.00    0.00   84.65
01:15:38     all    0.00    1.38    9.70    0.00    0.00    5.59    0.00    0.00    0.00   83.32
01:15:39     all    0.03    2.92    8.47    0.00    0.00    5.03    0.00    0.00    0.00   83.54
01:15:40     all    0.06    0.29    8.81    0.00    0.00    5.20    0.00    0.00    0.00   85.63
01:15:41     all    0.00    5.19    9.15    0.00    0.00    5.97    0.00    0.00    0.00   79.68
01:15:42     all    0.03    3.21   12.27    0.00    0.00    6.41    0.00    0.00    0.00   78.08
01:15:43     all    0.00    0.29   10.31    0.00    0.00    6.49    0.00    0.00    0.00   82.91
01:15:44     all    0.03    0.03    6.26    0.00    0.00    3.65    0.00    0.00    0.00   90.02
01:15:45     all    0.00    0.06    6.77    0.00    0.00    3.56    0.00    0.00    0.00   89.61
01:15:46     all    0.00    0.06    6.45    0.00    0.00    3.61    0.00    0.00    0.00   89.87
01:15:47     all    0.00    0.06    5.94    0.00    0.00    3.74    0.00    0.00    0.00   90.26
01:15:48     all    0.00    0.06    6.96    0.00    0.00    4.16    0.00    0.00    0.00   88.81
01:15:49     all    0.00    0.03    6.62    0.00    0.00    4.08    0.00    0.00    0.00   89.27
01:15:50     all    0.06    0.06    6.48    0.00    0.00    4.01    0.00    0.00    0.00   89.38
01:15:51     all    0.00    0.03    6.54    0.00    0.00    3.66    0.00    0.00    0.00   89.78
01:15:52     all    0.00    0.03    6.07    0.00    0.00    3.94    0.00    0.00    0.00   89.96
01:15:53     all    0.00    0.03    6.52    0.00    0.00    3.78    0.00    0.00    0.00   89.67
01:15:54     all    0.03    0.06    7.05    0.00    0.00    4.23    0.00    0.00    0.00   88.63
01:15:55     all    0.00    0.03    6.74    0.00    0.00    3.92    0.00    0.00    0.00   89.30
01:15:56     all    0.00    0.03    6.74    0.00    0.00    3.48    0.00    0.00    0.00   89.74
01:15:57     all    0.00    0.03    6.94    0.00    0.00    4.21    0.00    0.00    0.00   88.82
01:15:58     all    0.03    0.03    6.33    0.00    0.00    3.94    0.00    0.00    0.00   89.66
01:15:59     all    0.00    0.03    7.38    0.00    0.00    3.79    0.00    0.00    0.00   88.80
01:16:00     all    0.32    0.03    7.41    0.00    0.00    4.19    0.00    0.00    0.00   88.05
01:16:01     all    0.00    0.07    6.80    0.00    0.00    3.93    0.00    0.00    0.00   89.20
01:16:02     all    0.03    0.03    6.98    0.00    0.00    4.26    0.00    0.00    0.00   88.69
01:16:03     all    0.03    0.06    6.90    0.00    0.00    4.29    0.00    0.00    0.00   88.71
01:16:04     all    0.00    0.06    7.02    0.00    0.00    4.25    0.00    0.00    0.00   88.67
01:16:05     all    0.00    0.03    7.37    0.00    0.00    4.04    0.00    0.00    0.00   88.56
01:16:06     all    0.00    0.03    7.20    0.00    0.00    4.17    0.00    0.00    0.00   88.60
01:16:07     all    0.00    0.03    7.52    0.00    0.00    4.85    0.00    0.00    0.00   87.60
01:16:08     all    0.00    0.06    7.57    0.00    0.00    4.49    0.00    0.00    0.00   87.87
01:16:09     all    0.03    0.03    7.01    0.00    0.00    4.52    0.00    0.00    0.00   88.40
01:16:10     all    0.10    0.03    6.48    0.00    0.00    3.71    0.00    0.00    0.00   89.68
01:16:11     all    0.00    0.06    7.11    0.00    0.00    4.80    0.00    0.00    0.00   88.03
01:16:12     all    0.00    0.06    6.92    0.00    0.00    4.01    0.00    0.00    0.00   89.00
01:16:13     all    0.03    0.03    7.82    0.00    0.00    4.49    0.00    0.00    0.00   87.62
01:16:14     all    0.03    0.10    7.03    0.00    0.00    4.32    0.00    0.00    0.00   88.52
01:16:15     all    0.00    0.03    6.75    0.00    0.00    4.46    0.00    0.00    0.00   88.76
01:16:16     all    0.00    0.03    6.84    0.00    0.00    4.74    0.00    0.00    0.00   88.39
01:16:17     all    0.00    0.03    6.85    0.00    0.00    3.94    0.00    0.00    0.00   89.18
01:16:18     all    0.00    0.03    7.17    0.00    0.00    4.30    0.00    0.00    0.00   88.50
01:16:19     all    0.03    0.00    7.34    0.00    0.00    4.42    0.00    0.00    0.00   88.21
01:16:20     all    0.03    0.06    6.84    0.00    0.00    4.45    0.00    0.00    0.00   88.62
01:16:21     all    0.03    0.00    7.69    0.00    0.00    4.74    0.00    0.00    0.00   87.54
01:16:22     all    0.03    0.06    6.81    0.00    0.00    4.33    0.00    0.00    0.00   88.76
01:16:23     all    0.00    0.03    7.04    0.00    0.00    4.05    0.00    0.00    0.00   88.88
01:16:24     all    0.00    0.03    6.88    0.00    0.00    4.04    0.00    0.00    0.00   89.05
01:16:25     all    0.00    0.06    6.72    0.00    0.00    4.02    0.00    0.00    0.00   89.19
01:16:26     all    0.06    0.00    7.18    0.00    0.00    4.73    0.00    0.00    0.00   88.03
01:16:27     all    0.00    0.03    6.42    0.00    0.00    3.99    0.00    0.00    0.00   89.56
01:16:28     all    0.00    0.03    7.02    0.00    0.00    4.51    0.00    0.00    0.00   88.44
01:16:29     all    0.00    0.00    6.65    0.00    0.00    4.07    0.00    0.00    0.00   89.28
01:16:30     all    0.06    0.06    7.27    0.00    0.00    3.88    0.00    0.00    0.00   88.72
01:16:31     all    0.03    0.00    6.91    0.00    0.00    4.49    0.00    0.00    0.00   88.57
01:16:32     all    0.00    0.06    6.85    0.00    0.00    4.02    0.00    0.00    0.00   89.06
01:16:33     all    0.03    0.03    7.86    0.00    0.00    4.67    0.00    0.00    0.00   87.41
01:16:34     all    0.00    0.03    7.66    0.00    0.00    4.60    0.00    0.00    0.00   87.71
01:16:35     all    0.00    0.00    6.96    0.00    0.00    4.28    0.00    0.00    0.00   88.76
01:16:36     all    0.00    0.06    6.81    0.00    0.00    4.42    0.00    0.00    0.00   88.70
01:16:37     all    0.00    0.03    7.02    0.00    0.00    4.42    0.00    0.00    0.00   88.53
01:16:38     all    0.03    0.03    7.51    0.00    0.00    4.60    0.00    0.00    0.00   87.83
01:16:39     all    0.00    0.06    7.11    0.00    0.00    4.65    0.00    0.00    0.00   88.17
01:16:40     all    0.06    0.06    7.32    0.00    0.00    4.71    0.00    0.00    0.00   87.84
01:16:41     all    0.03    0.00    7.36    0.00    0.00    4.49    0.00    0.00    0.00   88.12
01:16:42     all    0.00    0.06    7.02    0.00    0.00    4.39    0.00    0.00    0.00   88.53
01:16:43     all    0.00    0.06    7.84    0.00    0.00    4.36    0.00    0.00    0.00   87.73
01:16:44     all    0.00    0.03    7.25    0.00    0.00    4.08    0.00    0.00    0.00   88.64
01:16:45     all    0.00    0.00    7.91    0.00    0.00    4.62    0.00    0.00    0.00   87.47
01:16:46     all    0.00    0.03    7.37    0.00    0.00    4.49    0.00    0.00    0.00   88.10
01:16:47     all    0.00    0.06    7.26    0.00    0.00    4.44    0.00    0.00    0.00   88.24
01:16:48     all    0.03    0.03    7.06    0.00    0.00    4.37    0.00    0.00    0.00   88.50
01:16:49     all    0.03    0.03    7.78    0.00    0.00    4.31    0.00    0.00    0.00   87.85
01:16:50     all    0.06    0.06    7.33    0.00    0.00    4.14    0.00    0.00    0.00   88.40
01:16:51     all    0.03    0.03    7.66    0.00    0.00    4.57    0.00    0.00    0.00   87.70
01:16:52     all    0.00    0.03    7.78    0.00    0.00    4.47    0.00    0.00    0.00   87.71
01:16:53     all    0.00    0.06    8.17    0.00    0.00    4.70    0.00    0.00    0.00   87.07
01:16:54     all    0.03    0.06    6.88    0.00    0.00    4.23    0.00    0.00    0.00   88.80
01:16:55     all    0.00    0.03    7.34    0.00    0.00    3.95    0.00    0.00    0.00   88.68
01:16:56     all    0.00    0.03    7.51    0.00    0.00    4.67    0.00    0.00    0.00   87.78
01:16:57     all    0.03    0.00    7.19    0.00    0.00    4.28    0.00    0.00    0.00   88.50
01:16:58     all    0.00    0.03    7.83    0.00    0.00    5.07    0.00    0.00    0.00   87.07
01:16:59     all    0.00    0.03    6.67    0.00    0.00    4.34    0.00    0.00    0.00   88.95
01:17:00     all    0.42    0.03    7.67    0.00    0.00    4.57    0.00    0.00    0.00   87.31
01:17:01     all    0.00    0.03    7.08    0.00    0.00    4.48    0.00    0.00    0.00   88.41
01:17:02     all    0.00    0.06    6.50    0.00    0.00    4.69    0.00    0.00    0.00   88.75
01:17:03     all    0.03    0.06    6.89    0.00    0.00    4.41    0.00    0.00    0.00   88.60
01:17:04     all    0.03    0.00    6.42    0.00    0.00    4.39    0.00    0.00    0.00   89.16
01:17:05     all    0.00    0.06    6.79    0.00    0.00    4.40    0.00    0.00    0.00   88.75
01:17:06     all    0.19    0.03    7.27    0.00    0.00    4.95    0.00    0.00    0.00   87.55
01:17:07     all    0.00    0.03    7.60    0.00    0.00    4.19    0.00    0.00    0.00   88.18
01:17:08     all    0.00    0.03    7.15    0.00    0.00    4.24    0.00    0.00    0.00   88.58
01:17:09     all    0.00    0.03    6.87    0.00    0.00    4.18    0.00    0.00    0.00   88.92
01:17:10     all    0.10    0.03    7.32    0.00    0.00    3.95    0.00    0.00    0.00   88.60
01:17:11     all    0.00    0.06    7.11    0.00    0.00    4.30    0.00    0.00    0.00   88.53
01:17:12     all    0.03    0.03    6.55    0.00    0.00    3.96    0.00    0.00    0.00   89.42
01:17:13     all    0.03    0.06    5.73    0.00    0.00    3.17    0.00    0.00    0.00   91.00
01:17:14     all    0.00    0.16    7.51    0.00    0.00    4.53    0.00    0.00    0.00   87.80
01:17:15     all    0.00    0.29    8.22    0.00    0.00    5.81    0.00    0.00    0.00   85.67
01:17:16     all    0.03    0.39    8.52    0.00    0.00    5.06    0.00    0.00    0.00   86.00
01:17:17     all    0.00    3.68    8.13    0.00    0.00    5.23    0.00    0.00    0.00   82.96
01:17:18     all    0.00    0.39    7.63    0.00    0.00    5.01    0.00    0.00    0.00   86.96
01:17:19     all    0.00    0.29    7.26    0.00    0.00    4.92    0.00    0.00    0.00   87.53
01:17:20     all    0.06    0.26    7.26    0.00    0.00    4.31    0.00    0.00    0.00   88.11
01:17:21     all    0.03    5.29    6.77    0.00    0.00    5.29    0.00    0.00    0.00   82.62
01:17:22     all    0.00    0.35    8.20    0.00    0.00    5.53    0.00    0.00    0.00   85.92
01:17:23     all    0.00    0.29    7.26    0.00    0.00    4.84    0.00    0.00    0.00   87.62
01:17:24     all    0.00    0.22    6.63    0.00    0.00    4.42    0.00    0.00    0.00   88.73
01:17:25     all    0.00    0.29    5.84    0.00    0.00    4.00    0.00    0.00    0.00   89.87
01:17:26     all    0.03    0.39    6.30    0.00    0.00    3.85    0.00    0.00    0.00   89.43
01:17:27     all    0.03    1.69    6.42    0.00    0.00    4.03    0.00    0.00    0.00   87.82
01:17:28     all    0.00    6.01    9.80    0.00    0.00    5.69    0.00    0.00    0.00   78.50
01:17:29     all    0.00    0.39   10.07    0.00    0.00    6.23    0.00    0.00    0.00   83.31
01:17:30     all    0.06    0.32    7.67    0.00    0.00    5.39    0.00    0.00    0.00   86.55
01:17:31     all    0.03    0.26    6.10    0.00    0.00    4.00    0.00    0.00    0.00   89.61
01:17:32     all    0.00    0.26    5.90    0.00    0.00    3.85    0.00    0.00    0.00   89.99
01:17:33     all    0.03    0.29    5.51    0.00    0.00    3.09    0.00    0.00    0.00   91.08
01:17:34     all    0.00    0.46    8.22    0.00    0.00    4.79    0.00    0.00    0.00   86.53
01:17:35     all    0.03    1.36    9.08    0.00    0.00    4.98    0.00    0.00    0.00   84.55
01:17:36     all    0.03    4.39   12.69    0.00    0.00    7.64    0.00    0.00    0.00   75.25
01:17:37     all    0.00    4.23   13.75    0.00    0.00    8.19    0.00    0.00    0.00   73.83
01:17:38     all    0.00    4.54   12.51    0.00    0.00    7.38    0.00    0.00    0.00   75.57
01:17:39     all    0.03    1.01   11.36    0.00    0.00    6.45    0.00    0.00    0.00   81.15
01:17:40     all    0.06    6.10    9.96    0.00    0.00    6.13    0.00    0.00    0.00   77.74
01:17:41     all    0.03    3.96    9.72    0.00    0.00    6.21    0.00    0.00    0.00   80.07
01:17:42     all    0.00    0.84   11.41    0.00    0.00    6.22    0.00    0.00    0.00   81.53
01:17:43     all    0.03    5.91   10.65    0.00    0.00    6.01    0.00    0.00    0.00   77.40
01:17:44     all    0.03    8.32   12.20    0.00    0.00    6.98    0.00    0.00    0.00   72.47
01:17:45     all    0.03    0.75   12.40    0.00    0.00    7.34    0.00    0.00    0.00   79.48
01:17:46     all    0.00    1.03   10.89    0.00    0.00    6.49    0.00    0.00    0.00   81.59
01:17:47     all    0.00    0.94    9.63    0.00    0.00    6.01    0.00    0.00    0.00   83.41
01:17:48     all    0.00    1.01    9.25    0.00    0.00    5.06    0.00    0.00    0.00   84.68
01:17:49     all    0.00    0.91    8.53    0.00    0.00    4.95    0.00    0.00    0.00   85.62
01:17:50     all    0.06    3.74   10.48    0.00    0.00    6.26    0.00    0.00    0.00   79.46
01:17:51     all    0.00    7.56   14.06    0.00    0.00    7.79    0.00    0.00    0.00   70.58
01:17:52     all    0.03    7.89   16.87    0.00    0.00    8.65    0.00    0.00    0.00   66.56
01:17:53     all    0.00    0.69   16.19    0.00    0.00    8.57    0.00    0.00    0.00   74.56
01:17:54     all    0.00    8.11   14.09    0.00    0.00    7.52    0.00    0.00    0.00   70.28
01:17:55     all    0.00    1.16   11.39    0.00    0.00    7.09    0.00    0.00    0.00   80.36
01:17:56     all    0.00    0.83   10.98    0.00    0.00    6.71    0.00    0.00    0.00   81.48
01:17:57     all    0.00    7.99   11.09    0.00    0.00    6.74    0.00    0.00    0.00   74.18
01:17:58     all    0.03    1.62   11.22    0.00    0.00    6.85    0.00    0.00    0.00   80.28
01:17:59     all    0.00    0.94   10.78    0.00    0.00    6.38    0.00    0.00    0.00   81.90
01:18:00     all    0.42    2.82   10.35    0.00    0.00    6.36    0.00    0.00    0.00   80.04
01:18:01     all    0.03    2.85   12.40    0.00    0.00    6.96    0.00    0.00    0.00   77.75
01:18:02     all    0.00    1.07   11.84    0.00    0.00    6.78    0.00    0.00    0.00   80.30
01:18:03     all    0.03    0.68   14.81    0.00    0.00    8.04    0.00    0.00    0.00   76.43
01:18:04     all    0.00    6.05   16.93    0.00    0.00    8.95    0.00    0.00    0.00   68.07
01:18:05     all    0.03    9.48   17.46    0.00    0.00    9.29    0.00    0.00    0.00   63.73
01:18:06     all    0.00    6.15   17.69    0.00    0.00    9.42    0.00    0.00    0.00   66.74
01:18:07     all    0.00    0.91   18.62    0.00    0.00    9.91    0.00    0.00    0.00   70.56
01:18:08     all    0.00    4.20   18.42    0.00    0.00   10.05    0.00    0.00    0.00   67.32
01:18:09     all    0.00   11.36   18.59    0.00    0.00    9.10    0.00    0.00    0.00   60.95
01:18:10     all    0.06    6.88   17.42    0.00    0.00   10.31    0.00    0.00    0.00   65.32
01:18:11     all    0.03    1.11   18.08    0.00    0.00    9.35    0.00    0.00    0.00   71.43
01:18:12     all    0.00    0.89   16.29    0.00    0.00    9.25    0.00    0.00    0.00   73.57
01:18:13     all    0.03    6.09   16.76    0.00    0.00    9.08    0.00    0.00    0.00   68.03
01:18:14     all    0.03    1.05   16.69    0.00    0.00    9.56    0.00    0.00    0.00   72.67
01:18:15     all    0.00    1.53   15.27    0.00    0.00    8.88    0.00    0.00    0.00   74.31
01:18:16     all    0.03    4.17   17.58    0.00    0.00    8.53    0.00    0.00    0.00   69.68
01:18:17     all    0.00    1.31   16.21    0.00    0.00    8.04    0.00    0.00    0.00   74.44
01:18:18     all    0.00    1.14   15.29    0.00    0.00    8.36    0.00    0.00    0.00   75.21
01:18:19     all    0.00    2.48   14.79    0.00    0.00    8.31    0.00    0.00    0.00   74.43
01:18:20     all    0.03   20.84   20.35    0.00    0.00    8.68    0.00    0.00    0.00   50.10
01:18:21     all    0.03    4.71   23.42    0.00    0.00    9.45    0.00    0.00    0.00   62.38
01:18:22     all    0.00    1.14   22.05    0.00    0.00   10.26    0.00    0.00    0.00   66.56
01:18:23     all    0.00    0.84   18.57    0.00    0.00    9.88    0.00    0.00    0.00   70.70
01:18:24     all    0.00    1.25   15.82    0.00    0.00    8.70    0.00    0.00    0.00   74.23
01:18:25     all    0.03   10.13   15.60    0.00    0.00    8.88    0.00    0.00    0.00   65.36
01:18:26     all    0.00    8.84   16.19    0.00    0.00    8.22    0.00    0.00    0.00   66.74
01:18:27     all    0.00    1.17   17.12    0.00    0.00    9.34    0.00    0.00    0.00   72.36
01:18:28     all    0.03    3.02   17.17    0.00    0.00    8.75    0.00    0.00    0.00   71.03
01:18:29     all    0.00    2.75   20.32    0.00    0.00    9.95    0.00    0.00    0.00   66.99
01:18:30     all    0.07    1.01   19.06    0.00    0.00    9.91    0.00    0.00    0.00   69.95
01:18:31     all    0.03    3.60   16.85    0.00    0.00    9.52    0.00    0.00    0.00   70.00
01:18:32     all    0.00    2.33   17.18    0.00    0.00    9.06    0.00    0.00    0.00   71.43
01:18:33     all    0.03    8.13   19.25    0.00    0.00    9.63    0.00    0.00    0.00   62.96
01:18:34     all    0.03    1.65   18.53    0.00    0.00    9.36    0.00    0.00    0.00   70.42
01:18:35     all    0.00    0.97   17.53    0.00    0.00   10.01    0.00    0.00    0.00   71.50
01:18:36     all    0.03    8.85   19.74    0.00    0.00   10.01    0.00    0.00    0.00   61.37
01:18:37     all    0.00    9.73   21.46    0.00    0.00    9.92    0.00    0.00    0.00   58.89
01:18:38     all    0.03    1.17   20.60    0.00    0.00   10.82    0.00    0.00    0.00   67.39
01:18:39     all    0.03    1.17   18.99    0.00    0.00   10.73    0.00    0.00    0.00   69.08
01:18:40     all    0.10    0.78   18.74    0.00    0.00    9.25    0.00    0.00    0.00   71.13
01:18:41     all    0.00    3.07   17.64    0.00    0.00    9.54    0.00    0.00    0.00   69.76
01:18:42     all    0.00    8.23   17.89    0.00    0.00    9.85    0.00    0.00    0.00   64.02
01:18:43     all    0.03    7.86   18.75    0.00    0.00    9.91    0.00    0.00    0.00   63.44
01:18:44     all    0.00    3.59   20.66    0.00    0.00    9.99    0.00    0.00    0.00   65.76
01:18:45     all    0.03    2.03   20.83    0.00    0.00    9.80    0.00    0.00    0.00   67.31
01:18:46     all    0.03    0.94   19.02    0.00    0.00    9.85    0.00    0.00    0.00   70.17
01:18:47     all    0.00    0.94   17.88    0.00    0.00    9.38    0.00    0.00    0.00   71.80
01:18:48     all    0.00    7.84   19.09    0.00    0.00    9.69    0.00    0.00    0.00   63.38
01:18:49     all    0.03    5.29   19.74    0.00    0.00    9.42    0.00    0.00    0.00   65.52
01:18:50     all    0.03    0.98   18.40    0.00    0.00   10.53    0.00    0.00    0.00   70.06
01:18:51     all    0.00    3.68   19.36    0.00    0.00    9.60    0.00    0.00    0.00   67.37
01:18:52     all    0.03    2.03   19.23    0.00    0.00   10.04    0.00    0.00    0.00   68.67
01:18:53     all    0.10    3.87   20.86    0.00    0.00   10.93    0.00    0.00    0.00   64.24
01:18:54     all    0.00    8.50   21.04    0.00    0.00    9.74    0.00    0.00    0.00   60.73
01:18:55     all    0.00    4.26   23.61    0.00    0.00   10.92    0.00    0.00    0.00   61.21
01:18:56     all    0.03    8.44   21.75    0.00    0.00   10.54    0.00    0.00    0.00   59.24
01:18:57     all    0.00    4.18   20.27    0.00    0.00   10.04    0.00    0.00    0.00   65.51
01:18:58     all    0.00    6.08   21.31    0.00    0.00   10.64    0.00    0.00    0.00   61.98
01:18:59     all    0.03    3.40   21.77    0.00    0.00   10.68    0.00    0.00    0.00   64.12
01:19:00     all    0.32    2.03   20.56    0.00    0.00    9.06    0.00    0.00    0.00   68.03
01:19:01     all    0.00    0.71   21.17    0.00    0.00   10.16    0.00    0.00    0.00   67.96
01:19:02     all    0.03    1.21   22.07    0.00    0.00    9.97    0.00    0.00    0.00   66.72
01:19:03     all    0.06    2.24   21.47    0.00    0.00   10.48    0.00    0.00    0.00   65.75
01:19:04     all    0.00    9.41   20.59    0.00    0.00   10.04    0.00    0.00    0.00   59.95
01:19:05     all    0.03    1.17   23.65    0.00    0.00   10.40    0.00    0.00    0.00   64.75
01:19:06     all    0.03    1.10   23.28    0.00    0.00   10.17    0.00    0.00    0.00   65.42
01:19:07     all    0.00    0.68   17.55    0.00    0.00    9.88    0.00    0.00    0.00   71.89
01:19:08     all    0.03    0.69   17.19    0.00    0.00    9.43    0.00    0.00    0.00   72.66
01:19:09     all    0.00    4.19   18.28    0.00    0.00    9.94    0.00    0.00    0.00   67.60
01:19:10     all    0.07    9.02   18.92    0.00    0.00    8.47    0.00    0.00    0.00   63.53
01:19:11     all    0.00    3.55   17.49    0.00    0.00    8.79    0.00    0.00    0.00   70.17
01:19:12     all    0.00    0.81   17.17    0.00    0.00    9.99    0.00    0.00    0.00   72.04
01:19:13     all    0.03    0.72   17.68    0.00    0.00    9.17    0.00    0.00    0.00   72.40
01:19:14     all    0.00    0.39   17.58    0.00    0.00    9.88    0.00    0.00    0.00   72.15
01:19:15     all    0.00    3.44   20.21    0.00    0.00    9.55    0.00    0.00    0.00   66.79
01:19:16     all    0.23    2.00   20.30    0.00    0.00    9.53    0.00    0.00    0.00   67.94
01:19:17     all    0.03    1.01   18.95    0.00    0.00    9.72    0.00    0.00    0.00   70.30
01:19:18     all    0.00    0.78   19.21    0.00    0.00    9.59    0.00    0.00    0.00   70.42
01:19:19     all    0.00    0.75   19.28    0.00    0.00   10.17    0.00    0.00    0.00   69.80
01:19:20     all    0.07    3.80   17.59    0.00    0.00    9.27    0.00    0.00    0.00   69.28
01:19:21     all    0.03    5.48   16.40    0.00    0.00    8.74    0.00    0.00    0.00   69.35
01:19:22     all    0.00    4.63   16.74    0.00    0.00    9.09    0.00    0.00    0.00   69.54
01:19:23     all    0.03    6.70   20.23    0.00    0.00    9.72    0.00    0.00    0.00   63.32
01:19:24     all    0.00    3.31   21.32    0.00    0.00    9.22    0.00    0.00    0.00   66.15
01:19:25     all    0.03    0.69   17.94    0.00    0.00    8.84    0.00    0.00    0.00   72.50
01:19:26     all    0.00    0.62   17.23    0.00    0.00    8.50    0.00    0.00    0.00   73.65
01:19:27     all    0.00    0.59   17.30    0.00    0.00    8.63    0.00    0.00    0.00   73.48
01:19:28     all    0.00    0.81   18.94    0.00    0.00    9.00    0.00    0.00    0.00   71.25
01:19:29     all    0.03    0.68   17.70    0.00    0.00    8.92    0.00    0.00    0.00   72.67
01:19:30     all    0.06    7.63   18.01    0.00    0.00    9.70    0.00    0.00    0.00   64.59
01:19:31     all    0.03    3.18   19.04    0.00    0.00    9.91    0.00    0.00    0.00   67.84
01:19:32     all    0.03    3.40   19.16    0.00    0.00    9.52    0.00    0.00    0.00   67.89
01:19:33     all    0.00    0.75   16.28    0.00    0.00    9.08    0.00    0.00    0.00   73.89
01:19:34     all    0.03    0.71   18.33    0.00    0.00    9.55    0.00    0.00    0.00   71.37
01:19:35     all    0.00    3.65   18.47    0.00    0.00    9.22    0.00    0.00    0.00   68.66
01:19:36     all    0.00    9.84   17.18    0.00    0.00    8.21    0.00    0.00    0.00   64.77
01:19:37     all    0.03    7.58   15.56    0.00    0.00    8.46    0.00    0.00    0.00   68.36
01:19:38     all    0.00    1.26   13.46    0.00    0.00    7.49    0.00    0.00    0.00   77.79
01:19:39     all    0.00    0.49   10.96    0.00    0.00    7.06    0.00    0.00    0.00   81.50
01:19:40     all    0.06    0.32    9.98    0.00    0.00    5.88    0.00    0.00    0.00   83.75
01:19:41     all    0.03    0.32    8.66    0.00    0.00    5.43    0.00    0.00    0.00   85.55
01:19:42     all    0.00    0.19    8.50    0.00    0.00    5.38    0.00    0.00    0.00   85.93
01:19:43     all    0.06    0.16    8.45    0.00    0.00    4.95    0.00    0.00    0.00   86.37
01:19:44     all    0.00    0.29    8.54    0.00    0.00    5.13    0.00    0.00    0.00   86.03
01:19:45     all    0.00    0.19    7.62    0.00    0.00    4.89    0.00    0.00    0.00   87.30
01:19:46     all    0.03    0.32    8.84    0.00    0.00    5.54    0.00    0.00    0.00   85.26
01:19:47     all    0.03    0.16    8.20    0.00    0.00    5.07    0.00    0.00    0.00   86.54
01:19:48     all    0.00    3.03   10.23    0.00    0.00    5.61    0.00    0.00    0.00   81.13
01:19:49     all    0.03    1.24    9.72    0.00    0.00    5.53    0.00    0.00    0.00   83.49
01:19:50     all    0.03    0.29    9.61    0.00    0.00    6.18    0.00    0.00    0.00   83.89
01:19:51     all    0.00    0.32    8.80    0.00    0.00    5.61    0.00    0.00    0.00   85.26
01:19:52     all    0.03    0.19    8.09    0.00    0.00    5.17    0.00    0.00    0.00   86.51
01:19:53     all    0.00    0.16    7.45    0.00    0.00    4.89    0.00    0.00    0.00   87.49
01:19:54     all    0.00    7.02    8.37    0.00    0.00    5.27    0.00    0.00    0.00   79.34
01:19:55     all    0.03    1.51    8.34    0.00    0.00    5.64    0.00    0.00    0.00   84.48
01:19:56     all    0.00    0.06    8.09    0.00    0.00    5.17    0.00    0.00    0.00   86.68
01:19:57     all    0.00    0.19    8.51    0.00    0.00    4.87    0.00    0.00    0.00   86.43
01:19:58     all    0.00    0.16    7.95    0.00    0.00    5.21    0.00    0.00    0.00   86.68
01:19:59     all    0.00    0.23    7.33    0.00    0.00    4.97    0.00    0.00    0.00   87.47
01:20:00     all    0.45    0.03    6.68    0.00    0.00    3.76    0.00    0.00    0.00   89.08
01:20:01     all    0.00    0.03    5.56    0.00    0.00    3.31    0.00    0.00    0.00   91.10
01:20:02     all    0.00    0.06    5.66    0.00    0.00    3.73    0.00    0.00    0.00   90.55
01:20:03     all    0.03    0.06    5.87    0.00    0.00    3.71    0.00    0.00    0.00   90.33
01:20:04     all    0.03    0.06    5.82    0.00    0.00    3.57    0.00    0.00    0.00   90.51
01:20:05     all    0.00    0.00    5.50    0.00    0.00    3.14    0.00    0.00    0.00   91.36
01:20:06     all    0.00    0.06    5.33    0.00    0.00    4.00    0.00    0.00    0.00   90.60
01:20:07     all    0.00    0.03    6.59    0.00    0.00    4.21    0.00    0.00    0.00   89.17
01:20:08     all    0.00    0.03    6.20    0.00    0.00    3.63    0.00    0.00    0.00   90.13
01:20:09     all    0.00    0.03    5.55    0.00    0.00    3.29    0.00    0.00    0.00   91.12
01:20:10     all    0.10    0.06    6.26    0.00    0.00    3.65    0.00    0.00    0.00   89.93
01:20:11     all    0.00    0.03    6.00    0.00    0.00    3.71    0.00    0.00    0.00   90.25
01:20:12     all    0.03    0.06    5.84    0.00    0.00    3.65    0.00    0.00    0.00   90.41
01:20:13     all    0.03    0.06    6.21    0.00    0.00    3.20    0.00    0.00    0.00   90.49
01:20:14     all    0.00    0.03    6.03    0.00    0.00    3.64    0.00    0.00    0.00   90.30
01:20:15     all    0.00    0.03    6.80    0.00    0.00    3.90    0.00    0.00    0.00   89.28
01:20:16     all    0.00    0.03    6.07    0.00    0.00    3.84    0.00    0.00    0.00   90.06
01:20:17     all    0.00    0.03    6.22    0.00    0.00    3.80    0.00    0.00    0.00   89.94
01:20:18     all    0.00    0.06    5.75    0.00    0.00    3.84    0.00    0.00    0.00   90.35
01:20:19     all    0.00    0.00    5.55    0.00    0.00    3.14    0.00    0.00    0.00   91.31
01:20:20     all    0.03    0.06    5.12    0.00    0.00    2.88    0.00    0.00    0.00   91.90
01:20:21     all    0.00    0.03    5.19    0.00    0.00    3.00    0.00    0.00    0.00   91.78
01:20:22     all    0.00    0.03    4.99    0.00    0.00    2.91    0.00    0.00    0.00   92.07

Average:     all    0.03    1.00    9.96    0.00    0.00    4.79    0.00    0.00    0.00   84.22
