Linux 4.20.0+ (eternitystorage) 	01/14/24 	_x86_64_	(32 CPU)

03:42:22     CPU    %usr   %nice    %sys %iowait    %irq   %soft  %steal  %guest  %gnice   %idle
03:42:23     all    0.00    0.00    1.31    0.00    0.00    0.06    0.00    0.00    0.00   98.62
03:42:24     all    0.00    0.00    1.32    0.00    0.00    0.03    0.00    0.00    0.00   98.65
03:42:25     all    0.00    0.00    1.44    0.00    0.00    0.03    0.00    0.00    0.00   98.53
03:42:26     all    0.00    0.00    1.29    0.00    0.00    0.00    0.00    0.00    0.00   98.71
03:42:27     all    0.03    0.00    1.31    0.00    0.00    0.03    0.00    0.00    0.00   98.62
03:42:28     all    0.00    0.00    1.22    0.00    0.00    0.03    0.00    0.00    0.00   98.75
03:42:29     all    0.00    0.00    1.28    0.00    0.00    0.03    0.00    0.00    0.00   98.68
03:42:30     all    0.09    0.00    1.22    0.00    0.00    0.00    0.00    0.00    0.00   98.68
03:42:31     all    0.00    0.00    1.19    0.00    0.00    0.03    0.00    0.00    0.00   98.78
03:42:32     all    0.00    0.00    1.19    0.00    0.00    0.03    0.00    0.00    0.00   98.78
03:42:33     all    0.00    0.00    1.32    0.00    0.00    0.03    0.00    0.00    0.00   98.65
03:42:34     all    0.00    0.00    1.28    0.00    0.00    0.03    0.00    0.00    0.00   98.68
03:42:35     all    0.03    0.00    1.19    0.00    0.00    0.00    0.00    0.00    0.00   98.78
03:42:36     all    0.00    0.00    1.25    0.00    0.00    0.03    0.00    0.00    0.00   98.71
03:42:37     all    0.03    0.00    1.28    0.00    0.00    0.03    0.00    0.00    0.00   98.65
03:42:38     all    0.00    0.00    1.19    0.00    0.00    0.00    0.00    0.00    0.00   98.81
03:42:39     all    0.00    0.00    1.19    0.00    0.00    0.03    0.00    0.00    0.00   98.78
03:42:40     all    0.06    0.00    1.26    0.00    0.00    0.00    0.00    0.00    0.00   98.68
03:42:41     all    0.31    0.00    1.16    0.00    0.00    0.03    0.00    0.00    0.00   98.49
03:42:42     all    0.00    0.00    1.38    0.00    0.00    0.03    0.00    0.00    0.00   98.59
03:42:43     all    0.00    0.00    1.35    0.00    0.00    0.00    0.00    0.00    0.00   98.65
03:42:44     all    0.00    0.00    1.13    0.00    0.00    0.06    0.00    0.00    0.00   98.81
03:42:45     all    0.00    0.00    1.32    0.00    0.00    0.00    0.00    0.00    0.00   98.68
03:42:46     all    0.03    0.00    1.25    0.00    0.00    0.03    0.00    0.00    0.00   98.69
03:42:47     all    0.03    0.00    1.13    0.00    0.00    0.03    0.00    0.00    0.00   98.81
03:42:48     all    0.00    0.00    1.22    0.00    0.00    0.03    0.00    0.00    0.00   98.75
03:42:49     all    0.00    0.00    1.22    0.00    0.00    0.03    0.00    0.00    0.00   98.75
03:42:50     all    0.06    0.00    1.32    0.00    0.00    0.00    0.00    0.00    0.00   98.62
03:42:51     all    0.00    0.00    1.19    0.00    0.00    0.03    0.00    0.00    0.00   98.78
03:42:52     all    0.00    0.00    1.19    0.00    0.00    0.03    0.00    0.00    0.00   98.78
03:42:53     all    0.00    0.00    0.97    0.00    0.00    0.00    0.00    0.00    0.00   99.03
03:42:54     all    0.00    0.00    1.41    0.00    0.00    0.06    0.00    0.00    0.00   98.53
03:42:55     all    0.00    0.00    1.25    0.00    0.00    0.03    0.00    0.00    0.00   98.71
03:42:56     all    0.00    0.00    1.13    0.00    0.00    0.03    0.00    0.00    0.00   98.84
03:42:57     all    0.03    0.00    1.16    0.00    0.00    0.09    0.00    0.00    0.00   98.71
03:42:58     all    0.00    0.00    1.19    0.00    0.00    0.03    0.00    0.00    0.00   98.78
03:42:59     all    0.00    0.00    1.16    0.00    0.00    0.03    0.00    0.00    0.00   98.81
03:43:00     all    0.34    0.00    1.38    0.00    0.00    0.06    0.00    0.00    0.00   98.21
03:43:01     all    0.00    0.00    1.25    0.00    0.00    0.00    0.00    0.00    0.00   98.75
03:43:02     all    0.00    0.00    1.29    0.00    0.00    0.03    0.00    0.00    0.00   98.68
03:43:03     all    0.00    0.00    1.28    0.00    0.00    0.06    0.00    0.00    0.00   98.65
03:43:04     all    0.00    0.00    1.38    0.00    0.00    0.03    0.00    0.00    0.00   98.59
03:43:05     all    0.00    0.00    1.19    0.00    0.00    0.03    0.00    0.00    0.00   98.78
03:43:06     all    0.00    0.00    1.10    0.00    0.00    0.00    0.00    0.00    0.00   98.90
03:43:07     all    0.06    0.00    1.16    0.00    0.00    0.06    0.00    0.00    0.00   98.71
03:43:08     all    0.00    0.00    1.28    0.00    0.00    0.03    0.00    0.00    0.00   98.68
03:43:09     all    0.00    0.00    1.16    0.00    0.00    0.03    0.00    0.00    0.00   98.81
03:43:10     all    0.09    0.00    1.41    0.00    0.00    0.03    0.00    0.00    0.00   98.47
03:43:11     all    0.00    0.00    1.22    0.00    0.00    0.03    0.00    0.00    0.00   98.75
03:43:12     all    0.00    0.00    1.13    0.00    0.00    0.06    0.00    0.00    0.00   98.81
03:43:13     all    0.00    0.00    1.25    0.00    0.00    0.03    0.00    0.00    0.00   98.71
03:43:14     all    0.00    0.00    1.38    0.00    0.00    0.03    0.00    0.00    0.00   98.59
03:43:15     all    0.00    0.00    1.10    0.00    0.00    0.06    0.00    0.00    0.00   98.84
03:43:16     all    0.00    0.00    1.29    0.00    0.00    0.00    0.00    0.00    0.00   98.71
03:43:17     all    0.03    0.00    1.38    0.00    0.00    0.03    0.00    0.00    0.00   98.56
03:43:18     all    0.00    0.00    1.25    0.00    0.00    0.03    0.00    0.00    0.00   98.71
03:43:19     all    0.00    0.00    1.25    0.00    0.00    0.06    0.00    0.00    0.00   98.68
03:43:20     all    0.06    0.00    1.26    0.00    0.00    0.00    0.00    0.00    0.00   98.68
03:43:21     all    0.00    0.00    1.19    0.00    0.00    0.06    0.00    0.00    0.00   98.75
03:43:22     all    0.00    0.00    1.29    0.00    0.00    0.00    0.00    0.00    0.00   98.71
03:43:23     all    0.00    0.00    1.44    0.00    0.00    0.03    0.00    0.00    0.00   98.53
03:43:24     all    0.00    0.00    1.19    0.00    0.00    0.00    0.00    0.00    0.00   98.81
03:43:25     all    0.00    0.00    1.50    0.00    0.00    0.03    0.00    0.00    0.00   98.47
03:43:26     all    0.00    0.00    1.44    0.00    0.00    0.03    0.00    0.00    0.00   98.53
03:43:27     all    0.03    0.00    1.16    0.00    0.00    0.00    0.00    0.00    0.00   98.81
03:43:28     all    0.00    0.00    1.19    0.00    0.00    0.03    0.00    0.00    0.00   98.78
03:43:29     all    0.00    0.00    1.19    0.00    0.00    0.03    0.00    0.00    0.00   98.78
03:43:30     all    0.06    0.00    1.16    0.00    0.00    0.03    0.00    0.00    0.00   98.74
03:43:31     all    0.00    0.00    1.28    0.00    0.00    0.03    0.00    0.00    0.00   98.68
03:43:32     all    0.00    0.00    1.16    0.00    0.00    0.00    0.00    0.00    0.00   98.84
03:43:33     all    0.00    0.00    1.19    0.00    0.00    0.06    0.00    0.00    0.00   98.75
03:43:34     all    0.00    0.00    1.16    0.00    0.00    0.03    0.00    0.00    0.00   98.81
03:43:35     all    0.03    0.00    1.32    0.00    0.00    0.03    0.00    0.00    0.00   98.62
03:43:36     all    0.00    0.00    1.19    0.00    0.00    0.03    0.00    0.00    0.00   98.78
03:43:37     all    0.03    0.00    1.19    0.00    0.00    0.03    0.00    0.00    0.00   98.74
03:43:38     all    0.00    0.00    1.32    0.00    0.00    0.06    0.00    0.00    0.00   98.62
03:43:39     all    0.00    0.00    1.50    0.00    0.00    0.03    0.00    0.00    0.00   98.47
03:43:40     all    0.09    0.00    1.38    0.00    0.00    0.03    0.00    0.00    0.00   98.50
03:43:41     all    0.00    0.00    1.07    0.00    0.00    0.03    0.00    0.00    0.00   98.90
03:43:42     all    0.00    0.00    0.85    0.00    0.00    0.03    0.00    0.00    0.00   99.12
03:43:43     all    0.00    0.00    1.22    0.00    0.00    0.03    0.00    0.00    0.00   98.75
03:43:44     all    0.00    0.00    1.25    0.00    0.00    0.03    0.00    0.00    0.00   98.71
03:43:45     all    0.00    0.00    1.22    0.00    0.00    0.03    0.00    0.00    0.00   98.75
03:43:46     all    0.00    0.00    1.16    0.00    0.00    0.03    0.00    0.00    0.00   98.81
03:43:47     all    0.00    0.00    1.07    0.00    0.00    0.03    0.00    0.00    0.00   98.90
03:43:48     all    0.00    0.00    1.19    0.00    0.00    0.00    0.00    0.00    0.00   98.81
03:43:49     all    0.00    0.00    1.19    0.00    0.00    0.06    0.00    0.00    0.00   98.75
03:43:50     all    0.09    0.00    1.41    0.00    0.00    0.03    0.00    0.00    0.00   98.47
03:43:51     all    0.00    0.00    1.10    0.00    0.00    0.00    0.00    0.00    0.00   98.90
03:43:52     all    0.00    0.00    1.28    0.00    0.00    0.03    0.00    0.00    0.00   98.68
03:43:53     all    0.00    0.00    1.28    0.00    0.00    0.06    0.00    0.00    0.00   98.65
03:43:54     all    0.00    0.00    1.13    0.00    0.00    0.00    0.00    0.00    0.00   98.87
03:43:55     all    0.00    0.00    1.32    0.00    0.00    0.00    0.00    0.00    0.00   98.68
03:43:56     all    0.00    0.00    1.25    0.00    0.00    0.06    0.00    0.00    0.00   98.68
03:43:57     all    0.03    0.00    1.32    0.00    0.00    0.03    0.00    0.00    0.00   98.62
03:43:58     all    0.00    0.00    1.38    0.00    0.00    0.03    0.00    0.00    0.00   98.59
03:43:59     all    0.00    0.00    1.16    0.00    0.00    0.03    0.00    0.00    0.00   98.81
03:44:00     all    0.41    0.00    1.44    0.00    0.00    0.03    0.00    0.00    0.00   98.12
03:44:01     all    0.00    0.00    1.22    0.00    0.00    0.00    0.00    0.00    0.00   98.78
03:44:02     all    0.00    0.00    1.32    0.00    0.00    0.03    0.00    0.00    0.00   98.65
03:44:03     all    0.00    0.00    1.16    0.00    0.00    0.03    0.00    0.00    0.00   98.81
03:44:04     all    0.00    0.00    1.47    0.00    0.00    0.06    0.00    0.00    0.00   98.47
03:44:05     all    0.03    0.00    1.32    0.00    0.00    0.03    0.00    0.00    0.00   98.62
03:44:06     all    0.00    0.00    1.10    0.00    0.00    0.00    0.00    0.00    0.00   98.90
03:44:07     all    0.00    0.00    1.16    0.00    0.00    0.03    0.00    0.00    0.00   98.81
03:44:08     all    0.00    0.00    1.16    0.00    0.00    0.06    0.00    0.00    0.00   98.78
03:44:09     all    0.00    0.00    1.16    0.00    0.00    0.03    0.00    0.00    0.00   98.81
03:44:10     all    0.09    0.00    1.35    0.00    0.00    0.03    0.00    0.00    0.00   98.53
03:44:11     all    0.00    0.00    1.22    0.00    0.00    0.00    0.00    0.00    0.00   98.78
03:44:12     all    0.00    0.00    1.25    0.00    0.00    0.06    0.00    0.00    0.00   98.68
03:44:13     all    0.00    0.00    1.28    0.00    0.00    0.03    0.00    0.00    0.00   98.68
03:44:14     all    0.00    0.00    1.10    0.00    0.00    0.06    0.00    0.00    0.00   98.84
03:44:15     all    0.00    0.00    1.28    0.00    0.00    0.03    0.00    0.00    0.00   98.68
03:44:16     all    0.00    0.00    1.44    0.00    0.00    0.03    0.00    0.00    0.00   98.53
03:44:17     all    0.03    0.00    1.22    0.00    0.00    0.00    0.00    0.00    0.00   98.75
03:44:18     all    0.00    0.00    1.44    0.00    0.00    0.00    0.00    0.00    0.00   98.56
03:44:19     all    0.00    0.00    1.22    0.00    0.00    0.00    0.00    0.00    0.00   98.78
03:44:20     all    0.09    0.00    1.47    0.00    0.00    0.03    0.00    0.00    0.00   98.40
03:44:21     all    0.00    0.00    1.32    0.00    0.00    0.03    0.00    0.00    0.00   98.65
03:44:22     all    0.00    0.00    1.07    0.00    0.00    0.03    0.00    0.00    0.00   98.90
03:44:23     all    0.00    0.00    1.13    0.00    0.00    0.03    0.00    0.00    0.00   98.84
03:44:24     all    0.00    0.00    1.25    0.00    0.00    0.03    0.00    0.00    0.00   98.71
03:44:25     all    0.00    0.00    1.32    0.00    0.00    0.06    0.00    0.00    0.00   98.62
03:44:26     all    0.00    0.00    1.19    0.00    0.00    0.03    0.00    0.00    0.00   98.78
03:44:27     all    0.03    0.00    1.44    0.00    0.00    0.03    0.00    0.00    0.00   98.50
03:44:28     all    0.00    0.00    1.19    0.00    0.00    0.06    0.00    0.00    0.00   98.75
03:44:29     all    0.00    0.00    1.16    0.00    0.00    0.09    0.00    0.00    0.00   98.75
03:44:30     all    0.06    0.00    1.35    0.00    0.00    0.03    0.00    0.00    0.00   98.56
03:44:31     all    0.00    0.00    1.25    0.00    0.00    0.03    0.00    0.00    0.00   98.72
03:44:32     all    0.00    0.00    1.44    0.00    0.00    0.03    0.00    0.00    0.00   98.53
03:44:33     all    0.00    0.00    1.32    0.00    0.00    0.00    0.00    0.00    0.00   98.68
03:44:34     all    0.00    0.00    1.28    0.00    0.00    0.03    0.00    0.00    0.00   98.68
03:44:35     all    0.00    0.00    1.28    0.00    0.00    0.03    0.00    0.00    0.00   98.68
03:44:36     all    0.00    0.00    1.35    0.00    0.00    0.06    0.00    0.00    0.00   98.59
03:44:37     all    0.03    0.00    1.28    0.00    0.00    0.03    0.00    0.00    0.00   98.65
03:44:38     all    0.00    0.00    1.38    0.00    0.00    0.03    0.00    0.00    0.00   98.59
03:44:39     all    0.00    0.00    1.28    0.00    0.00    0.06    0.00    0.00    0.00   98.65
03:44:40     all    0.06    0.00    1.44    0.00    0.00    0.06    0.00    0.00    0.00   98.43
03:44:41     all    0.00    0.00    1.32    0.00    0.00    0.03    0.00    0.00    0.00   98.65
03:44:42     all    0.00    0.00    1.29    0.00    0.00    0.03    0.00    0.00    0.00   98.68
03:44:43     all    0.00    0.00    1.44    0.00    0.00    0.06    0.00    0.00    0.00   98.50
03:44:44     all    0.00    0.00    1.53    0.00    0.00    0.00    0.00    0.00    0.00   98.47
03:44:45     all    0.00    0.00    1.25    0.00    0.00    0.03    0.00    0.00    0.00   98.71
03:44:46     all    0.00    0.00    1.41    0.00    0.00    0.00    0.00    0.00    0.00   98.59
03:44:47     all    0.03    0.00    1.16    0.00    0.00    0.00    0.00    0.00    0.00   98.81
03:44:48     all    0.00    0.00    1.07    0.00    0.00    0.03    0.00    0.00    0.00   98.90
03:44:49     all    0.00    0.00    1.04    0.00    0.00    0.00    0.00    0.00    0.00   98.96
03:44:50     all    0.09    0.00    1.44    0.00    0.00    0.03    0.00    0.00    0.00   98.43
03:44:51     all    0.34    0.00    1.47    0.00    0.00    0.09    0.00    0.00    0.00   98.09
03:44:52     all    0.00    0.00    1.41    0.00    0.00    0.00    0.00    0.00    0.00   98.59
03:44:53     all    0.00    0.00    1.25    0.00    0.00    0.06    0.00    0.00    0.00   98.68
03:44:54     all    0.00    0.00    1.13    0.00    0.00    0.00    0.00    0.00    0.00   98.87
03:44:55     all    0.00    0.00    1.25    0.00    0.00    0.03    0.00    0.00    0.00   98.72
03:44:56     all    0.00    0.00    1.35    0.00    0.00    0.03    0.00    0.00    0.00   98.62
03:44:57     all    0.00    0.00    1.19    0.00    0.00    0.00    0.00    0.00    0.00   98.81
03:44:58     all    0.00    0.00    1.16    0.00    0.00    0.03    0.00    0.00    0.00   98.81
03:44:59     all    0.00    0.00    1.44    0.00    0.00    0.03    0.00    0.00    0.00   98.53
03:45:00     all    0.44    0.00    1.25    0.00    0.00    0.31    0.00    0.00    0.00   98.00
03:45:01     all    0.00    0.00    1.29    0.00    0.00    0.00    0.00    0.00    0.00   98.71
03:45:02     all    0.00    0.00    1.32    0.00    0.00    0.03    0.00    0.00    0.00   98.65
03:45:03     all    0.00    0.00    1.35    0.00    0.00    0.03    0.00    0.00    0.00   98.62
03:45:04     all    0.00    0.00    1.32    0.00    0.00    0.03    0.00    0.00    0.00   98.65
03:45:05     all    0.00    0.00    1.13    0.00    0.00    0.03    0.00    0.00    0.00   98.84
03:45:06     all    0.00    0.00    1.32    0.00    0.00    0.03    0.00    0.00    0.00   98.65
03:45:07     all    0.03    0.00    1.38    0.00    0.00    0.03    0.00    0.00    0.00   98.56
03:45:08     all    0.00    0.00    1.29    0.00    0.00    0.00    0.00    0.00    0.00   98.71
03:45:09     all    0.00    0.00    1.22    0.00    0.00    0.00    0.00    0.00    0.00   98.78
03:45:10     all    0.09    0.00    1.32    0.00    0.00    0.06    0.00    0.00    0.00   98.53
03:45:11     all    0.00    0.00    1.38    0.00    0.00    0.06    0.00    0.00    0.00   98.56
03:45:12     all    0.00    0.00    1.25    0.00    0.00    0.03    0.00    0.00    0.00   98.71
03:45:13     all    0.00    0.00    1.35    0.00    0.00    0.06    0.00    0.00    0.00   98.59
03:45:14     all    0.00    0.00    1.19    0.00    0.00    0.03    0.00    0.00    0.00   98.78
03:45:15     all    0.00    0.00    1.50    0.00    0.00    0.03    0.00    0.00    0.00   98.47
03:45:16     all    0.00    0.00    1.16    0.00    0.00    0.00    0.00    0.00    0.00   98.84
03:45:17     all    0.03    0.00    1.25    0.00    0.00    0.03    0.00    0.00    0.00   98.68
03:45:18     all    0.00    0.00    1.22    0.00    0.00    0.03    0.00    0.00    0.00   98.75
03:45:19     all    0.00    0.00    1.35    0.00    0.00    0.03    0.00    0.00    0.00   98.62
03:45:20     all    0.09    0.00    1.35    0.00    0.00    0.03    0.00    0.00    0.00   98.53
03:45:21     all    0.00    0.00    1.13    0.00    0.00    0.00    0.00    0.00    0.00   98.87
03:45:22     all    0.00    0.00    1.35    0.00    0.00    0.00    0.00    0.00    0.00   98.65
03:45:23     all    0.00    0.00    1.32    0.00    0.00    0.03    0.00    0.00    0.00   98.65
03:45:24     all    0.00    0.00    1.22    0.00    0.00    0.00    0.00    0.00    0.00   98.78
03:45:25     all    0.00    0.00    1.04    0.00    0.00    0.06    0.00    0.00    0.00   98.90
03:45:26     all    0.00    0.00    1.16    0.00    0.00    0.03    0.00    0.00    0.00   98.81
03:45:27     all    0.03    0.00    1.32    0.00    0.00    0.00    0.00    0.00    0.00   98.65
03:45:28     all    0.00    0.00    1.50    0.00    0.00    0.06    0.00    0.00    0.00   98.44
03:45:29     all    0.00    0.00    1.16    0.00    0.00    0.00    0.00    0.00    0.00   98.84
03:45:30     all    0.09    0.00    1.04    0.00    0.00    0.06    0.00    0.00    0.00   98.81
03:45:31     all    0.00    0.00    1.28    0.00    0.00    0.03    0.00    0.00    0.00   98.68
03:45:32     all    0.00    0.00    1.25    0.00    0.00    0.06    0.00    0.00    0.00   98.68
03:45:33     all    0.00    0.00    1.44    0.00    0.00    0.03    0.00    0.00    0.00   98.53
03:45:34     all    0.00    0.00    0.69    0.00    0.00    0.00    0.00    0.00    0.00   99.31
03:45:35     all    0.00    0.00    0.63    0.00    0.00    0.00    0.00    0.00    0.00   99.37
03:45:36     all    0.00    0.00    0.59    0.00    0.00    0.03    0.00    0.00    0.00   99.37
03:45:37     all    0.03    0.00    5.20    0.00    0.00    2.70    0.00    0.00    0.00   92.07
03:45:38     all    0.00    0.06    7.35    0.00    0.00    3.48    0.00    0.00    0.00   89.10
03:45:39     all    0.00    6.57   11.07    0.07    0.00    5.46    0.00    0.00    0.00   76.84
03:45:40     all    0.13    8.66   10.75    0.00    0.00    4.89    0.00    0.00    0.00   75.57
03:45:41     all    0.00   21.57    8.86    0.00    0.00    4.50    0.00    0.00    0.00   65.07
03:45:42     all    0.00   17.22    9.94    0.00    0.00    5.24    0.00    0.00    0.00   67.59
03:45:43     all    0.00    3.78   11.56    0.00    0.00    5.67    0.00    0.00    0.00   79.00
03:45:44     all    0.00    0.59   11.31    0.00    0.00    6.63    0.00    0.00    0.00   81.47
03:45:45     all    0.00    9.32   10.37    0.00    0.00    5.28    0.00    0.00    0.00   75.03
03:45:46     all    0.00   13.19    9.61    0.00    0.00    5.08    0.00    0.00    0.00   72.12
03:45:47     all    0.00   12.92    9.95    0.00    0.00    5.32    0.00    0.00    0.00   71.82
03:45:48     all    0.00    5.37   10.61    0.00    0.00    5.86    0.00    0.00    0.00   78.15
03:45:49     all    0.00    7.11   10.76    0.00    0.00    5.09    0.00    0.00    0.00   77.04
03:45:50     all    0.10    9.27   10.47    0.00    0.00    5.32    0.00    0.00    0.00   74.85
03:45:51     all    0.00    4.90   11.07    0.00    0.00    5.94    0.00    0.00    0.00   78.09
03:45:52     all    0.00    7.41   10.47    0.00    0.00    6.21    0.00    0.00    0.00   75.90
03:45:53     all    0.00   15.07    9.92    0.00    0.00    5.05    0.00    0.00    0.00   69.96
03:45:54     all    0.00   15.59    9.59    0.00    0.00    5.12    0.00    0.00    0.00   69.70
03:45:55     all    0.03    7.19   10.48    0.00    0.00    5.40    0.00    0.00    0.00   76.90
03:45:56     all    0.00    2.59   10.91    0.00    0.00    5.54    0.00    0.00    0.00   80.97
03:45:57     all    0.00    8.76   10.96    0.00    0.00    5.72    0.00    0.00    0.00   74.56
03:45:58     all    0.00    9.90    9.93    0.00    0.00    5.42    0.00    0.00    0.00   74.75
03:45:59     all    0.03    7.71   10.76    0.00    0.00    5.61    0.00    0.00    0.00   75.89
03:46:00     all    0.33    6.40   10.12    0.00    0.00    5.48    0.00    0.00    0.00   77.68
03:46:01     all    0.03    4.80   10.88    0.00    0.00    5.06    0.00    0.00    0.00   79.23
03:46:02     all    0.00    7.48    9.75    0.00    0.00    5.36    0.00    0.00    0.00   77.41
03:46:03     all    0.00   13.02   12.08    0.00    0.00    6.64    0.00    0.00    0.00   68.26
03:46:04     all    0.00    7.09   13.01    0.00    0.00    6.57    0.00    0.00    0.00   73.32
03:46:05     all    0.00    4.13   12.71    0.00    0.00    6.68    0.00    0.00    0.00   76.47
03:46:06     all    0.00    5.69   13.00    0.00    0.00    6.53    0.00    0.00    0.00   74.79
03:46:07     all    0.03    8.29   11.40    0.00    0.00    6.39    0.00    0.00    0.00   73.89
03:46:08     all    0.00   13.34   12.46    0.00    0.00    6.00    0.00    0.00    0.00   68.20
03:46:09     all    0.00   11.59   12.64    0.00    0.00    6.16    0.00    0.00    0.00   69.61
03:46:10     all    0.06   25.80    9.75    0.00    0.00    4.61    0.00    0.00    0.00   59.77
03:46:11     all    0.00    8.60   12.80    0.00    0.00    6.64    0.00    0.00    0.00   71.96
03:46:12     all    0.00   15.76    9.48    0.00    0.00    6.19    0.00    0.00    0.00   68.58
03:46:13     all    0.00   33.92    7.59    0.00    0.00    4.02    0.00    0.00    0.00   54.47
03:46:14     all    0.00   22.49   10.14    0.00    0.00    5.30    0.00    0.00    0.00   62.07
03:46:15     all    0.00    2.51   12.96    0.00    0.00    6.77    0.00    0.00    0.00   77.76
03:46:16     all    0.00    0.00   13.72    0.00    0.00    6.96    0.00    0.00    0.00   79.32
03:46:17     all    0.03    0.10   13.62    0.00    0.00    7.62    0.00    0.00    0.00   78.63
03:46:18     all    0.00    1.30   14.70    0.00    0.00    6.30    0.00    0.00    0.00   77.70
03:46:19     all    0.03    4.17   12.60    0.00    0.00    6.38    0.00    0.00    0.00   76.82
03:46:20     all    0.13    4.69   11.65    0.00    0.00    6.89    0.00    0.00    0.00   76.64
03:46:21     all    0.00    4.77   12.32    0.00    0.00    6.51    0.00    0.00    0.00   76.40
03:46:22     all    0.00    1.28   13.19    0.00    0.00    6.79    0.00    0.00    0.00   78.74
03:46:23     all    0.00    5.81   12.67    0.00    0.00    6.79    0.00    0.00    0.00   74.73
03:46:24     all    0.00    6.69   12.95    0.00    0.00    6.62    0.00    0.00    0.00   73.74
03:46:25     all    0.00    7.96   12.92    0.00    0.00    6.23    0.00    0.00    0.00   72.89
03:46:26     all    0.00    0.52   13.62    0.00    0.00    6.99    0.00    0.00    0.00   78.86
03:46:27     all    0.03    2.67   11.84    0.00    0.00    6.28    0.00    0.00    0.00   79.18
03:46:28     all    0.00    1.99   11.07    0.00    0.00    5.65    0.00    0.00    0.00   81.29
03:46:29     all    0.00    1.56   10.92    0.00    0.00    6.03    0.00    0.00    0.00   81.49
03:46:30     all    0.13    3.10   10.66    0.00    0.00    6.00    0.00    0.00    0.00   80.11
03:46:31     all    0.00    2.05   11.08    0.00    0.00    5.65    0.00    0.00    0.00   81.22
03:46:32     all    0.00    1.66    4.09    0.00    0.00    2.72    0.00    0.00    0.00   91.53
03:46:33     all    0.00    0.00    3.01    0.00    0.00    1.28    0.00    0.00    0.00   95.71
03:46:34     all    0.00    0.00    3.23    0.00    0.00    1.50    0.00    0.00    0.00   95.27
03:46:35     all    0.00    0.00    3.16    0.00    0.00    1.63    0.00    0.00    0.00   95.21
03:46:36     all    0.00    0.03    3.32    0.00    0.00    1.85    0.00    0.00    0.00   94.80
03:46:37     all    0.06    0.00    3.30    0.00    0.00    1.51    0.00    0.00    0.00   95.13
03:46:38     all    0.00    0.00    3.54    0.00    0.00    1.79    0.00    0.00    0.00   94.67
03:46:39     all    0.00    0.00    2.73    0.00    0.00    1.57    0.00    0.00    0.00   95.70
03:46:40     all    0.10    0.48    3.03    0.00    0.00    1.47    0.00    0.00    0.00   94.93
03:46:41     all    0.00    2.74    0.82    0.00    0.00    0.19    0.00    0.00    0.00   96.26
03:46:42     all    0.00    0.03    3.07    0.00    0.00    1.66    0.00    0.00    0.00   95.23
03:46:43     all    0.00    0.00    3.20    0.00    0.00    1.38    0.00    0.00    0.00   95.42
03:46:44     all    0.00    0.16    3.10    0.00    0.00    1.63    0.00    0.00    0.00   95.10
03:46:45     all    0.00    1.68    2.09    0.00    0.00    1.01    0.00    0.00    0.00   95.22
03:46:46     all    0.00    0.03    3.16    0.00    0.00    1.69    0.00    0.00    0.00   95.11
03:46:47     all    0.03    0.00    3.45    0.00    0.00    1.50    0.00    0.00    0.00   95.02
03:46:48     all    0.00    0.00    3.41    0.00    0.00    1.69    0.00    0.00    0.00   94.89
03:46:49     all    0.00    0.00    3.51    0.00    0.00    1.63    0.00    0.00    0.00   94.86
03:46:50     all    0.10    0.00    3.29    0.00    0.00    1.57    0.00    0.00    0.00   95.04
03:46:51     all    0.00    0.32    3.10    0.00    0.00    1.25    0.00    0.00    0.00   95.33
03:46:52     all    0.00    2.27    1.39    0.00    0.00    0.60    0.00    0.00    0.00   95.74
03:46:53     all    0.00    0.00    3.24    0.00    0.00    1.64    0.00    0.00    0.00   95.13
03:46:54     all    0.03    0.00    3.12    0.00    0.00    1.54    0.00    0.00    0.00   95.31
03:46:55     all    0.00    0.03    3.30    0.00    0.00    1.47    0.00    0.00    0.00   95.20
03:46:56     all    0.00    0.03    3.23    0.00    0.00    1.60    0.00    0.00    0.00   95.14
03:46:57     all    0.00    0.00    3.08    0.00    0.00    1.35    0.00    0.00    0.00   95.57
03:46:58     all    0.00    1.08    2.00    0.00    0.00    0.95    0.00    0.00    0.00   95.97
03:46:59     all    0.03    0.03    3.47    0.00    0.00    1.81    0.00    0.00    0.00   94.65
03:47:00     all    0.32    0.00    3.65    0.00    0.00    1.44    0.00    0.00    0.00   94.59
03:47:01     all    0.25    1.24    2.01    0.00    0.00    0.89    0.00    0.00    0.00   95.60
03:47:02     all    0.00    0.00    2.81    0.00    0.00    1.21    0.00    0.00    0.00   95.98
03:47:03     all    0.00    0.00    3.13    0.00    0.00    1.66    0.00    0.00    0.00   95.20
03:47:04     all    0.00    0.03    3.44    0.00    0.00    1.69    0.00    0.00    0.00   94.83
03:47:05     all    0.00    0.00    3.40    0.00    0.00    1.44    0.00    0.00    0.00   95.16
03:47:06     all    0.00    0.03    3.20    0.00    0.00    1.57    0.00    0.00    0.00   95.20
03:47:07     all    0.00    0.00    3.08    0.00    0.00    1.44    0.00    0.00    0.00   95.48
03:47:08     all    0.00    1.40    1.88    0.00    0.00    0.70    0.00    0.00    0.00   96.02
03:47:09     all    0.00    0.00    3.17    0.00    0.00    1.70    0.00    0.00    0.00   95.13
03:47:10     all    0.10    0.00    3.42    0.00    0.00    1.54    0.00    0.00    0.00   94.95
03:47:11     all    0.00    0.00    3.18    0.00    0.00    1.32    0.00    0.00    0.00   95.50
03:47:12     all    0.00    1.43    1.97    0.00    0.00    0.89    0.00    0.00    0.00   95.71
03:47:13     all    0.00    0.00    3.48    0.00    0.00    1.60    0.00    0.00    0.00   94.92
03:47:14     all    0.00    0.00    3.51    0.00    0.00    1.72    0.00    0.00    0.00   94.77
03:47:15     all    0.00    0.00    3.20    0.00    0.00    1.50    0.00    0.00    0.00   95.30
03:47:16     all    0.00    0.03    3.23    0.00    0.00    1.70    0.00    0.00    0.00   95.04
03:47:17     all    0.00    0.00    3.39    0.00    0.00    1.54    0.00    0.00    0.00   95.07
03:47:18     all    0.00    1.43    2.00    0.00    0.00    0.92    0.00    0.00    0.00   95.65
03:47:19     all    0.03    0.03    3.36    0.00    0.00    1.44    0.00    0.00    0.00   95.13
03:47:20     all    0.06    0.00    3.52    0.00    0.00    1.47    0.00    0.00    0.00   94.94
03:47:21     all    0.00    1.24    1.85    0.00    0.00    0.96    0.00    0.00    0.00   95.96
03:47:22     all    0.00    1.30    1.97    0.00    0.00    0.86    0.00    0.00    0.00   95.87
03:47:23     all    0.00    0.00    3.54    0.00    0.00    1.66    0.00    0.00    0.00   94.80
03:47:24     all    0.00    0.00    3.42    0.00    0.00    1.63    0.00    0.00    0.00   94.95
03:47:25     all    0.00    0.00    2.83    0.00    0.00    1.51    0.00    0.00    0.00   95.66
03:47:26     all    0.00    0.00    3.23    0.00    0.00    1.85    0.00    0.00    0.00   94.92
03:47:27     all    0.03    0.00    3.06    0.00    0.00    1.47    0.00    0.00    0.00   95.44
03:47:28     all    0.00    0.10    3.10    0.00    0.00    1.50    0.00    0.00    0.00   95.30
03:47:29     all    0.00    1.65    1.78    0.00    0.00    0.86    0.00    0.00    0.00   95.70
03:47:30     all    0.10    0.03    3.07    0.00    0.00    1.79    0.00    0.00    0.00   95.01
03:47:31     all    0.00    0.00    3.32    0.00    0.00    1.50    0.00    0.00    0.00   95.17
03:47:32     all    0.00    0.00    3.51    0.00    0.00    1.44    0.00    0.00    0.00   95.05
03:47:33     all    0.00    0.00    3.45    0.00    0.00    1.56    0.00    0.00    0.00   94.99
03:47:34     all    0.00    0.10    3.04    0.00    0.00    1.51    0.00    0.00    0.00   95.35
03:47:35     all    0.00    1.14    2.38    0.00    0.00    1.11    0.00    0.00    0.00   95.37
03:47:36     all    0.00    0.03    3.55    0.00    0.00    1.44    0.00    0.00    0.00   94.98
03:47:37     all    0.03    0.00    3.30    0.00    0.00    1.66    0.00    0.00    0.00   95.01
03:47:38     all    0.00    0.00    3.00    0.00    0.00    1.28    0.00    0.00    0.00   95.72
03:47:39     all    0.00    0.00    3.37    0.00    0.00    1.56    0.00    0.00    0.00   95.07
03:47:40     all    0.10    0.00    3.00    0.00    0.00    1.21    0.00    0.00    0.00   95.69
03:47:41     all    0.00    1.72    1.30    0.00    0.00    0.38    0.00    0.00    0.00   96.60
03:47:42     all    0.00    0.00    3.19    0.00    0.00    1.37    0.00    0.00    0.00   95.43
03:47:43     all    0.00    0.00    3.36    0.00    0.00    1.63    0.00    0.00    0.00   95.01
03:47:44     all    0.00    0.97    8.20    0.00    0.00    4.90    0.00    0.00    0.00   85.93
03:47:45     all    0.00    3.22    7.05    0.00    0.00    4.83    0.00    0.00    0.00   84.90
03:47:46     all    0.00    1.95    7.09    0.00    0.00    4.39    0.00    0.00    0.00   86.56
03:47:47     all    0.00    0.26    6.89    0.00    0.00    3.93    0.00    0.00    0.00   88.92
03:47:48     all    0.03    1.14    6.95    0.00    0.00    4.65    0.00    0.00    0.00   87.23
03:47:49     all    0.00    6.19    7.56    0.00    0.00    4.46    0.00    0.00    0.00   81.79
03:47:50     all    0.06    2.43    7.00    0.00    0.00    4.22    0.00    0.00    0.00   86.28
03:47:51     all    0.00    3.19    6.63    0.00    0.00    4.60    0.00    0.00    0.00   85.58
03:47:52     all    0.03    3.30    6.24    0.00    0.00    4.11    0.00    0.00    0.00   86.32
03:47:53     all    0.00    3.25    5.85    0.00    0.00    3.67    0.00    0.00    0.00   87.23
03:47:54     all    0.00    2.98    4.93    0.00    0.00    2.69    0.00    0.00    0.00   89.39
03:47:55     all    0.00    6.22    6.58    0.00    0.00    4.06    0.00    0.00    0.00   83.14
03:47:56     all    0.00    2.47    7.04    0.00    0.00    4.25    0.00    0.00    0.00   86.24
03:47:57     all    0.00    3.21    7.76    0.00    0.00    4.13    0.00    0.00    0.00   84.90
03:47:58     all    0.00    3.34    6.33    0.00    0.00    3.86    0.00    0.00    0.00   86.47
03:47:59     all    0.00    3.32    6.26    0.00    0.00    4.10    0.00    0.00    0.00   86.32
03:48:00     all    0.39    3.22    5.54    0.00    0.00    3.71    0.00    0.00    0.00   87.13
03:48:01     all    0.00    3.44    6.85    0.00    0.00    4.08    0.00    0.00    0.00   85.62
03:48:02     all    0.00    5.26    6.87    0.00    0.00    4.56    0.00    0.00    0.00   83.31
03:48:03     all    0.03    2.90    7.12    0.00    0.00    4.58    0.00    0.00    0.00   85.36
03:48:04     all    0.03    3.29    6.77    0.00    0.00    4.35    0.00    0.00    0.00   85.56
03:48:05     all    0.00    2.41    6.57    0.00    0.00    4.35    0.00    0.00    0.00   86.68
03:48:06     all    0.00    3.32    6.67    0.00    0.00    3.68    0.00    0.00    0.00   86.33
03:48:07     all    0.00    3.19    6.13    0.00    0.00    3.93    0.00    0.00    0.00   86.75
03:48:08     all    0.00    3.27    6.69    0.00    0.00    3.81    0.00    0.00    0.00   86.23
03:48:09     all    0.00    5.72    5.43    0.00    0.00    3.16    0.00    0.00    0.00   85.70
03:48:10     all    0.06    2.81    7.99    0.00    0.00    4.59    0.00    0.00    0.00   84.54
03:48:11     all    0.00    1.60   11.76    0.00    0.00    7.61    0.00    0.00    0.00   79.03
03:48:12     all    0.00    5.56   11.69    0.00    0.00    6.55    0.00    0.00    0.00   76.20
03:48:13     all    0.00    5.37   11.96    0.00    0.00    7.18    0.00    0.00    0.00   75.50
03:48:14     all    0.00    6.28   10.09    0.00    0.00    6.64    0.00    0.00    0.00   76.98
03:48:15     all    0.00    6.10   10.76    0.00    0.00    7.00    0.00    0.00    0.00   76.13
03:48:16     all    0.00    5.54   10.79    0.00    0.00    6.22    0.00    0.00    0.00   77.44
03:48:17     all    0.00    6.00   11.25    0.00    0.00    6.42    0.00    0.00    0.00   76.34
03:48:18     all    0.00    9.51   11.15    0.00    0.00    7.33    0.00    0.00    0.00   72.00
03:48:19     all    0.00    5.52   11.44    0.00    0.00    7.02    0.00    0.00    0.00   76.02
03:48:20     all    0.13   14.29   11.38    0.00    0.00    6.11    0.00    0.00    0.00   68.10
03:48:21     all    0.00   13.69    7.49    0.00    0.00    4.44    0.00    0.00    0.00   74.38
03:48:22     all    0.00    2.94    6.59    0.00    0.00    3.97    0.00    0.00    0.00   86.49
03:48:23     all    0.00    5.49    7.11    0.00    0.00    4.23    0.00    0.00    0.00   83.17
03:48:24     all    0.00    5.56    6.86    0.00    0.00    4.72    0.00    0.00    0.00   82.85
03:48:25     all    0.00    5.12    7.38    0.00    0.00    4.99    0.00    0.00    0.00   82.51
03:48:26     all    0.00    5.51    7.09    0.00    0.00    4.45    0.00    0.00    0.00   82.95
03:48:27     all    0.06    5.60    6.51    0.00    0.00    4.34    0.00    0.00    0.00   83.48
03:48:28     all    0.00    5.67    7.16    0.00    0.00    4.05    0.00    0.00    0.00   83.12
03:48:29     all    0.00    5.62    6.91    0.00    0.00    4.58    0.00    0.00    0.00   82.89
03:48:30     all    0.06    4.57    7.12    0.00    0.00    4.51    0.00    0.00    0.00   83.74
03:48:31     all    0.00    5.78    7.06    0.00    0.00    4.50    0.00    0.00    0.00   82.66
03:48:32     all    0.00    5.94    6.97    0.00    0.00    4.23    0.00    0.00    0.00   82.85
03:48:33     all    0.00    5.00    6.84    0.00    0.00    4.55    0.00    0.00    0.00   83.61
03:48:34     all    0.00    5.43    6.88    0.00    0.00    4.50    0.00    0.00    0.00   83.18
03:48:35     all    0.00    5.91    7.51    0.00    0.00    4.17    0.00    0.00    0.00   82.40
03:48:36     all    0.00    6.18    5.29    0.00    0.00    3.41    0.00    0.00    0.00   85.12
03:48:37     all    0.03    3.85    3.28    0.00    0.00    1.97    0.00    0.00    0.00   90.86
03:48:38     all    0.00    4.42    5.03    0.00    0.00    2.95    0.00    0.00    0.00   87.60
03:48:39     all    0.00    5.73    7.15    0.00    0.00    4.32    0.00    0.00    0.00   82.80
03:48:40     all    0.06    4.92    7.01    0.00    0.00    4.50    0.00    0.00    0.00   83.51
03:48:41     all    0.00    5.44    6.64    0.00    0.00    4.51    0.00    0.00    0.00   83.41
03:48:42     all    0.00    7.38    6.86    0.00    0.00    4.14    0.00    0.00    0.00   81.62
03:48:43     all    0.00    5.13    6.78    0.00    0.00    4.59    0.00    0.00    0.00   83.50
03:48:44     all    0.00    5.58    6.90    0.00    0.00    4.32    0.00    0.00    0.00   83.20
03:48:45     all    0.00    5.06    6.67    0.00    0.00    4.19    0.00    0.00    0.00   84.09
03:48:46     all    0.00    5.99    6.92    0.00    0.00    4.18    0.00    0.00    0.00   82.91
03:48:47     all    0.06    5.45    7.22    0.00    0.00    4.32    0.00    0.00    0.00   82.95
03:48:48     all    0.00    5.74    7.25    0.00    0.00    4.19    0.00    0.00    0.00   82.82
03:48:49     all    0.00    5.01    6.76    0.00    0.00    3.75    0.00    0.00    0.00   84.48
03:48:50     all    0.10    5.72    5.40    0.00    0.00    3.07    0.00    0.00    0.00   85.71
03:48:51     all    0.00    4.83    1.48    0.00    0.00    0.66    0.00    0.00    0.00   93.02
03:48:52     all    0.00    5.29    1.86    0.00    0.00    1.01    0.00    0.00    0.00   91.84
03:48:53     all    0.00    4.73    1.67    0.00    0.00    0.41    0.00    0.00    0.00   93.18
03:48:54     all    0.00    5.02    2.16    0.00    0.00    1.10    0.00    0.00    0.00   91.72
03:48:55     all    0.00    5.15    1.79    0.00    0.00    0.91    0.00    0.00    0.00   92.15
03:48:56     all    0.00    5.44    1.46    0.00    0.00    0.89    0.00    0.00    0.00   92.22
03:48:57     all    0.00    4.85    1.80    0.00    0.00    0.50    0.00    0.00    0.00   92.85
03:48:58     all    0.00    5.29    1.92    0.00    0.00    1.04    0.00    0.00    0.00   91.76
03:48:59     all    0.00    5.26    1.97    0.00    0.00    1.00    0.00    0.00    0.00   91.76
03:49:00     all    0.34    6.58    2.51    0.00    0.00    1.22    0.00    0.00    0.00   89.35
03:49:01     all    0.00    2.81    1.67    0.00    0.00    0.66    0.00    0.00    0.00   94.85
03:49:02     all    0.03    2.47    3.75    0.00    0.00    1.60    0.00    0.00    0.00   92.14
03:49:03     all    0.00    2.97    2.44    0.00    0.00    1.30    0.00    0.00    0.00   93.29
03:49:04     all    0.00    5.35    1.86    0.00    0.00    0.82    0.00    0.00    0.00   91.97
03:49:05     all    0.00    2.72    3.43    0.00    0.00    1.79    0.00    0.00    0.00   92.06
03:49:06     all    0.00    2.27    3.80    0.00    0.00    1.98    0.00    0.00    0.00   91.96
03:49:07     all    0.03    2.21    3.65    0.00    0.00    1.67    0.00    0.00    0.00   92.44
03:49:08     all    0.00    2.58    3.86    0.00    0.00    1.79    0.00    0.00    0.00   91.77
03:49:09     all    0.00    2.46    3.51    0.00    0.00    2.04    0.00    0.00    0.00   91.98
03:49:10     all    0.06    2.37    3.33    0.00    0.00    1.54    0.00    0.00    0.00   92.70
03:49:11     all    0.22    5.50    1.89    0.00    0.00    1.07    0.00    0.00    0.00   91.33
03:49:12     all    0.00    3.75    2.70    0.00    0.00    1.34    0.00    0.00    0.00   92.21
03:49:13     all    0.03    2.29    4.04    0.00    0.00    1.91    0.00    0.00    0.00   91.74
03:49:14     all    0.00    2.68    4.02    0.00    0.00    1.82    0.00    0.00    0.00   91.47
03:49:15     all    0.00    2.24    3.77    0.00    0.00    1.50    0.00    0.00    0.00   92.49
03:49:16     all    0.00    2.63    3.34    0.00    0.00    2.06    0.00    0.00    0.00   91.97
03:49:17     all    0.00    2.31    3.72    0.00    0.00    1.92    0.00    0.00    0.00   92.05
03:49:18     all    0.03    4.07    2.61    0.00    0.00    1.21    0.00    0.00    0.00   92.08
03:49:19     all    0.00    4.19    2.66    0.00    0.00    1.46    0.00    0.00    0.00   91.69
03:49:20     all    0.03    2.15    3.56    0.00    0.00    1.70    0.00    0.00    0.00   92.55
03:49:21     all    0.00    1.54    3.78    0.00    0.00    2.34    0.00    0.00    0.00   92.35
03:49:22     all    0.03    0.00    5.04    0.00    0.00    3.06    0.00    0.00    0.00   91.87
03:49:23     all    0.00    0.03    4.58    0.00    0.00    2.84    0.00    0.00    0.00   92.55
03:49:24     all    0.00    0.00    4.38    0.00    0.00    3.07    0.00    0.00    0.00   92.55
03:49:25     all    0.00    1.22    3.95    0.00    0.00    2.34    0.00    0.00    0.00   92.49
03:49:26     all    0.00    0.03    4.61    0.00    0.00    2.95    0.00    0.00    0.00   92.41
03:49:27     all    0.03    0.38    4.52    0.00    0.00    2.50    0.00    0.00    0.00   92.56
03:49:28     all    0.00    4.00    3.04    0.00    0.00    1.43    0.00    0.00    0.00   91.53
03:49:29     all    0.00    0.48    4.20    0.00    0.00    2.42    0.00    0.00    0.00   92.90
03:49:30     all    0.10    0.03    4.28    0.00    0.00    2.45    0.00    0.00    0.00   93.14
03:49:31     all    0.00    0.03    4.93    0.00    0.00    2.94    0.00    0.00    0.00   92.09
03:49:32     all    0.00    0.00    4.48    0.00    0.00    2.64    0.00    0.00    0.00   92.88
03:49:33     all    0.00    0.03    4.30    0.00    0.00    2.66    0.00    0.00    0.00   93.00
03:49:34     all    0.00    1.09    3.55    0.00    0.00    2.34    0.00    0.00    0.00   93.02
03:49:35     all    0.00    1.69    4.05    0.00    0.00    2.39    0.00    0.00    0.00   91.87
03:49:36     all    0.00    0.03    4.87    0.00    0.00    3.11    0.00    0.00    0.00   91.99
03:49:37     all    0.03    0.03    4.56    0.00    0.00    2.83    0.00    0.00    0.00   92.55
03:49:38     all    0.00    0.51    4.62    0.00    0.00    2.50    0.00    0.00    0.00   92.36
03:49:39     all    0.00    0.03    4.64    0.00    0.00    2.75    0.00    0.00    0.00   92.58
03:49:40     all    0.10    0.00    5.08    0.00    0.00    2.90    0.00    0.00    0.00   91.92
03:49:41     all    0.00    3.58    3.01    0.00    0.00    1.71    0.00    0.00    0.00   91.70
03:49:42     all    0.00    1.50    3.57    0.00    0.00    2.07    0.00    0.00    0.00   92.87
03:49:43     all    0.00    0.03    5.08    0.00    0.00    2.53    0.00    0.00    0.00   92.36
03:49:44     all    0.00    0.00    5.10    0.00    0.00    3.05    0.00    0.00    0.00   91.85
03:49:45     all    0.00    0.03    5.01    0.00    0.00    2.86    0.00    0.00    0.00   92.10
03:49:46     all    0.00    1.03    4.31    0.00    0.00    2.29    0.00    0.00    0.00   92.37
03:49:47     all    0.00    2.77    3.34    0.00    0.00    1.97    0.00    0.00    0.00   91.92
03:49:48     all    0.00    2.09    3.89    0.00    0.00    1.96    0.00    0.00    0.00   92.06
03:49:49     all    0.03    0.03    4.87    0.00    0.00    3.30    0.00    0.00    0.00   91.76
03:49:50     all    0.06    0.89    4.09    0.00    0.00    2.40    0.00    0.00    0.00   92.56
03:49:51     all    0.00    4.33    2.62    0.00    0.00    1.26    0.00    0.00    0.00   91.79
03:49:52     all    0.00    0.03    5.29    0.00    0.00    2.79    0.00    0.00    0.00   91.89
03:49:53     all    0.00    0.00    4.77    0.00    0.00    2.64    0.00    0.00    0.00   92.59
03:49:54     all    0.00    0.03    4.52    0.00    0.00    2.79    0.00    0.00    0.00   92.65
03:49:55     all    0.00    0.00    5.16    0.00    0.00    3.07    0.00    0.00    0.00   91.77
03:49:56     all    0.00    0.03    4.59    0.00    0.00    2.83    0.00    0.00    0.00   92.55
03:49:57     all    0.03    0.22    4.78    0.00    0.00    2.98    0.00    0.00    0.00   91.99
03:49:58     all    0.00    1.96    4.02    0.00    0.00    2.02    0.00    0.00    0.00   92.00
03:49:59     all    0.00    1.89    3.33    0.00    0.00    1.82    0.00    0.00    0.00   92.96
03:50:00     all    0.39    0.00    5.01    0.00    0.00    2.95    0.00    0.00    0.00   91.66
03:50:01     all    0.00    0.32    3.56    0.00    0.00    1.79    0.00    0.00    0.00   94.33
03:50:02     all    0.00    1.42    2.27    0.00    0.00    0.63    0.00    0.00    0.00   95.67
03:50:03     all    0.00    0.00    2.77    0.00    0.00    1.24    0.00    0.00    0.00   95.99
03:50:04     all    0.00    0.00    3.16    0.00    0.00    1.37    0.00    0.00    0.00   95.47
03:50:05     all    0.00    0.00    2.99    0.00    0.00    1.24    0.00    0.00    0.00   95.77
03:50:06     all    0.00    0.00    2.99    0.00    0.00    1.15    0.00    0.00    0.00   95.86
03:50:07     all    0.03    0.03    3.08    0.00    0.00    1.27    0.00    0.00    0.00   95.59
03:50:08     all    0.00    1.96    1.42    0.00    0.00    0.60    0.00    0.00    0.00   96.02
03:50:09     all    0.00    1.74    1.80    0.00    0.00    0.54    0.00    0.00    0.00   95.92
03:50:10     all    0.03    0.03    3.22    0.00    0.00    1.47    0.00    0.00    0.00   95.25
03:50:11     all    0.00    0.00    2.73    0.00    0.00    1.40    0.00    0.00    0.00   95.87
03:50:12     all    0.00    0.00    3.08    0.00    0.00    1.37    0.00    0.00    0.00   95.55
03:50:13     all    0.00    0.00    3.12    0.00    0.00    1.30    0.00    0.00    0.00   95.58
03:50:14     all    0.00    0.00    2.77    0.00    0.00    1.47    0.00    0.00    0.00   95.76
03:50:15     all    0.00    1.81    1.68    0.00    0.00    0.57    0.00    0.00    0.00   95.95
03:50:16     all    0.00    0.83    1.94    0.00    0.00    0.86    0.00    0.00    0.00   96.38
03:50:17     all    0.03    0.03    2.90    0.00    0.00    1.34    0.00    0.00    0.00   95.70
03:50:18     all    0.00    0.00    3.15    0.00    0.00    1.43    0.00    0.00    0.00   95.42
03:50:19     all    0.00    0.00    2.81    0.00    0.00    1.15    0.00    0.00    0.00   96.04
03:50:20     all    0.10    0.00    2.59    0.00    0.00    1.18    0.00    0.00    0.00   96.13
03:50:21     all    0.00    0.03    2.67    0.00    0.00    1.24    0.00    0.00    0.00   96.05
03:50:22     all    0.00    1.77    1.42    0.00    0.00    0.63    0.00    0.00    0.00   96.17
03:50:23     all    0.00    0.63    2.22    0.00    0.00    0.92    0.00    0.00    0.00   96.23
03:50:24     all    0.00    0.00    2.77    0.00    0.00    0.89    0.00    0.00    0.00   96.34
03:50:25     all    0.00    0.00    2.23    0.00    0.00    0.92    0.00    0.00    0.00   96.85
03:50:26     all    0.00    0.00    2.64    0.00    0.00    0.96    0.00    0.00    0.00   96.40
03:50:27     all    0.03    0.00    2.52    0.00    0.00    0.96    0.00    0.00    0.00   96.50
03:50:28     all    0.00    0.00    2.69    0.00    0.00    0.93    0.00    0.00    0.00   96.39
03:50:29     all    0.00    0.03    2.38    0.00    0.00    0.83    0.00    0.00    0.00   96.76
03:50:30     all    0.03    0.00    2.29    0.00    0.00    0.86    0.00    0.00    0.00   96.82
03:50:31     all    0.00    0.00    2.42    0.00    0.00    1.02    0.00    0.00    0.00   96.57
03:50:32     all    0.00    0.03    2.48    0.00    0.00    0.83    0.00    0.00    0.00   96.66
03:50:33     all    0.00    1.33    1.84    0.00    0.00    0.54    0.00    0.00    0.00   96.30
03:50:34     all    0.03    1.55    1.67    0.00    0.00    0.41    0.00    0.00    0.00   96.34
03:50:35     all    0.00    0.00    2.23    0.00    0.00    0.80    0.00    0.00    0.00   96.97
03:50:36     all    0.00    0.03    2.77    0.00    0.00    1.05    0.00    0.00    0.00   96.15
03:50:37     all    0.03    0.00    2.49    0.00    0.00    0.70    0.00    0.00    0.00   96.78
03:50:38     all    0.00    0.00    2.34    0.00    0.00    0.57    0.00    0.00    0.00   97.09
03:50:39     all    0.00    0.03    3.68    0.00    0.00    1.73    0.00    0.00    0.00   94.56
03:50:40     all    0.10    0.29    6.17    0.00    0.00    3.79    0.00    0.00    0.00   89.65
03:50:41     all    0.00    6.62    5.92    0.00    0.00    3.26    0.00    0.00    0.00   84.20
03:50:42     all    0.00    2.74    6.05    0.00    0.00    3.51    0.00    0.00    0.00   87.70
03:50:43     all    0.00    3.26    4.59    0.00    0.00    2.97    0.00    0.00    0.00   89.18
03:50:44     all    0.00    3.33    4.08    0.00    0.00    2.52    0.00    0.00    0.00   90.07
03:50:45     all    0.00    5.17    5.24    0.00    0.00    2.91    0.00    0.00    0.00   86.68
03:50:46     all    0.00    2.15    5.81    0.00    0.00    3.53    0.00    0.00    0.00   88.51
03:50:47     all    0.03    3.34    4.89    0.00    0.00    3.11    0.00    0.00    0.00   88.63
03:50:48     all    0.00    3.21    4.49    0.00    0.00    2.86    0.00    0.00    0.00   89.44
03:50:49     all    0.00    3.34    4.08    0.00    0.00    2.41    0.00    0.00    0.00   90.17
03:50:50     all    0.10    3.54    3.83    0.00    0.00    2.00    0.00    0.00    0.00   90.53
03:50:51     all    0.00    6.34    4.50    0.00    0.00    2.70    0.00    0.00    0.00   86.45
03:50:52     all    0.00    2.73    5.92    0.00    0.00    3.73    0.00    0.00    0.00   87.62
03:50:53     all    0.00    3.18    5.02    0.00    0.00    2.48    0.00    0.00    0.00   89.32
03:50:54     all    0.00    3.30    4.40    0.00    0.00    2.28    0.00    0.00    0.00   90.02
03:50:55     all    0.00    3.32    3.77    0.00    0.00    2.65    0.00    0.00    0.00   90.27
03:50:56     all    0.00    2.94    3.52    0.00    0.00    2.18    0.00    0.00    0.00   91.36
03:50:57     all    0.00    6.26    4.44    0.00    0.00    2.59    0.00    0.00    0.00   86.71
03:50:58     all    0.03   25.22    6.85    0.00    0.00    3.20    0.00    0.00    0.00   64.69
03:50:59     all    0.00   18.52    6.41    0.00    0.00    3.33    0.00    0.00    0.00   71.74
03:51:00     all    0.26    0.26    4.68    0.00    0.00    2.79    0.00    0.00    0.00   92.02
03:51:01     all    0.00    0.80    3.65    0.00    0.00    2.53    0.00    0.00    0.00   93.02
03:51:02     all    0.00    2.66    3.78    0.00    0.00    2.18    0.00    0.00    0.00   91.39
03:51:03     all    0.00    3.18    4.01    0.00    0.00    2.29    0.00    0.00    0.00   90.51
03:51:04     all    0.00    3.22    3.54    0.00    0.00    2.17    0.00    0.00    0.00   91.07
03:51:05     all    0.00   21.93    5.87    0.00    0.00    3.18    0.00    0.00    0.00   69.02
03:51:06     all    0.00   19.56    8.01    0.00    0.00    4.64    0.00    0.00    0.00   67.79
03:51:07     all    0.03   18.37    7.45    0.00    0.00    4.07    0.00    0.00    0.00   70.08
03:51:08     all    0.00    3.57    8.83    0.00    0.00    5.06    0.00    0.00    0.00   82.54
03:51:09     all    0.00    2.29    9.84    0.00    0.00    6.15    0.00    0.00    0.00   81.72
03:51:10     all    0.07    9.49   10.14    0.00    0.00    5.66    0.00    0.00    0.00   74.64
03:51:11     all    0.00    5.38   10.60    0.00    0.00    6.16    0.00    0.00    0.00   77.87
03:51:12     all    0.00    6.88    9.34    0.00    0.00    6.16    0.00    0.00    0.00   77.61
03:51:13     all    0.00    4.65    9.33    0.00    0.00    6.58    0.00    0.00    0.00   79.44
03:51:14     all    0.03    5.73    8.85    0.00    0.00    5.83    0.00    0.00    0.00   79.56
03:51:15     all    0.00    6.37    9.14    0.00    0.00    5.30    0.00    0.00    0.00   79.19
03:51:16     all    0.00    6.10    9.29    0.00    0.00    5.42    0.00    0.00    0.00   79.19
03:51:17     all    0.19    7.48    9.86    0.00    0.00    5.93    0.00    0.00    0.00   76.53
03:51:18     all    0.00    7.61    9.04    0.00    0.00    5.58    0.00    0.00    0.00   77.77
03:51:19     all    0.00    7.14   10.01    0.00    0.00    6.23    0.00    0.00    0.00   76.61
03:51:20     all    0.06    5.37   10.35    0.00    0.00    6.18    0.00    0.00    0.00   78.04
03:51:21     all    0.00    5.41    9.36    0.00    0.00    5.99    0.00    0.00    0.00   79.24
03:51:22     all    0.00    6.70    9.61    0.00    0.00    5.99    0.00    0.00    0.00   77.71
03:51:23     all    0.00    6.06    9.63    0.00    0.00    6.19    0.00    0.00    0.00   78.12
03:51:24     all    0.00    5.61    8.73    0.00    0.00    5.68    0.00    0.00    0.00   79.99
03:51:25     all    0.00   10.51    9.89    0.00    0.00    5.66    0.00    0.00    0.00   73.94
03:51:26     all    0.00    4.19   10.52    0.00    0.00    6.53    0.00    0.00    0.00   78.76
03:51:27     all    0.00    5.09   10.06    0.00    0.00    5.77    0.00    0.00    0.00   79.08
03:51:28     all    0.00    6.96    9.80    0.00    0.00    5.67    0.00    0.00    0.00   77.57
03:51:29     all    0.00    6.18    9.87    0.00    0.00    6.31    0.00    0.00    0.00   77.64
03:51:30     all    0.06    6.49    9.82    0.00    0.00    5.72    0.00    0.00    0.00   77.91
03:51:31     all    0.00    9.09    9.03    0.00    0.00    5.00    0.00    0.00    0.00   76.87
03:51:32     all    0.00    6.35   10.58    0.00    0.00    6.39    0.00    0.00    0.00   76.68
03:51:33     all    0.00    5.89    9.85    0.00    0.00    5.85    0.00    0.00    0.00   78.41
03:51:34     all    0.00    5.39   10.06    0.00    0.00    5.42    0.00    0.00    0.00   79.13
03:51:35     all    0.00    5.53   10.55    0.00    0.00    6.31    0.00    0.00    0.00   77.61
03:51:36     all    0.00    7.90   10.95    0.00    0.00    6.14    0.00    0.00    0.00   75.01
03:51:37     all    0.03    5.11   10.51    0.00    0.00    6.02    0.00    0.00    0.00   78.33
03:51:38     all    0.00    9.83   10.03    0.00    0.00    6.41    0.00    0.00    0.00   73.72
03:51:39     all    0.00    4.54   11.42    0.00    0.00    6.69    0.00    0.00    0.00   77.35
03:51:40     all    0.10    4.49   10.77    0.00    0.00    6.85    0.00    0.00    0.00   77.79
03:51:41     all    0.00    7.91   11.33    0.00    0.00    6.33    0.00    0.00    0.00   74.44
03:51:42     all    0.00    4.58   11.10    0.00    0.00    6.55    0.00    0.00    0.00   77.77
03:51:43     all    0.00    4.59   10.61    0.00    0.00    6.63    0.00    0.00    0.00   78.17
03:51:44     all    0.00    5.76   10.23    0.00    0.00    6.41    0.00    0.00    0.00   77.59
03:51:45     all    0.00    8.26    9.83    0.00    0.00    6.07    0.00    0.00    0.00   75.83
03:51:46     all    0.00    8.77   11.29    0.00    0.00    6.54    0.00    0.00    0.00   73.41
03:51:47     all    0.00    3.58   11.27    0.00    0.00    6.71    0.00    0.00    0.00   78.43
03:51:48     all    0.00    4.71   11.47    0.00    0.00    6.92    0.00    0.00    0.00   76.89
03:51:49     all    0.00    5.61   10.37    0.00    0.00    6.36    0.00    0.00    0.00   77.66
03:51:50     all    0.06    6.16   11.06    0.00    0.00    6.00    0.00    0.00    0.00   76.70
03:51:51     all    0.00    3.89    9.99    0.00    0.00    6.23    0.00    0.00    0.00   79.88
03:51:52     all    0.00    9.42   10.27    0.00    0.00    5.90    0.00    0.00    0.00   74.40
03:51:53     all    0.00    4.91   10.46    0.00    0.00    6.65    0.00    0.00    0.00   77.98
03:51:54     all    0.00    9.71   10.75    0.00    0.00    6.16    0.00    0.00    0.00   73.38
03:51:55     all    0.00    3.93   10.80    0.00    0.00    7.02    0.00    0.00    0.00   78.24
03:51:56     all    0.00    5.90   10.74    0.00    0.00    6.58    0.00    0.00    0.00   76.78
03:51:57     all    0.03    4.56   10.51    0.00    0.00    6.34    0.00    0.00    0.00   78.56
03:51:58     all    0.00    9.10   10.07    0.00    0.00    6.53    0.00    0.00    0.00   74.30
03:51:59     all    0.00    4.77   10.64    0.00    0.00    6.49    0.00    0.00    0.00   78.10
03:52:00     all    0.32    5.63   10.45    0.00    0.00    6.41    0.00    0.00    0.00   77.19
03:52:01     all    0.00    5.28   10.21    0.00    0.00    5.99    0.00    0.00    0.00   78.52
03:52:02     all    0.00    6.37    9.69    0.00    0.00    6.08    0.00    0.00    0.00   77.85
03:52:03     all    0.00   10.33   10.26    0.00    0.00    5.96    0.00    0.00    0.00   73.45
03:52:04     all    0.00    4.42   11.06    0.00    0.00    6.22    0.00    0.00    0.00   78.31
03:52:05     all    0.00    8.66   11.06    0.00    0.00    6.42    0.00    0.00    0.00   73.85
03:52:06     all    0.00    4.57   10.62    0.00    0.00    7.19    0.00    0.00    0.00   77.62
03:52:07     all    0.00    5.56   10.53    0.00    0.00    6.98    0.00    0.00    0.00   76.93
03:52:08     all    0.00    9.52   10.71    0.00    0.00    6.42    0.00    0.00    0.00   73.35
03:52:09     all    0.00   39.15   11.69    0.00    0.00    6.38    0.00    0.00    0.00   42.77
03:52:10     all    0.10   21.89   11.28    0.00    0.00    6.70    0.00    0.00    0.00   60.03
03:52:11     all    0.00    5.10    9.58    0.00    0.00    6.45    0.00    0.00    0.00   78.86
03:52:12     all    0.00    8.81   10.63    0.00    0.00    6.39    0.00    0.00    0.00   74.17
03:52:13     all    0.00   38.75   11.92    0.00    0.00    6.27    0.00    0.00    0.00   43.06
03:52:14     all    0.00   22.32   10.70    0.00    0.00    6.43    0.00    0.00    0.00   60.54
03:52:15     all    0.00    3.98   10.66    0.00    0.00    6.45    0.00    0.00    0.00   78.91
03:52:16     all    0.00   13.80   10.93    0.00    0.00    6.49    0.00    0.00    0.00   68.79
03:52:17     all    0.03   40.20   11.31    0.00    0.00    6.39    0.00    0.00    0.00   42.06
03:52:18     all    0.00   38.68   11.79    0.00    0.00    6.71    0.00    0.00    0.00   42.82
03:52:19     all    0.00   23.31   11.13    0.00    0.00    6.35    0.00    0.00    0.00   59.20
03:52:20     all    0.07    4.46   11.24    0.00    0.00    6.46    0.00    0.00    0.00   77.78
03:52:21     all    0.00   27.06   11.17    0.00    0.00    6.66    0.00    0.00    0.00   55.11
03:52:22     all    0.00   29.71   11.55    0.00    0.00    6.18    0.00    0.00    0.00   52.55
03:52:23     all    0.00    4.90   10.28    0.00    0.00    5.93    0.00    0.00    0.00   78.89
03:52:24     all    0.00    3.12    8.92    0.00    0.00    6.18    0.00    0.00    0.00   81.77
03:52:25     all    0.00   11.30    7.77    0.00    0.00    4.24    0.00    0.00    0.00   76.69
03:52:26     all    0.00    4.41    6.47    0.00    0.00    4.05    0.00    0.00    0.00   85.07
03:52:27     all    0.03    7.65    7.16    0.00    0.00    4.43    0.00    0.00    0.00   80.73
03:52:28     all    0.00    5.30    7.65    0.00    0.00    4.24    0.00    0.00    0.00   82.80
03:52:29     all    0.00    4.84    6.10    0.00    0.00    4.22    0.00    0.00    0.00   84.84
03:52:30     all    0.03    5.28    7.01    0.00    0.00    4.12    0.00    0.00    0.00   83.56
03:52:31     all    0.00    4.81    6.51    0.00    0.00    4.49    0.00    0.00    0.00   84.18
03:52:32     all    0.00    4.29    6.45    0.00    0.00    3.94    0.00    0.00    0.00   85.32
03:52:33     all    0.00    6.10    5.94    0.00    0.00    4.06    0.00    0.00    0.00   83.90
03:52:34     all    0.00    4.44    6.06    0.00    0.00    3.66    0.00    0.00    0.00   85.85
03:52:35     all    0.00    8.99    6.70    0.00    0.00    4.00    0.00    0.00    0.00   80.31
03:52:36     all    0.00    4.82    7.40    0.00    0.00    4.50    0.00    0.00    0.00   83.28
03:52:37     all    0.06    4.38    7.42    0.00    0.00    4.32    0.00    0.00    0.00   83.81
03:52:38     all    0.00    5.81    6.97    0.00    0.00    4.00    0.00    0.00    0.00   83.21
03:52:39     all    0.00    4.66    6.71    0.00    0.00    4.24    0.00    0.00    0.00   84.39
03:52:40     all    0.10    5.10    6.93    0.00    0.00    4.04    0.00    0.00    0.00   83.82
03:52:41     all    0.00    4.78    6.84    0.00    0.00    3.95    0.00    0.00    0.00   84.43
03:52:42     all    0.00    5.50    7.13    0.00    0.00    4.19    0.00    0.00    0.00   83.18
03:52:43     all    0.00    5.31    5.77    0.00    0.00    4.05    0.00    0.00    0.00   84.87
03:52:44     all    0.00   10.12    6.30    0.00    0.00    4.23    0.00    0.00    0.00   79.35
03:52:45     all    0.03    4.46    6.69    0.00    0.00    4.39    0.00    0.00    0.00   84.43
03:52:46     all    0.00    5.31    6.09    0.00    0.00    3.82    0.00    0.00    0.00   84.78
03:52:47     all    0.03    4.39    5.51    0.00    0.00    3.39    0.00    0.00    0.00   86.68
03:52:48     all    0.00    4.81    5.19    0.00    0.00    3.43    0.00    0.00    0.00   86.57
03:52:49     all    0.00    5.95    4.91    0.00    0.00    3.07    0.00    0.00    0.00   86.07
03:52:50     all    0.10    5.24    5.01    0.00    0.00    3.15    0.00    0.00    0.00   86.50
03:52:51     all    0.00    5.01    5.11    0.00    0.00    3.13    0.00    0.00    0.00   86.76
03:52:52     all    0.00    4.92    3.24    0.00    0.00    1.65    0.00    0.00    0.00   90.18
03:52:53     all    0.00    4.65    1.82    0.00    0.00    0.69    0.00    0.00    0.00   92.84
03:52:54     all    0.00    4.51    1.45    0.00    0.00    0.57    0.00    0.00    0.00   93.47
03:52:55     all    0.00    4.85    1.54    0.00    0.00    0.76    0.00    0.00    0.00   92.85
03:52:56     all    0.03    5.32    1.64    0.00    0.00    0.91    0.00    0.00    0.00   92.10
03:52:57     all    0.00    4.51    1.70    0.00    0.00    0.54    0.00    0.00    0.00   93.25
03:52:58     all    0.00    4.50    1.67    0.00    0.00    0.72    0.00    0.00    0.00   93.10
03:52:59     all    0.00    4.49    1.26    0.00    0.00    0.73    0.00    0.00    0.00   93.52
03:53:00     all    0.28    4.50    1.70    0.00    0.00    0.91    0.00    0.00    0.00   92.61
03:53:01     all    0.00    4.38    1.67    0.00    0.00    0.44    0.00    0.00    0.00   93.52
03:53:02     all    0.00    4.65    1.67    0.00    0.00    0.79    0.00    0.00    0.00   92.90
03:53:03     all    0.00    3.88    1.23    0.00    0.00    0.54    0.00    0.00    0.00   94.36
03:53:04     all    0.00    5.05    1.67    0.00    0.00    0.69    0.00    0.00    0.00   92.58
03:53:05     all    0.00    4.10    1.32    0.00    0.00    0.38    0.00    0.00    0.00   94.20
03:53:06     all    0.00    4.32    1.36    0.00    0.00    0.66    0.00    0.00    0.00   93.66
03:53:07     all    0.03    4.72    1.48    0.00    0.00    1.01    0.00    0.00    0.00   92.76
03:53:08     all    0.00    5.22    1.64    0.00    0.00    0.66    0.00    0.00    0.00   92.47
03:53:09     all    0.00    5.16    1.54    0.00    0.00    1.01    0.00    0.00    0.00   92.29
03:53:10     all    0.09    4.33    1.51    0.00    0.00    1.07    0.00    0.00    0.00   93.00
03:53:11     all    0.00    4.67    1.94    0.00    0.00    0.94    0.00    0.00    0.00   92.44
03:53:12     all    0.03    4.92    1.73    0.00    0.00    0.76    0.00    0.00    0.00   92.56

Average:     all    0.02    3.15    4.67    0.00    0.00    2.43    0.00    0.00    0.00   89.73
