Linux 4.20.0+ (eternitystorage) 	01/13/24 	_x86_64_	(32 CPU)

23:18:36     CPU    %usr   %nice    %sys %iowait    %irq   %soft  %steal  %guest  %gnice   %idle
23:18:37     all    0.00    0.00    0.03    0.00    0.00    0.00    0.00    0.00    0.00   99.97
23:18:38     all    0.00    0.03    0.00    0.00    0.00    0.00    0.00    0.00    0.00   99.97
23:18:39     all    0.00    0.00    0.00    0.00    0.00    0.00    0.00    0.00    0.00  100.00
23:18:40     all    0.09    0.03    0.06    0.00    0.00    0.00    0.00    0.00    0.00   99.81
23:18:41     all    0.00    0.00    0.03    0.00    0.00    0.00    0.00    0.00    0.00   99.97
23:18:42     all    0.00    0.03    0.00    0.00    0.00    0.00    0.00    0.00    0.00   99.97
23:18:43     all    0.00    0.00    0.03    0.00    0.00    0.00    0.00    0.00    0.00   99.97
23:18:44     all    0.00    0.03    0.00    0.00    0.00    0.00    0.00    0.00    0.00   99.97
23:18:45     all    0.00    0.00    0.00    0.00    0.00    0.00    0.00    0.00    0.00  100.00
23:18:46     all    0.00    0.03    0.00    0.00    0.00    0.00    0.00    0.00    0.00   99.97
23:18:47     all    0.00    0.00    0.00    0.00    0.00    0.00    0.00    0.00    0.00  100.00
23:18:48     all    0.00    0.00    0.00    0.00    0.00    0.00    0.00    0.00    0.00  100.00
23:18:49     all    0.00    0.03    0.00    0.00    0.00    0.00    0.00    0.00    0.00   99.97
23:18:50     all    0.09    0.03    0.03    0.00    0.00    0.00    0.00    0.00    0.00   99.84
23:18:51     all    0.03    0.00    0.03    0.00    0.00    0.00    0.00    0.00    0.00   99.94
23:18:52     all    0.00    0.03    0.31    0.00    0.00    0.03    0.00    0.00    0.00   99.62
23:18:53     all    0.00    0.00    0.25    0.00    0.00    0.03    0.00    0.00    0.00   99.72
23:18:54     all    0.00    0.03    0.38    0.00    0.00    0.00    0.00    0.00    0.00   99.59
23:18:55     all    0.00    0.00    0.06    0.00    0.00    0.00    0.00    0.00    0.00   99.94
23:18:56     all    0.00    0.03    0.69    0.00    0.00    0.03    0.00    0.00    0.00   99.25
23:18:57     all    0.00    0.03    0.06    0.00    0.00    0.00    0.00    0.00    0.00   99.91
23:18:58     all    0.00    0.00    0.31    0.00    0.00    0.03    0.00    0.00    0.00   99.66
23:18:59     all    0.03    0.03    0.03    0.00    0.00    0.00    0.00    0.00    0.00   99.91
23:19:00     all    0.53    0.03    0.22    0.00    0.00    0.00    0.00    0.00    0.00   99.22
23:19:01     all    0.03    0.03    0.38    0.00    0.00    0.00    0.00    0.00    0.00   99.56
23:19:02     all    0.00    0.03    0.28    0.00    0.00    0.00    0.00    0.00    0.00   99.69
23:19:03     all    0.00    0.00    0.03    0.00    0.00    0.00    0.00    0.00    0.00   99.97
23:19:04     all    0.03    0.03    0.00    0.00    0.00    0.00    0.00    0.00    0.00   99.94
23:19:05     all    0.00    0.03    0.00    0.00    0.00    0.00    0.00    0.00    0.00   99.97
23:19:06     all    0.00    0.03    0.03    0.00    0.00    0.00    0.00    0.00    0.00   99.94
23:19:07     all    0.22    0.03    0.13    0.00    0.00    0.00    0.00    0.00    0.00   99.62
23:19:08     all    0.00    0.00    0.34    0.00    0.00    0.00    0.00    0.00    0.00   99.66
23:19:09     all    0.00    0.06    0.50    0.00    0.00    0.03    0.00    0.00    0.00   99.41
23:19:10     all    0.06    0.00    1.25    0.00    0.00    0.00    0.00    0.00    0.00   98.68
23:19:11     all    0.00    0.03    1.69    0.00    0.00    0.03    0.00    0.00    0.00   98.24
23:19:12     all    0.00    0.03    1.73    0.00    0.00    0.16    0.00    0.00    0.00   98.09
23:19:13     all    0.00    0.03    2.64    0.00    0.00    0.13    0.00    0.00    0.00   97.20
23:19:14     all    0.00    0.03    2.67    0.00    0.00    0.22    0.00    0.00    0.00   97.07
23:19:15     all    0.00    0.00    2.86    0.00    0.00    0.22    0.00    0.00    0.00   96.92
23:19:16     all    0.00    0.03    2.93    0.00    0.00    0.19    0.00    0.00    0.00   96.85
23:19:17     all    0.00    0.03    3.39    0.00    0.00    0.22    0.00    0.00    0.00   96.36
23:19:18     all    0.00    0.03    3.03    0.00    0.00    0.16    0.00    0.00    0.00   96.78
23:19:19     all    0.00    0.03    3.83    0.00    0.00    0.31    0.00    0.00    0.00   95.83
23:19:20     all    0.06    0.03    3.80    0.00    0.00    0.44    0.00    0.00    0.00   95.67
23:19:21     all    0.00    0.03    3.74    0.00    0.00    0.22    0.00    0.00    0.00   96.00
23:19:22     all    0.00    0.00    3.92    0.00    0.00    0.25    0.00    0.00    0.00   95.83
23:19:23     all    0.00    0.03    3.71    0.00    0.00    0.35    0.00    0.00    0.00   95.92
23:19:24     all    0.00    0.03    3.68    0.00    0.00    0.28    0.00    0.00    0.00   96.01
23:19:25     all    0.00    0.03    4.21    0.00    0.00    0.31    0.00    0.00    0.00   95.45
23:19:26     all    0.00    0.03    3.85    0.00    0.00    0.35    0.00    0.00    0.00   95.78
23:19:27     all    0.00    0.00    3.91    0.00    0.00    0.28    0.00    0.00    0.00   95.81
23:19:28     all    0.00    0.03    3.42    0.00    0.00    0.25    0.00    0.00    0.00   96.29
23:19:29     all    0.03    0.03    3.94    0.00    0.00    0.19    0.00    0.00    0.00   95.81
23:19:30     all    0.06    0.03    3.99    0.00    0.00    0.53    0.00    0.00    0.00   95.38
23:19:31     all    0.03    0.03    3.91    0.00    0.00    0.38    0.00    0.00    0.00   95.65
23:19:32     all    0.00    0.00    3.94    0.00    0.00    0.25    0.00    0.00    0.00   95.81
23:19:33     all    0.00    0.03    3.91    0.00    0.00    0.25    0.00    0.00    0.00   95.81
23:19:34     all    0.00    0.03    4.22    0.00    0.00    0.22    0.00    0.00    0.00   95.53
23:19:35     all    0.00    0.03    4.12    0.00    0.00    0.31    0.00    0.00    0.00   95.54
23:19:36     all    0.00    0.03    4.06    0.00    0.00    0.31    0.00    0.00    0.00   95.59
23:19:37     all    0.00    0.00    4.32    0.00    0.00    0.41    0.00    0.00    0.00   95.27
23:19:38     all    0.00    0.03    3.90    0.00    0.00    0.38    0.00    0.00    0.00   95.69
23:19:39     all    0.00    0.03    4.39    0.00    0.00    0.31    0.00    0.00    0.00   95.27
23:19:40     all    0.06    0.03    4.30    0.00    0.00    0.25    0.00    0.00    0.00   95.35
23:19:41     all    0.03    0.03    4.27    0.00    0.00    0.31    0.00    0.00    0.00   95.35
23:19:42     all    0.00    0.00    4.02    0.00    0.00    0.44    0.00    0.00    0.00   95.54
23:19:43     all    0.03    0.03    3.66    0.00    0.00    0.32    0.00    0.00    0.00   95.96
23:19:44     all    0.00    0.03    4.08    0.00    0.00    0.41    0.00    0.00    0.00   95.48
23:19:45     all    0.00    0.03    4.33    0.00    0.00    0.35    0.00    0.00    0.00   95.29
23:19:46     all    0.00    0.03    4.00    0.00    0.00    0.25    0.00    0.00    0.00   95.72
23:19:47     all    0.00    0.00    3.70    0.00    0.00    0.38    0.00    0.00    0.00   95.93
23:19:48     all    0.00    0.03    4.24    0.00    0.00    0.28    0.00    0.00    0.00   95.44
23:19:49     all    0.00    0.03    4.00    0.00    0.00    0.25    0.00    0.00    0.00   95.71
23:19:50     all    0.06    0.03    4.18    0.00    0.00    0.31    0.00    0.00    0.00   95.41
23:19:51     all    0.03    0.03    3.97    0.00    0.00    0.28    0.00    0.00    0.00   95.69
23:19:52     all    0.00    0.00    3.70    0.00    0.00    0.22    0.00    0.00    0.00   96.08
23:19:53     all    0.00    0.03    4.21    0.00    0.00    0.28    0.00    0.00    0.00   95.48
23:19:54     all    0.00    0.03    3.75    0.00    0.00    0.28    0.00    0.00    0.00   95.93
23:19:55     all    0.00    0.03    4.00    0.00    0.00    0.28    0.00    0.00    0.00   95.69
23:19:56     all    0.00    0.03    3.72    0.00    0.00    0.35    0.00    0.00    0.00   95.90
23:19:57     all    0.03    0.00    3.72    0.00    0.00    0.32    0.00    0.00    0.00   95.93
23:19:58     all    0.00    0.03    4.18    0.00    0.00    0.31    0.00    0.00    0.00   95.48
23:19:59     all    0.00    0.03    4.27    0.00    0.00    0.31    0.00    0.00    0.00   95.38
23:20:00     all    0.63    0.03    4.49    0.00    0.00    0.28    0.00    0.00    0.00   94.57
23:20:01     all    0.03    0.03    4.66    0.00    0.00    0.19    0.00    0.00    0.00   95.09
23:20:02     all    0.00    0.00    4.33    0.00    0.00    0.31    0.00    0.00    0.00   95.35
23:20:03     all    0.00    0.03    3.82    0.00    0.00    0.35    0.00    0.00    0.00   95.81
23:20:04     all    0.00    0.03    4.15    0.00    0.00    0.31    0.00    0.00    0.00   95.50
23:20:05     all    0.00    0.03    3.88    0.00    0.00    0.32    0.00    0.00    0.00   95.78
23:20:06     all    0.00    0.03    4.42    0.00    0.00    0.25    0.00    0.00    0.00   95.29
23:20:07     all    0.03    0.00    3.85    0.00    0.00    0.25    0.00    0.00    0.00   95.87
23:20:08     all    0.00    0.03    3.91    0.00    0.00    0.32    0.00    0.00    0.00   95.75
23:20:09     all    0.00    0.03    4.33    0.00    0.00    0.28    0.00    0.00    0.00   95.35
23:20:10     all    0.03    0.03    4.03    0.00    0.00    0.41    0.00    0.00    0.00   95.50
23:20:11     all    0.03    0.03    4.18    0.00    0.00    0.28    0.00    0.00    0.00   95.47
23:20:12     all    0.00    0.00    4.09    0.00    0.00    0.35    0.00    0.00    0.00   95.56
23:20:13     all    0.00    0.03    3.79    0.00    0.00    0.25    0.00    0.00    0.00   95.93
23:20:14     all    0.00    0.03    3.94    0.00    0.00    0.35    0.00    0.00    0.00   95.68
23:20:15     all    0.00    0.03    3.48    0.00    0.00    0.13    0.00    0.00    0.00   96.36
23:20:16     all    0.00    0.03    4.03    0.00    0.00    0.28    0.00    0.00    0.00   95.66
23:20:17     all    0.00    0.00    3.94    0.00    0.00    0.22    0.00    0.00    0.00   95.84
23:20:18     all    0.00    0.03    4.12    0.00    0.00    0.35    0.00    0.00    0.00   95.50
23:20:19     all    0.00    0.03    4.48    0.00    0.00    0.28    0.00    0.00    0.00   95.20
23:20:20     all    0.06    0.03    3.76    0.00    0.00    0.35    0.00    0.00    0.00   95.80
23:20:21     all    0.03    0.03    4.24    0.00    0.00    0.22    0.00    0.00    0.00   95.47
23:20:22     all    0.00    0.00    4.06    0.00    0.00    0.41    0.00    0.00    0.00   95.53
23:20:23     all    0.03    0.03    4.36    0.00    0.00    0.28    0.00    0.00    0.00   95.29
23:20:24     all    0.00    0.03    4.11    0.00    0.00    0.31    0.00    0.00    0.00   95.54
23:20:25     all    0.00    0.03    3.73    0.00    0.00    0.25    0.00    0.00    0.00   95.99
23:20:26     all    0.00    0.03    4.03    0.00    0.00    0.22    0.00    0.00    0.00   95.72
23:20:27     all    0.00    0.00    4.10    0.00    0.00    0.25    0.00    0.00    0.00   95.65
23:20:28     all    0.00    0.03    4.03    0.00    0.00    0.25    0.00    0.00    0.00   95.69
23:20:29     all    0.00    0.03    4.21    0.00    0.00    0.22    0.00    0.00    0.00   95.54
23:20:30     all    0.06    0.03    3.88    0.00    0.00    0.38    0.00    0.00    0.00   95.65
23:20:31     all    0.03    0.03    4.06    0.00    0.00    0.35    0.00    0.00    0.00   95.53
23:20:32     all    0.00    0.00    4.14    0.00    0.00    0.28    0.00    0.00    0.00   95.57
23:20:33     all    0.00    0.03    4.27    0.00    0.00    0.31    0.00    0.00    0.00   95.39
23:20:34     all    0.00    0.03    4.09    0.00    0.00    0.31    0.00    0.00    0.00   95.57
23:20:35     all    0.00    0.03    4.24    0.00    0.00    0.31    0.00    0.00    0.00   95.41
23:20:36     all    0.03    0.03    3.48    0.00    0.00    0.41    0.00    0.00    0.00   96.05
23:20:37     all    0.00    0.00    3.76    0.00    0.00    0.25    0.00    0.00    0.00   95.99
23:20:38     all    0.00    0.03    4.30    0.00    0.00    0.35    0.00    0.00    0.00   95.33
23:20:39     all    0.00    0.03    3.63    0.00    0.00    0.35    0.00    0.00    0.00   95.99
23:20:40     all    0.06    0.03    4.09    0.00    0.00    0.38    0.00    0.00    0.00   95.44
23:20:41     all    0.06    0.03    3.88    0.00    0.00    0.28    0.00    0.00    0.00   95.75
23:20:42     all    0.00    0.00    3.99    0.00    0.00    0.28    0.00    0.00    0.00   95.72
23:20:43     all    0.00    0.03    4.02    0.00    0.00    0.35    0.00    0.00    0.00   95.60
23:20:44     all    0.00    0.03    4.06    0.00    0.00    0.41    0.00    0.00    0.00   95.50
23:20:45     all    0.00    0.03    4.09    0.00    0.00    0.35    0.00    0.00    0.00   95.53
23:20:46     all    0.00    0.03    3.97    0.00    0.00    0.25    0.00    0.00    0.00   95.75
23:20:47     all    0.00    0.00    3.76    0.00    0.00    0.32    0.00    0.00    0.00   95.93
23:20:48     all    0.00    0.03    4.06    0.00    0.00    0.31    0.00    0.00    0.00   95.59
23:20:49     all    0.00    0.03    3.88    0.00    0.00    0.35    0.00    0.00    0.00   95.75
23:20:50     all    0.09    0.03    4.30    0.00    0.00    0.35    0.00    0.00    0.00   95.23
23:20:51     all    0.00    0.03    4.06    0.00    0.00    0.41    0.00    0.00    0.00   95.50
23:20:52     all    0.00    0.03    4.03    0.00    0.00    0.31    0.00    0.00    0.00   95.62
23:20:53     all    0.00    0.03    3.88    0.00    0.00    0.44    0.00    0.00    0.00   95.65
23:20:54     all    0.00    0.00    4.12    0.00    0.00    0.19    0.00    0.00    0.00   95.69
23:20:55     all    0.00    0.03    4.21    0.00    0.00    0.31    0.00    0.00    0.00   95.44
23:20:56     all    0.00    0.03    3.88    0.00    0.00    0.32    0.00    0.00    0.00   95.77
23:20:57     all    0.00    0.03    4.45    0.00    0.00    0.22    0.00    0.00    0.00   95.29
23:20:58     all    0.00    0.03    4.33    0.00    0.00    0.31    0.00    0.00    0.00   95.32
23:20:59     all    0.00    0.00    4.16    0.00    0.00    0.25    0.00    0.00    0.00   95.59
23:21:00     all    0.57    0.03    4.27    0.00    0.00    0.57    0.00    0.00    0.00   94.57
23:21:01     all    0.03    0.03    4.06    0.00    0.00    0.31    0.00    0.00    0.00   95.56
23:21:02     all    0.00    0.03    4.01    0.00    0.00    0.19    0.00    0.00    0.00   95.77
23:21:03     all    0.00    0.03    4.09    0.00    0.00    0.28    0.00    0.00    0.00   95.59
23:21:04     all    0.00    0.00    4.49    0.06    0.00    0.35    0.00    0.00    0.00   95.11
23:21:05     all    0.00    0.03    4.45    0.00    0.00    0.31    0.00    0.00    0.00   95.20
23:21:06     all    0.00    0.03    3.92    0.00    0.00    0.28    0.00    0.00    0.00   95.77
23:21:07     all    0.00    0.03    4.45    0.00    0.00    0.50    0.00    0.00    0.00   95.02
23:21:08     all    0.00    0.03    4.12    0.00    0.00    0.35    0.00    0.00    0.00   95.50
23:21:09     all    0.00    0.00    4.31    0.00    0.00    0.25    0.00    0.00    0.00   95.44
23:21:10     all    0.06    0.03    4.01    0.00    0.00    0.44    0.00    0.00    0.00   95.45
23:21:11     all    0.03    0.03    4.19    0.00    0.00    0.28    0.00    0.00    0.00   95.47
23:21:12     all    0.00    0.00    4.28    0.00    0.00    0.31    0.00    0.00    0.00   95.41
23:21:13     all    0.00    0.03    4.31    0.00    0.00    0.28    0.00    0.00    0.00   95.38
23:21:14     all    0.00    0.03    4.22    0.00    0.00    0.28    0.00    0.00    0.00   95.47
23:21:15     all    0.00    0.03    4.43    0.00    0.00    0.22    0.00    0.00    0.00   95.32
23:21:16     all    0.00    0.03    4.06    0.00    0.00    0.32    0.00    0.00    0.00   95.59
23:21:17     all    0.22    0.00    4.07    0.00    0.00    0.19    0.00    0.00    0.00   95.52
23:21:18     all    0.00    0.03    3.97    0.00    0.00    0.35    0.00    0.00    0.00   95.65
23:21:19     all    0.00    0.03    4.15    0.00    0.00    0.38    0.00    0.00    0.00   95.44
23:21:20     all    0.06    0.03    4.37    0.00    0.00    0.25    0.00    0.00    0.00   95.28
23:21:21     all    0.00    0.03    4.36    0.00    0.00    0.35    0.00    0.00    0.00   95.26
23:21:22     all    0.00    0.00    3.83    0.00    0.00    0.19    0.00    0.00    0.00   95.98
23:21:23     all    0.00    0.03    3.97    0.00    0.00    0.28    0.00    0.00    0.00   95.71
23:21:24     all    0.00    0.03    4.06    0.00    0.00    0.31    0.00    0.00    0.00   95.59
23:21:25     all    0.00    0.03    4.09    0.00    0.00    0.28    0.00    0.00    0.00   95.59
23:21:26     all    0.00    0.03    4.25    0.00    0.00    0.19    0.00    0.00    0.00   95.53
23:21:27     all    0.00    0.00    3.92    0.00    0.00    0.25    0.00    0.00    0.00   95.83
23:21:28     all    0.00    0.03    4.24    0.00    0.00    0.41    0.00    0.00    0.00   95.32
23:21:29     all    0.00    0.03    4.43    0.00    0.00    0.22    0.00    0.00    0.00   95.32
23:21:30     all    0.09    0.00    3.92    0.00    0.00    0.28    0.00    0.00    0.00   95.70
23:21:31     all    0.03    0.03    4.37    0.00    0.00    0.31    0.00    0.00    0.00   95.26
23:21:32     all    0.00    0.03    4.42    0.00    0.00    0.31    0.00    0.00    0.00   95.23
23:21:33     all    0.00    0.03    4.27    0.00    0.00    0.41    0.00    0.00    0.00   95.29
23:21:34     all    0.00    0.03    4.33    0.00    0.00    0.41    0.00    0.00    0.00   95.23
23:21:35     all    0.00    0.00    3.85    0.00    0.00    0.25    0.00    0.00    0.00   95.90
23:21:36     all    0.13    0.03    4.33    0.00    0.00    0.47    0.00    0.00    0.00   95.05
23:21:37     all    0.00    0.03    4.19    0.00    0.00    0.25    0.00    0.00    0.00   95.53
23:21:38     all    0.00    0.03    3.92    0.00    0.00    0.28    0.00    0.00    0.00   95.77
23:21:39     all    0.00    0.03    4.52    0.00    0.00    0.25    0.00    0.00    0.00   95.20
23:21:40     all    0.09    0.00    4.18    0.00    0.00    0.44    0.00    0.00    0.00   95.28
23:21:41     all    0.03    0.03    4.07    0.00    0.00    0.22    0.00    0.00    0.00   95.65
23:21:42     all    0.00    0.03    4.48    0.00    0.00    0.38    0.00    0.00    0.00   95.11
23:21:43     all    0.00    0.03    4.22    0.00    0.00    0.16    0.00    0.00    0.00   95.59
23:21:44     all    0.00    0.03    4.01    0.00    0.00    0.25    0.00    0.00    0.00   95.71
23:21:45     all    0.00    0.00    4.52    0.00    0.00    0.28    0.00    0.00    0.00   95.20
23:21:46     all    0.00    0.03    3.97    0.00    0.00    0.25    0.00    0.00    0.00   95.74
23:21:47     all    0.00    0.03    4.37    0.00    0.00    0.28    0.00    0.00    0.00   95.32
23:21:48     all    0.00    0.03    3.85    0.00    0.00    0.35    0.00    0.00    0.00   95.77
23:21:49     all    0.00    0.03    3.97    0.00    0.00    0.32    0.00    0.00    0.00   95.68
23:21:50     all    0.06    0.03    4.45    0.00    0.00    0.50    0.00    0.00    0.00   94.95
23:21:51     all    0.00    0.03    4.33    0.00    0.00    0.35    0.00    0.00    0.00   95.29
23:21:52     all    0.00    0.00    4.22    0.00    0.00    0.31    0.00    0.00    0.00   95.47
23:21:53     all    0.00    0.03    3.97    0.00    0.00    0.28    0.00    0.00    0.00   95.71
23:21:54     all    0.00    0.03    4.22    0.00    0.00    0.25    0.00    0.00    0.00   95.50
23:21:55     all    0.00    0.03    4.40    0.00    0.00    0.31    0.00    0.00    0.00   95.26
23:21:56     all    0.03    0.03    4.28    0.00    0.00    0.22    0.00    0.00    0.00   95.44
23:21:57     all    0.00    0.03    4.15    0.00    0.00    0.31    0.00    0.00    0.00   95.50
23:21:58     all    0.00    0.03    4.37    0.00    0.00    0.31    0.00    0.00    0.00   95.29
23:21:59     all    0.00    0.00    4.31    0.00    0.00    0.28    0.00    0.00    0.00   95.41
23:22:00     all    0.63    0.03    4.37    0.00    0.00    0.28    0.00    0.00    0.00   94.68
23:22:01     all    0.00    0.03    4.37    0.00    0.00    0.22    0.00    0.00    0.00   95.38
23:22:02     all    0.00    0.03    4.40    0.00    0.00    0.28    0.00    0.00    0.00   95.29
23:22:03     all    0.00    0.03    4.28    0.00    0.00    0.31    0.00    0.00    0.00   95.38
23:22:04     all    0.00    0.00    3.92    0.00    0.00    0.19    0.00    0.00    0.00   95.89
23:22:05     all    0.00    0.03    4.46    0.00    0.00    0.35    0.00    0.00    0.00   95.17
23:22:06     all    0.00    0.03    3.76    0.00    0.00    0.22    0.00    0.00    0.00   95.99
23:22:07     all    0.00    0.03    4.19    0.00    0.00    0.22    0.00    0.00    0.00   95.56
23:22:08     all    0.00    0.03    4.22    0.00    0.00    0.25    0.00    0.00    0.00   95.50
23:22:09     all    0.00    0.00    4.25    0.00    0.00    0.28    0.00    0.00    0.00   95.47
23:22:10     all    0.06    0.03    4.13    0.00    0.00    0.25    0.00    0.00    0.00   95.52
23:22:11     all    0.00    0.03    4.33    0.00    0.00    0.44    0.00    0.00    0.00   95.19
23:22:12     all    0.00    0.03    4.36    0.00    0.00    0.44    0.00    0.00    0.00   95.17
23:22:13     all    0.00    0.03    4.12    0.00    0.00    0.25    0.00    0.00    0.00   95.59
23:22:14     all    0.00    0.00    4.28    0.00    0.00    0.22    0.00    0.00    0.00   95.50
23:22:15     all    0.00    0.03    4.21    0.00    0.00    0.38    0.00    0.00    0.00   95.38
23:22:16     all    0.00    0.03    4.46    0.00    0.00    0.31    0.00    0.00    0.00   95.20
23:22:17     all    0.00    0.03    4.55    0.00    0.00    0.25    0.00    0.00    0.00   95.17
23:22:18     all    0.00    0.03    4.18    0.00    0.00    0.35    0.00    0.00    0.00   95.44
23:22:19     all    0.03    0.00    4.21    0.00    0.00    0.38    0.00    0.00    0.00   95.38
23:22:20     all    0.06    0.03    4.46    0.00    0.00    0.31    0.00    0.00    0.00   95.13
23:22:21     all    0.06    0.03    4.18    0.00    0.00    0.35    0.00    0.00    0.00   95.38
23:22:22     all    0.00    0.03    4.01    0.00    0.00    0.25    0.00    0.00    0.00   95.71
23:22:23     all    0.00    0.03    4.10    0.00    0.00    0.28    0.00    0.00    0.00   95.59
23:22:24     all    0.00    0.03    4.49    0.00    0.00    0.25    0.00    0.00    0.00   95.23
23:22:25     all    0.00    0.03    4.40    0.00    0.00    0.22    0.00    0.00    0.00   95.35
23:22:26     all    0.00    0.00    3.64    0.00    0.00    0.19    0.00    0.00    0.00   96.17
23:22:27     all    0.00    0.03    4.13    0.00    0.00    0.19    0.00    0.00    0.00   95.65
23:22:28     all    0.00    0.03    4.25    0.00    0.00    0.22    0.00    0.00    0.00   95.50
23:22:29     all    0.00    0.03    4.13    0.00    0.00    0.28    0.00    0.00    0.00   95.56
23:22:30     all    0.09    0.03    3.82    0.00    0.00    0.38    0.00    0.00    0.00   95.67
23:22:31     all    0.03    0.00    4.16    0.00    0.00    0.25    0.00    0.00    0.00   95.56
23:22:32     all    0.00    0.03    4.05    0.00    0.00    0.25    0.00    0.00    0.00   95.67
23:22:33     all    0.03    0.03    3.78    0.00    0.00    0.16    0.00    0.00    0.00   96.00
23:22:34     all    0.00    0.03    3.72    0.22    0.00    0.38    0.00    0.00    0.00   95.65
23:22:35     all    0.00    0.03    7.40    0.22    0.00    3.40    0.00    0.00    0.00   88.95
23:22:36     all    0.00    0.19    4.76    0.00    0.00    1.30    0.00    0.00    0.00   93.75
23:22:37     all    0.03    0.03   10.36    0.00    0.00    4.53    0.00    0.00    0.00   85.04
23:22:38     all    0.00    0.03   10.47    0.00    0.00    4.27    0.00    0.00    0.00   85.23
23:22:39     all    0.00    0.03   10.61    0.00    0.00    4.77    0.00    0.00    0.00   84.59
23:22:40     all    0.06    0.03   10.99    0.00    0.00    4.49    0.00    0.00    0.00   84.42
23:22:41     all    0.06    0.10   10.48    0.00    0.00    4.76    0.00    0.00    0.00   84.60
23:22:42     all    0.00    0.10   11.50    0.00    0.00    5.54    0.00    0.00    0.00   82.86
23:22:43     all    0.00    0.03   13.36    0.00    0.00    5.76    0.00    0.00    0.00   80.85
23:22:44     all    0.00    0.23   12.36    0.00    0.00    5.35    0.00    0.00    0.00   82.06
23:22:45     all    0.03    0.10   17.56    0.00    0.00    6.32    0.00    0.00    0.00   75.99
23:22:46     all    0.00    0.03   16.92    0.00    0.00    6.26    0.00    0.00    0.00   76.79
23:22:47     all    0.00    0.06   17.41    0.00    0.00    5.82    0.00    0.00    0.00   76.71
23:22:48     all    0.00    0.10   16.93    0.00    0.00    6.50    0.00    0.00    0.00   76.47
23:22:49     all    0.00    0.13   17.21    0.00    0.00    6.49    0.00    0.00    0.00   76.17
23:22:50     all    0.10    0.07   17.06    0.00    0.00    6.15    0.00    0.00    0.00   76.63
23:22:51     all    0.00    0.06   16.94    0.00    0.00    6.23    0.00    0.00    0.00   76.76
23:22:52     all    0.00    0.16   16.44    0.00    0.00    6.20    0.00    0.00    0.00   77.20
23:22:53     all    0.00    0.03   17.10    0.00    0.00    6.72    0.00    0.00    0.00   76.15
23:22:54     all    0.00    0.10   17.26    0.00    0.00    6.86    0.00    0.00    0.00   75.79
23:22:55     all    0.00    0.19   16.94    0.00    0.00    6.70    0.00    0.00    0.00   76.17
23:22:56     all    0.00    0.10   17.17    0.00    0.00    6.65    0.00    0.00    0.00   76.08
23:22:57     all    0.00    0.06   17.58    0.00    0.00    6.43    0.00    0.00    0.00   75.93
23:22:58     all    0.00    0.06   16.90    0.00    0.00    6.51    0.00    0.00    0.00   76.53
23:22:59     all    0.00    0.07   16.68    0.00    0.00    6.24    0.00    0.00    0.00   77.02
23:23:00     all    0.38    0.06   17.34    0.00    0.00    7.10    0.00    0.00    0.00   75.10
23:23:01     all    0.00    0.10   16.56    0.00    0.00    6.51    0.00    0.00    0.00   76.83
23:23:02     all    0.00    0.06   16.73    0.00    0.00    6.61    0.00    0.00    0.00   76.60
23:23:03     all    0.00    0.10   17.36    0.00    0.00    6.42    0.00    0.00    0.00   76.12
23:23:04     all    0.00    0.10   16.35    0.00    0.00    6.58    0.00    0.00    0.00   76.97
23:23:05     all    0.00    0.06   16.99    0.00    0.00    7.07    0.00    0.00    0.00   75.88
23:23:06     all    0.00    0.06   21.34    0.00    0.00    8.17    0.00    0.00    0.00   70.43
23:23:07     all    0.00    0.23   19.46    0.00    0.00    7.67    0.00    0.00    0.00   72.64
23:23:08     all    0.00    0.13   25.90    0.00    0.00    8.14    0.00    0.00    0.00   65.83
23:23:09     all    0.00    0.35   25.88    0.00    0.00    8.83    0.00    0.00    0.00   64.94
23:23:10     all    0.10    0.13   24.23    0.00    0.00    8.82    0.00    0.00    0.00   66.73
23:23:11     all    0.03    0.26   25.57    0.00    0.00    8.84    0.00    0.00    0.00   65.30
23:23:12     all    0.00    0.06   26.07    0.00    0.00    9.19    0.00    0.00    0.00   64.68
23:23:13     all    0.00    0.13   26.42    0.00    0.00    8.93    0.00    0.00    0.00   64.52
23:23:14     all    0.00    0.10   26.18    0.00    0.00    9.59    0.00    0.00    0.00   64.14
23:23:15     all    0.00    0.06   26.65    0.00    0.00    9.16    0.00    0.00    0.00   64.12
23:23:16     all    0.00    0.19   25.48    0.00    0.00    9.15    0.00    0.00    0.00   65.17
23:23:17     all    0.00    0.32   26.04    0.00    0.00    8.78    0.00    0.00    0.00   64.86
23:23:18     all    0.00    0.16   26.19    0.00    0.00    9.01    0.00    0.00    0.00   64.64
23:23:19     all    0.00    0.13   25.46    0.00    0.00    9.60    0.00    0.00    0.00   64.81
23:23:20     all    0.06    0.16   26.47    0.00    0.00    9.21    0.00    0.00    0.00   64.10
23:23:21     all    0.03    0.10   26.35    0.00    0.00    9.82    0.00    0.00    0.00   63.70
23:23:22     all    0.00    0.10   27.14    0.00    0.00    9.43    0.00    0.00    0.00   63.33
23:23:23     all    0.00    0.19   26.82    0.00    0.00    9.78    0.00    0.00    0.00   63.20
23:23:24     all    0.03    0.06   27.07    0.00    0.00    9.89    0.00    0.00    0.00   62.94
23:23:25     all    0.00    0.16   27.30    0.00    0.00    9.83    0.00    0.00    0.00   62.71
23:23:26     all    0.00    0.19   27.46    0.00    0.00    9.57    0.00    0.00    0.00   62.79
23:23:27     all    0.19    0.10   28.13    0.00    0.00    9.39    0.00    0.00    0.00   62.19
23:23:28     all    0.03    0.13   28.72    0.00    0.00    8.95    0.00    0.00    0.00   62.17
23:23:29     all    0.00    0.13   27.74    0.00    0.00    9.83    0.00    0.00    0.00   62.30
23:23:30     all    0.06    0.13   27.62    0.00    0.00   10.02    0.00    0.00    0.00   62.16
23:23:31     all    0.03    0.22   28.58    0.00    0.00    9.36    0.00    0.00    0.00   61.81
23:23:32     all    0.00    0.10   28.77    0.00    0.00    9.21    0.00    0.00    0.00   61.93
23:23:33     all    0.00    0.13   28.41    0.00    0.00    8.76    0.00    0.00    0.00   62.71
23:23:34     all    0.00    0.13   28.92    0.00    0.00    9.00    0.00    0.00    0.00   61.95
23:23:35     all    0.00    0.13   28.67    0.00    0.00    9.39    0.00    0.00    0.00   61.82
23:23:36     all    0.19    0.10   28.33    0.00    0.00    9.75    0.00    0.00    0.00   61.64
23:23:37     all    0.00    0.29   27.68    0.00    0.00    9.93    0.00    0.00    0.00   62.10
23:23:38     all    0.00    0.19   28.03    0.00    0.00   10.27    0.00    0.00    0.00   61.50
23:23:39     all    0.00    0.13   28.39    0.00    0.00    9.84    0.00    0.00    0.00   61.64
23:23:40     all    0.13    0.16   28.57    0.00    0.00   10.09    0.00    0.00    0.00   61.05
23:23:41     all    0.03    0.06   28.53    0.00    0.00    9.36    0.00    0.00    0.00   62.01
23:23:42     all    0.00    0.16   28.17    0.00    0.00    9.83    0.00    0.00    0.00   61.84
23:23:43     all    0.00    0.13   27.97    0.00    0.00    9.44    0.00    0.00    0.00   62.46
23:23:44     all    0.00    0.16   28.16    0.00    0.00    9.35    0.00    0.00    0.00   62.33
23:23:45     all    0.00    0.19   28.49    0.00    0.00    9.12    0.00    0.00    0.00   62.20
23:23:46     all    0.00    0.16   28.41    0.00    0.00    9.25    0.00    0.00    0.00   62.19
23:23:47     all    0.00    0.03   28.57    0.00    0.00    9.64    0.00    0.00    0.00   61.76
23:23:48     all    0.00    0.16   28.25    0.00    0.00    9.68    0.00    0.00    0.00   61.91
23:23:49     all    0.00    0.13   28.25    0.00    0.00    9.45    0.00    0.00    0.00   62.17
23:23:50     all    0.13    0.10   28.24    0.00    0.00    9.68    0.00    0.00    0.00   61.85
23:23:51     all    0.03    0.10   28.83    0.00    0.00    9.32    0.00    0.00    0.00   61.72
23:23:52     all    0.00    0.10   28.22    0.00    0.00    9.67    0.00    0.00    0.00   62.01
23:23:53     all    0.00    0.13   28.28    0.00    0.00    9.27    0.00    0.00    0.00   62.33
23:23:54     all    0.00    0.13   27.87    0.00    0.00    9.57    0.00    0.00    0.00   62.43
23:23:55     all    0.00    0.10   27.09    0.00    0.00   10.24    0.00    0.00    0.00   62.57
23:23:56     all    0.00    0.10   28.78    0.00    0.00    9.15    0.00    0.00    0.00   61.98
23:23:57     all    0.00    0.19   27.42    0.00    0.00   10.30    0.00    0.00    0.00   62.09
23:23:58     all    0.00    0.13   28.35    0.00    0.00    9.42    0.00    0.00    0.00   62.10
23:23:59     all    0.00    0.10   27.70    0.00    0.00    9.70    0.00    0.00    0.00   62.50
23:24:00     all    0.41    0.13   27.62    0.00    0.00   10.45    0.00    0.00    0.00   61.39
23:24:01     all    0.03    0.19   27.97    0.00    0.00   10.08    0.00    0.00    0.00   61.73
23:24:02     all    0.00    0.10   27.68    0.00    0.00    9.43    0.00    0.00    0.00   62.79
23:24:03     all    0.00    0.13   28.26    0.00    0.00    9.27    0.00    0.00    0.00   62.35
23:24:04     all    0.00    0.13   28.09    0.00    0.00    9.56    0.00    0.00    0.00   62.22
23:24:05     all    0.00    0.13   28.34    0.00    0.00    9.94    0.00    0.00    0.00   61.59
23:24:06     all    0.00    0.06   28.33    0.00    0.00    9.67    0.00    0.00    0.00   61.93
23:24:07     all    0.00    0.06   27.59    0.00    0.00    9.89    0.00    0.00    0.00   62.45
23:24:08     all    0.00    0.19   27.88    0.00    0.00    9.78    0.00    0.00    0.00   62.15
23:24:09     all    0.00    0.10   27.97    0.00    0.00    9.70    0.00    0.00    0.00   62.24
23:24:10     all    0.13    0.13   28.17    0.00    0.00   10.09    0.00    0.00    0.00   61.48
23:24:11     all    0.00    0.16   27.83    0.00    0.00   10.03    0.00    0.00    0.00   61.98
23:24:12     all    0.00    0.10   28.52    0.00    0.00    9.03    0.00    0.00    0.00   62.36
23:24:13     all    0.00    0.19   28.26    0.00    0.00    9.63    0.00    0.00    0.00   61.91
23:24:14     all    0.00    0.13   28.18    0.00    0.00    9.37    0.00    0.00    0.00   62.32
23:24:15     all    0.00    0.16   28.59    0.00    0.00    9.56    0.00    0.00    0.00   61.68
23:24:16     all    0.00    0.13   28.46    0.00    0.00    9.43    0.00    0.00    0.00   61.98
23:24:17     all    0.00    0.06   28.41    0.00    0.00    9.05    0.00    0.00    0.00   62.47
23:24:18     all    0.00    0.13   28.24    0.00    0.00    9.66    0.00    0.00    0.00   61.97
23:24:19     all    0.00    0.19   28.54    0.00    0.00    9.57    0.00    0.00    0.00   61.70
23:24:20     all    0.10    0.10   27.72    0.00    0.00    9.81    0.00    0.00    0.00   62.28
23:24:21     all    0.00    0.16   28.48    0.00    0.00    9.83    0.00    0.00    0.00   61.53
23:24:22     all    0.00    0.10   28.21    0.00    0.00    9.45    0.00    0.00    0.00   62.25
23:24:23     all    0.00    0.03   27.44    0.00    0.00   10.26    0.00    0.00    0.00   62.27
23:24:24     all    0.03    0.16   27.95    0.00    0.00    9.48    0.00    0.00    0.00   62.38
23:24:25     all    0.00    0.16   28.15    0.00    0.00   10.68    0.00    0.00    0.00   61.01
23:24:26     all    0.00    0.16   28.13    0.00    0.00    9.56    0.00    0.00    0.00   62.15
23:24:27     all    0.00    0.10   27.33    0.00    0.00   10.55    0.00    0.00    0.00   62.03
23:24:28     all    0.03    0.13   28.31    0.00    0.00    9.19    0.00    0.00    0.00   62.34
23:24:29     all    0.03    0.16   28.63    0.00    0.00    9.45    0.00    0.00    0.00   61.74
23:24:30     all    0.06    0.10   28.65    0.00    0.00    8.84    0.00    0.00    0.00   62.35
23:24:31     all    0.03    0.13   27.58    0.00    0.00    9.46    0.00    0.00    0.00   62.79
23:24:32     all    0.00    0.19   27.88    0.00    0.00    9.28    0.00    0.00    0.00   62.65
23:24:33     all    0.00    0.06   27.76    0.00    0.00    9.52    0.00    0.00    0.00   62.66
23:24:34     all    0.00    0.06   27.75    0.00    0.00    9.70    0.00    0.00    0.00   62.49
23:24:35     all    0.00    0.13   27.46    0.00    0.00    9.57    0.00    0.00    0.00   62.84
23:24:36     all    0.00    0.10   27.69    0.00    0.00    9.69    0.00    0.00    0.00   62.52
23:24:37     all    0.00    0.13   27.72    0.00    0.00    9.66    0.00    0.00    0.00   62.49
23:24:38     all    0.00    0.10   27.72    0.00    0.00   10.08    0.00    0.00    0.00   62.10
23:24:39     all    0.00    0.13   28.43    0.00    0.00    8.87    0.00    0.00    0.00   62.57
23:24:40     all    0.10    0.13   26.79    0.00    0.00    9.64    0.00    0.00    0.00   63.35
23:24:41     all    0.00    0.16   26.41    0.00    0.00    9.90    0.00    0.00    0.00   63.53
23:24:42     all    0.00    0.13   26.78    0.00    0.00    9.41    0.00    0.00    0.00   63.68
23:24:43     all    0.00    0.45   26.62    0.00    0.00    9.46    0.00    0.00    0.00   63.47
23:24:44     all    0.00    0.45   26.60    0.00    0.00    9.57    0.00    0.00    0.00   63.38
23:24:45     all    0.00    0.73   26.14    0.00    0.00    9.96    0.00    0.00    0.00   63.17
23:24:46     all    0.00    0.38   26.78    0.00    0.00    9.26    0.00    0.00    0.00   63.58
23:24:47     all    0.00    0.76   26.76    0.00    0.00    9.88    0.00    0.00    0.00   62.60
23:24:48     all    0.00    7.26   25.98    0.00    0.00    9.79    0.00    0.00    0.00   56.97
23:24:49     all    0.00    7.42   25.45    0.00    0.00   10.39    0.00    0.00    0.00   56.74
23:24:50     all    0.06   13.45   25.98    0.00    0.00    9.56    0.00    0.00    0.00   50.94
23:24:51     all    0.03    9.96   25.80    0.00    0.00   10.18    0.00    0.00    0.00   54.04
23:24:52     all    0.00    8.54   25.65    0.00    0.00    9.82    0.00    0.00    0.00   56.00
23:24:53     all    0.00    5.89   25.29    0.00    0.00    9.20    0.00    0.00    0.00   59.62
23:24:54     all    0.00    4.86   24.58    0.00    0.00    9.86    0.00    0.00    0.00   60.70
23:24:55     all    0.00    1.06   24.57    0.00    0.00    9.43    0.00    0.00    0.00   64.94
23:24:56     all    0.00    3.48   25.03    0.00    0.00    9.09    0.00    0.00    0.00   62.40
23:24:57     all    0.00    2.42   24.61    0.00    0.00    9.74    0.00    0.00    0.00   63.23
23:24:58     all    0.00    9.21   24.69    0.00    0.00    9.86    0.00    0.00    0.00   56.24
23:24:59     all    0.03   10.92   24.72    0.00    0.00    8.91    0.00    0.00    0.00   55.43
23:25:00     all    0.38    4.57   24.88    0.00    0.00    9.82    0.00    0.00    0.00   60.35
23:25:01     all    0.00    1.06   24.65    0.00    0.00    9.53    0.00    0.00    0.00   64.76
23:25:02     all    0.00    0.96   25.24    0.00    0.00    9.98    0.00    0.00    0.00   63.82
23:25:03     all    0.00    1.56   26.46    0.00    0.00    9.52    0.00    0.00    0.00   62.46
23:25:04     all    0.00    7.78   24.43    0.00    0.00    9.49    0.00    0.00    0.00   58.31
23:25:05     all    0.00    1.50   24.78    0.00    0.00    9.61    0.00    0.00    0.00   64.11
23:25:06     all    0.00    2.65   25.30    0.00    0.00    9.33    0.00    0.00    0.00   62.72
23:25:07     all    0.00    2.17   25.06    0.00    0.00    9.96    0.00    0.00    0.00   62.82
23:25:08     all    0.00    1.20   25.72    0.00    0.00    9.16    0.00    0.00    0.00   63.93
23:25:09     all    0.00    1.55   24.70    0.00    0.00   10.23    0.00    0.00    0.00   63.52
23:25:10     all    0.06    3.05   26.10    0.00    0.00   10.45    0.00    0.00    0.00   60.34
23:25:11     all    0.00    9.09   23.64    0.00    0.00   10.00    0.00    0.00    0.00   57.27
23:25:12     all    0.00    1.01   24.68    0.00    0.00    9.05    0.00    0.00    0.00   65.27
23:25:13     all    0.00    1.48   25.02    0.00    0.00   10.21    0.00    0.00    0.00   63.29
23:25:14     all    0.00    2.60   27.33    0.00    0.00    9.91    0.00    0.00    0.00   60.17
23:25:15     all    0.00    4.29   26.69    0.00    0.00   10.11    0.00    0.00    0.00   58.91
23:25:16     all    0.00    1.80   27.66    0.00    0.00    9.30    0.00    0.00    0.00   61.24
23:25:17     all    0.00    4.05   27.11    0.00    0.00   10.45    0.00    0.00    0.00   58.39
23:25:18     all    0.00    7.65   27.38    0.00    0.00    9.85    0.00    0.00    0.00   55.12
23:25:19     all    0.03   13.42   27.75    0.00    0.00    9.76    0.00    0.00    0.00   49.04
23:25:20     all    0.10   13.38   27.69    0.00    0.00   10.48    0.00    0.00    0.00   48.34
23:25:21     all    0.00    5.49   28.22    0.00    0.00   10.16    0.00    0.00    0.00   56.13
23:25:22     all    0.03   11.20   27.24    0.00    0.00   10.20    0.00    0.00    0.00   51.33
23:25:23     all    0.03   14.98   28.01    0.00    0.00    9.82    0.00    0.00    0.00   47.16
23:25:24     all    0.00   12.13   28.17    0.00    0.00    9.39    0.00    0.00    0.00   50.31
23:25:25     all    0.00   12.44   28.22    0.00    0.00    9.57    0.00    0.00    0.00   49.77
23:25:26     all    0.03   12.68   28.47    0.00    0.00    9.71    0.00    0.00    0.00   49.11
23:25:27     all    0.00   11.37   27.09    0.00    0.00   10.31    0.00    0.00    0.00   51.23
23:25:28     all    0.00   21.60   27.62    0.00    0.00   10.88    0.00    0.00    0.00   39.90
23:25:29     all    0.03    3.15   28.53    0.00    0.00    9.38    0.00    0.00    0.00   58.90
23:25:30     all    0.06    2.67   27.74    0.00    0.00   10.13    0.00    0.00    0.00   59.40
23:25:31     all    0.03    5.82   27.20    0.00    0.00    9.67    0.00    0.00    0.00   57.28
23:25:32     all    0.03   10.96   27.22    0.00    0.00    9.80    0.00    0.00    0.00   51.98
23:25:33     all    0.00    5.53   27.70    0.00    0.00    9.96    0.00    0.00    0.00   56.81
23:25:34     all    0.03    3.71   27.10    0.00    0.00   10.56    0.00    0.00    0.00   58.59
23:25:35     all    0.00    9.29   28.64    0.00    0.00    9.68    0.00    0.00    0.00   52.39
23:25:36     all    0.23    9.19   28.31    0.00    0.00    9.55    0.00    0.00    0.00   52.72
23:25:37     all    0.00    5.18   28.09    0.00    0.00   10.11    0.00    0.00    0.00   56.62
23:25:38     all    0.00    3.44   27.15    0.00    0.00    9.97    0.00    0.00    0.00   59.44
23:25:39     all    0.00    5.39   27.19    0.00    0.00   11.01    0.00    0.00    0.00   56.41
23:25:40     all    0.13   16.55   28.04    0.00    0.00   10.24    0.00    0.00    0.00   45.04
23:25:41     all    0.00   14.77   29.38    0.00    0.00    9.23    0.00    0.00    0.00   46.63
23:25:42     all    0.03   15.36   28.19    0.00    0.00   10.23    0.00    0.00    0.00   46.19
23:25:43     all    0.00    6.15   28.17    0.00    0.00   10.17    0.00    0.00    0.00   55.51
23:25:44     all    0.00    4.70   28.34    0.00    0.00    9.79    0.00    0.00    0.00   57.17
23:25:45     all    0.00    5.26   28.65    0.00    0.00   10.27    0.00    0.00    0.00   55.82
23:25:46     all    0.03   13.53   28.34    0.00    0.00   10.18    0.00    0.00    0.00   47.91
23:25:47     all    0.00    5.91   28.45    0.00    0.00   10.04    0.00    0.00    0.00   55.59
23:25:48     all    0.06   14.20   27.95    0.00    0.00    9.59    0.00    0.00    0.00   48.19
23:25:49     all    0.03    7.75   28.42    0.00    0.00    9.42    0.00    0.00    0.00   54.37
23:25:50     all    0.03    4.08   27.94    0.00    0.00   10.14    0.00    0.00    0.00   57.80
23:25:51     all    0.00    5.94   27.37    0.00    0.00    9.92    0.00    0.00    0.00   56.77
23:25:52     all    0.03    9.37   26.64    0.00    0.00   10.07    0.00    0.00    0.00   53.89
23:25:53     all    0.00    3.60   26.67    0.00    0.00   10.17    0.00    0.00    0.00   59.56
23:25:54     all    0.00    3.49   27.44    0.00    0.00    9.53    0.00    0.00    0.00   59.55
23:25:55     all    0.03    4.44   27.08    0.00    0.00    9.83    0.00    0.00    0.00   58.62
23:25:56     all    0.00   11.44   27.42    0.00    0.00   10.21    0.00    0.00    0.00   50.93
23:25:57     all    0.03    7.39   26.70    0.00    0.00   10.36    0.00    0.00    0.00   55.51
23:25:58     all    0.03    9.51   26.78    0.00    0.00    9.31    0.00    0.00    0.00   54.37
23:25:59     all    0.00    9.04   25.21    0.00    0.00    9.81    0.00    0.00    0.00   55.94
23:26:00     all    0.39    9.63   25.37    0.00    0.00    9.82    0.00    0.00    0.00   54.80
23:26:01     all    0.03    2.02   24.57    0.00    0.00   10.22    0.00    0.00    0.00   63.16
23:26:02     all    0.03    3.02   22.29    0.00    0.00   10.23    0.00    0.00    0.00   64.43
23:26:03     all    0.00    1.28   25.29    0.00    0.00   10.33    0.00    0.00    0.00   63.09
23:26:04     all    0.00    3.82   24.43    0.00    0.00   10.32    0.00    0.00    0.00   61.42
23:26:05     all    0.00    5.52   25.50    0.00    0.00    9.16    0.00    0.00    0.00   59.82
23:26:06     all    0.00    4.65   23.16    0.00    0.00   10.08    0.00    0.00    0.00   62.11
23:26:07     all    0.03    6.17   19.63    0.00    0.00    9.21    0.00    0.00    0.00   64.96
23:26:08     all    0.00    1.77   21.65    0.00    0.00   10.62    0.00    0.00    0.00   65.96
23:26:09     all    0.00    0.68   20.31    0.00    0.00    9.72    0.00    0.00    0.00   69.29
23:26:10     all    0.06    1.00   20.49    0.00    0.00    9.13    0.00    0.00    0.00   69.31
23:26:11     all    0.03    1.64   20.14    0.00    0.00    9.75    0.00    0.00    0.00   68.45
23:26:12     all    0.03    2.97   21.56    0.00    0.00    9.47    0.00    0.00    0.00   65.97
23:26:13     all    0.00    1.82   23.25    0.00    0.00   10.46    0.00    0.00    0.00   64.47
23:26:14     all    0.00    1.03   19.92    0.00    0.00   10.12    0.00    0.00    0.00   68.93
23:26:15     all    0.03    2.51   16.82    0.00    0.00    9.80    0.00    0.00    0.00   70.83
23:26:16     all    0.00    8.60   16.78    0.00    0.00    9.78    0.00    0.00    0.00   64.84
23:26:17     all    0.00    0.61   16.21    0.00    0.00    8.85    0.00    0.00    0.00   74.32
23:26:18     all    0.03    0.49   13.70    0.00    0.00    7.83    0.00    0.00    0.00   77.94
23:26:19     all    0.00    0.49   15.50    0.00    0.00    8.96    0.00    0.00    0.00   75.06
23:26:20     all    0.10    0.59   16.86    0.00    0.00    8.92    0.00    0.00    0.00   73.54
23:26:21     all    0.03    2.48   16.77    0.00    0.00    9.25    0.00    0.00    0.00   71.46
23:26:22     all    0.00    0.43   17.41    0.00    0.00    8.77    0.00    0.00    0.00   73.40
23:26:23     all    0.03    0.65   15.31    0.00    0.00    8.16    0.00    0.00    0.00   75.85
23:26:24     all    0.03    4.30   12.28    0.00    0.00    6.91    0.00    0.00    0.00   76.47
23:26:25     all    0.00    0.10   11.94    0.00    0.00    7.10    0.00    0.00    0.00   80.86
23:26:26     all    0.00    0.07   12.30    0.00    0.00    7.77    0.00    0.00    0.00   79.86
23:26:27     all    0.00    0.13   13.19    0.00    0.00    7.02    0.00    0.00    0.00   79.66
23:26:28     all    0.03    0.07   13.13    0.00    0.00    6.71    0.00    0.00    0.00   80.06
23:26:29     all    0.00    0.07   12.92    0.00    0.00    7.21    0.00    0.00    0.00   79.81
23:26:30     all    0.10    0.20   12.74    0.00    0.00    7.36    0.00    0.00    0.00   79.61
23:26:31     all    0.03    0.07   13.35    0.00    0.00    7.68    0.00    0.00    0.00   78.87
23:26:32     all    0.00    0.13   13.03    0.00    0.00    6.96    0.00    0.00    0.00   79.88
23:26:33     all    0.00    0.07   13.19    0.00    0.00    7.19    0.00    0.00    0.00   79.55
23:26:34     all    0.00    0.07   13.37    0.00    0.00    7.63    0.00    0.00    0.00   78.93
23:26:35     all    0.03    0.07   13.77    0.00    0.00    7.24    0.00    0.00    0.00   78.89
23:26:36     all    0.00    0.10   13.08    0.00    0.00    7.47    0.00    0.00    0.00   79.35
23:26:37     all    0.03    0.07   13.21    0.00    0.00    7.81    0.00    0.00    0.00   78.88
23:26:38     all    0.03    0.07   12.77    0.00    0.00    7.51    0.00    0.00    0.00   79.61
23:26:39     all    0.00    0.10   13.51    0.00    0.00    8.16    0.00    0.00    0.00   78.23
23:26:40     all    0.10    0.10   13.44    0.00    0.00    7.48    0.00    0.00    0.00   78.88
23:26:41     all    0.07    0.07   13.64    0.00    0.00    7.65    0.00    0.00    0.00   78.57
23:26:42     all    0.00    0.10   14.09    0.00    0.00    7.76    0.00    0.00    0.00   78.06
23:26:43     all    0.00    4.94   12.70    0.00    0.00    7.17    0.00    0.00    0.00   75.19
23:26:44     all    0.06    0.65   11.13    0.00    0.00    6.79    0.00    0.00    0.00   81.37
23:26:45     all    0.00    0.10   12.91    0.00    0.00    7.11    0.00    0.00    0.00   79.89
23:26:46     all    0.03    0.10   12.90    0.00    0.00    7.42    0.00    0.00    0.00   79.55
23:26:47     all    0.03    0.07   10.97    0.00    0.00    6.56    0.00    0.00    0.00   82.38
23:26:48     all    0.00    0.07   10.54    0.00    0.00    6.49    0.00    0.00    0.00   82.90
23:26:49     all    0.00    0.10   11.56    0.00    0.00    6.85    0.00    0.00    0.00   81.49
23:26:50     all    0.10    0.10   11.54    0.00    0.00    6.47    0.00    0.00    0.00   81.80
23:26:51     all    0.03    0.10   11.91    0.00    0.00    7.03    0.00    0.00    0.00   80.92
23:26:52     all    0.00    0.10   11.97    0.00    0.00    7.12    0.00    0.00    0.00   80.81
23:26:53     all    0.00    0.06   12.08    0.00    0.00    6.72    0.00    0.00    0.00   81.13
23:26:54     all    0.00    0.13   11.57    0.00    0.00    7.00    0.00    0.00    0.00   81.30
23:26:55     all    0.06    0.06   12.41    0.00    0.00    6.99    0.00    0.00    0.00   80.47
23:26:56     all    0.00    0.10   12.44    0.00    0.00    6.66    0.00    0.00    0.00   80.81
23:26:57     all    0.03    0.13   11.92    0.00    0.00    6.63    0.00    0.00    0.00   81.28
23:26:58     all    0.06    0.06   11.75    0.00    0.00    6.79    0.00    0.00    0.00   81.33
23:26:59     all    0.00    0.07   12.65    0.00    0.00    6.91    0.00    0.00    0.00   80.37
23:27:00     all    0.39    0.10   12.02    0.00    0.00    7.22    0.00    0.00    0.00   80.27
23:27:01     all    0.06    0.06   12.05    0.00    0.00    7.05    0.00    0.00    0.00   80.77
23:27:02     all    0.00    0.06   12.00    0.00    0.00    7.36    0.00    0.00    0.00   80.58
23:27:03     all    0.00    0.07   12.29    0.00    0.00    6.75    0.00    0.00    0.00   80.90
23:27:04     all    0.03    0.10   12.35    0.00    0.00    6.94    0.00    0.00    0.00   80.59
23:27:05     all    0.00    0.10   12.49    0.00    0.00    6.83    0.00    0.00    0.00   80.59
23:27:06     all    0.00    0.06   12.18    0.00    0.00    6.98    0.00    0.00    0.00   80.77
23:27:07     all    0.03    0.07   11.98    0.00    0.00    6.77    0.00    0.00    0.00   81.16
23:27:08     all    0.00    0.07   12.07    0.00    0.00    6.64    0.00    0.00    0.00   81.22
23:27:09     all    0.03    0.10   11.68    0.00    0.00    6.87    0.00    0.00    0.00   81.32
23:27:10     all    0.13    0.13   12.08    0.00    0.00    7.26    0.00    0.00    0.00   80.40
23:27:11     all    0.00    0.07   12.20    0.00    0.00    6.82    0.00    0.00    0.00   80.92
23:27:12     all    0.03    0.13   11.98    0.00    0.00    6.91    0.00    0.00    0.00   80.95
23:27:13     all    0.00    0.06   12.14    0.00    0.00    7.15    0.00    0.00    0.00   80.65
23:27:14     all    0.00    0.13   11.78    0.00    0.00    7.11    0.00    0.00    0.00   80.98
23:27:15     all    0.00    0.10   12.49    0.00    0.00    7.01    0.00    0.00    0.00   80.41
23:27:16     all    0.00    0.10   12.63    0.00    0.00    6.93    0.00    0.00    0.00   80.35
23:27:17     all    0.00    0.10   12.25    0.00    0.00    6.50    0.00    0.00    0.00   81.14
23:27:18     all    0.03    0.07   11.60    0.00    0.00    6.56    0.00    0.00    0.00   81.74
23:27:19     all    0.03    0.06   12.34    0.00    0.00    7.30    0.00    0.00    0.00   80.26
23:27:20     all    0.13    0.10   12.54    0.00    0.00    6.86    0.00    0.00    0.00   80.38
23:27:21     all    0.03    0.06   12.46    0.00    0.00    6.62    0.00    0.00    0.00   80.83
23:27:22     all    0.00    0.07   11.54    0.00    0.00    7.29    0.00    0.00    0.00   81.10
23:27:23     all    0.06    0.10   12.18    0.00    0.00    7.64    0.00    0.00    0.00   80.01
23:27:24     all    0.00    0.03   12.05    0.00    0.00    7.03    0.00    0.00    0.00   80.89
23:27:25     all    0.00    0.10   11.80    0.00    0.00    6.70    0.00    0.00    0.00   81.40
23:27:26     all    0.07    0.07   11.28    0.00    0.00    6.70    0.00    0.00    0.00   81.89
23:27:27     all    0.00    0.06   11.53    0.00    0.00    7.26    0.00    0.00    0.00   81.15
23:27:28     all    0.00    0.10   11.49    0.00    0.00    6.48    0.00    0.00    0.00   81.93
23:27:29     all    0.03    0.10   11.75    0.00    0.00    6.97    0.00    0.00    0.00   81.15
23:27:30     all    0.10    0.07   11.69    0.00    0.00    6.84    0.00    0.00    0.00   81.30
23:27:31     all    0.00    0.10   11.91    0.00    0.00    6.22    0.00    0.00    0.00   81.77
23:27:32     all    0.00    0.10   11.73    0.00    0.00    6.73    0.00    0.00    0.00   81.44
23:27:33     all    0.03    0.10   11.24    0.00    0.00    6.65    0.00    0.00    0.00   81.98
23:27:34     all    0.00    0.10   11.64    0.00    0.00    6.99    0.00    0.00    0.00   81.27
23:27:35     all    0.03    0.07   12.09    0.00    0.00    6.32    0.00    0.00    0.00   81.49
23:27:36     all    0.03    0.07   12.20    0.00    0.00    6.70    0.00    0.00    0.00   81.00
23:27:37     all    0.00    0.13   10.99    0.00    0.00    6.63    0.00    0.00    0.00   82.24
23:27:38     all    0.03    0.06   11.17    0.00    0.00    5.98    0.00    0.00    0.00   82.75
23:27:39     all    0.00    0.10   11.09    0.00    0.00    6.57    0.00    0.00    0.00   82.24
23:27:40     all    0.13    0.16   10.67    0.00    0.00    6.16    0.00    0.00    0.00   82.87
23:27:41     all    0.07    0.03   11.67    0.00    0.00    6.00    0.00    0.00    0.00   82.24
23:27:42     all    0.00    0.10   11.15    0.00    0.00    6.13    0.00    0.00    0.00   82.62
23:27:43     all    0.00    0.10   11.08    0.00    0.00    6.62    0.00    0.00    0.00   82.20
23:27:44     all    0.00    0.06   11.27    0.00    0.00    6.40    0.00    0.00    0.00   82.26
23:27:45     all    0.00    0.10   11.44    0.00    0.00    6.65    0.00    0.00    0.00   81.81
23:27:46     all    0.23    0.46   15.42    0.00    0.00    7.95    0.00    0.00    0.00   75.95
23:27:47     all    0.00    0.49   15.50    0.00    0.00    7.80    0.00    0.00    0.00   76.22
23:27:48     all    0.00    1.01   13.81    0.00    0.00    8.01    0.00    0.00    0.00   77.17
23:27:49     all    0.00    3.95   14.15    0.00    0.00    7.27    0.00    0.00    0.00   74.63
23:27:50     all    0.10    0.55   12.82    0.00    0.00    8.73    0.00    0.00    0.00   77.79
23:27:51     all    0.00    4.83   13.92    0.00    0.00    7.24    0.00    0.00    0.00   74.01
23:27:52     all    0.00    0.42   14.21    0.00    0.00    8.39    0.00    0.00    0.00   76.98
23:27:53     all    0.03    0.19   10.63    0.00    0.00    7.07    0.00    0.00    0.00   82.07
23:27:54     all    0.00    0.49   12.87    0.00    0.00    7.70    0.00    0.00    0.00   78.94
23:27:55     all    0.00    4.93   12.92    0.00    0.00    7.28    0.00    0.00    0.00   74.88
23:27:56     all    0.03    1.27   13.83    0.00    0.00    7.65    0.00    0.00    0.00   77.21
23:27:57     all    0.00    0.49   13.64    0.00    0.00    7.53    0.00    0.00    0.00   78.34
23:27:58     all    0.00    0.59   13.09    0.00    0.00    7.39    0.00    0.00    0.00   78.94
23:27:59     all    0.03    6.69   13.63    0.00    0.00    6.95    0.00    0.00    0.00   72.70
23:28:00     all    0.39    1.01   17.10    0.00    0.00    9.18    0.00    0.00    0.00   72.32
23:28:01     all    0.00    0.90   16.66    0.00    0.00    8.72    0.00    0.00    0.00   73.72
23:28:02     all    0.03    0.88   14.79    0.00    0.00    8.43    0.00    0.00    0.00   75.87
23:28:03     all    0.00    7.62   15.08    0.00    0.00    8.82    0.00    0.00    0.00   68.48
23:28:04     all    0.00    5.22   18.48    0.00    0.00    8.56    0.00    0.00    0.00   67.74
23:28:05     all    0.00    0.81   18.97    0.00    0.00    8.38    0.00    0.00    0.00   71.83
23:28:06     all    0.00    1.01   15.98    0.00    0.00    8.41    0.00    0.00    0.00   74.59
23:28:07     all    0.00    6.09   14.40    0.00    0.00    7.92    0.00    0.00    0.00   71.60
23:28:08     all    0.00    0.98   13.61    0.00    0.00    7.83    0.00    0.00    0.00   77.58
23:28:09     all    0.03    1.98   12.87    0.00    0.00    7.02    0.00    0.00    0.00   78.10
23:28:10     all    0.10    2.96   17.15    0.00    0.00    8.71    0.00    0.00    0.00   71.09
23:28:11     all    0.00    4.53   16.36    0.00    0.00    8.58    0.00    0.00    0.00   70.52
23:28:12     all    0.00    2.78   15.14    0.00    0.00    8.21    0.00    0.00    0.00   73.87
23:28:13     all    0.06    3.34   14.93    0.00    0.00    8.24    0.00    0.00    0.00   73.42
23:28:14     all    0.00    5.77   17.23    0.00    0.00    9.39    0.00    0.00    0.00   67.61
23:28:15     all    0.00    1.47   18.29    0.00    0.00    9.44    0.00    0.00    0.00   70.80
23:28:16     all    0.03    8.22   19.05    0.00    0.00    9.17    0.00    0.00    0.00   63.54
23:28:17     all    0.00    5.52   21.10    0.00    0.00   10.42    0.00    0.00    0.00   62.97
23:28:18     all    0.03    6.04   23.11    0.00    0.00   10.26    0.00    0.00    0.00   60.56
23:28:19     all    0.00    5.86   23.57    0.00    0.00   10.50    0.00    0.00    0.00   60.07
23:28:20     all    0.06    8.74   24.08    0.00    0.00   10.09    0.00    0.00    0.00   57.03
23:28:21     all    0.06    2.53   24.81    0.00    0.00   10.53    0.00    0.00    0.00   62.07
23:28:22     all    0.00   15.03   24.46    0.00    0.00    9.88    0.00    0.00    0.00   50.63
23:28:23     all    0.00    5.29   23.56    0.00    0.00    9.99    0.00    0.00    0.00   61.17
23:28:24     all    0.03    3.30   21.32    0.00    0.00   10.17    0.00    0.00    0.00   65.18
23:28:25     all    0.00   13.74   24.38    0.00    0.00   10.45    0.00    0.00    0.00   51.42
23:28:26     all    0.00    4.88   23.08    0.00    0.00   10.73    0.00    0.00    0.00   61.31
23:28:27     all    0.03    7.59   22.64    0.00    0.00   11.00    0.00    0.00    0.00   58.75
23:28:28     all    0.00   12.09   24.21    0.00    0.00   10.35    0.00    0.00    0.00   53.35
23:28:29     all    0.00   10.04   25.02    0.00    0.00    9.39    0.00    0.00    0.00   55.55
23:28:30     all    0.13    8.49   25.12    0.00    0.00   10.44    0.00    0.00    0.00   55.82
23:28:31     all    0.00    8.93   24.66    0.00    0.00   10.70    0.00    0.00    0.00   55.71
23:28:32     all    0.03    7.61   24.37    0.00    0.00   10.06    0.00    0.00    0.00   57.93
23:28:33     all    0.00    9.31   23.85    0.00    0.00    9.93    0.00    0.00    0.00   56.92
23:28:34     all    0.00   12.27   24.55    0.00    0.00    9.97    0.00    0.00    0.00   53.21
23:28:35     all    0.03   14.55   26.30    0.00    0.00    9.78    0.00    0.00    0.00   49.34
23:28:36     all    0.00    5.75   25.91    0.00    0.00   11.43    0.00    0.00    0.00   56.92
23:28:37     all    0.00    6.97   25.65    0.00    0.00   11.13    0.00    0.00    0.00   56.25
23:28:38     all    0.00    9.86   26.52    0.00    0.00   10.81    0.00    0.00    0.00   52.81
23:28:39     all    0.00   13.80   26.28    0.00    0.00   10.49    0.00    0.00    0.00   49.42
23:28:40     all    0.06   13.67   27.73    0.00    0.00   10.08    0.00    0.00    0.00   48.46
23:28:41     all    0.06    9.56   26.41    0.00    0.00   11.39    0.00    0.00    0.00   52.57
23:28:42     all    0.00    3.07   24.94    0.00    0.00   11.30    0.00    0.00    0.00   60.68
23:28:43     all    0.00    3.91   22.17    0.00    0.00   10.43    0.00    0.00    0.00   63.48
23:28:44     all    0.00   24.14   25.08    0.00    0.00    9.95    0.00    0.00    0.00   40.83
23:28:45     all    0.06   21.55   25.85    0.00    0.00   10.69    0.00    0.00    0.00   41.84
23:28:46     all    0.00   10.27   28.08    0.00    0.00   10.72    0.00    0.00    0.00   50.93
23:28:47     all    0.03   11.29   27.36    0.00    0.00   10.87    0.00    0.00    0.00   50.45
23:28:48     all    0.00    5.98   27.76    0.00    0.00   10.68    0.00    0.00    0.00   55.58
23:28:49     all    0.00    5.38   26.72    0.00    0.00   10.96    0.00    0.00    0.00   56.94
23:28:50     all    0.03   14.13   26.42    0.00    0.00   10.55    0.00    0.00    0.00   48.87
23:28:51     all    0.03   23.34   26.47    0.00    0.00   10.74    0.00    0.00    0.00   39.43
23:28:52     all    0.00   10.96   28.00    0.00    0.00   10.13    0.00    0.00    0.00   50.91
23:28:53     all    0.00   10.82   27.94    0.00    0.00    9.53    0.00    0.00    0.00   51.71
23:28:54     all    0.00    8.95   27.66    0.00    0.00   10.04    0.00    0.00    0.00   53.34
23:28:55     all    0.00    4.61   26.80    0.00    0.00   10.85    0.00    0.00    0.00   57.73
23:28:56     all    0.03    3.92   25.35    0.00    0.00   10.61    0.00    0.00    0.00   60.08
23:28:57     all    0.00   21.81   25.27    0.00    0.00   10.51    0.00    0.00    0.00   42.41
23:28:58     all    0.00   25.83   28.43    0.00    0.00    9.68    0.00    0.00    0.00   36.06
23:28:59     all    0.00    7.18   28.52    0.00    0.00    9.80    0.00    0.00    0.00   54.50
23:29:00     all    0.32   14.14   28.35    0.00    0.00   10.00    0.00    0.00    0.00   47.19
23:29:01     all    0.00   11.24   27.56    0.00    0.00   11.02    0.00    0.00    0.00   50.18
23:29:02     all    0.03    5.54   28.48    0.00    0.00   10.09    0.00    0.00    0.00   55.87
23:29:03     all    0.00    4.59   25.89    0.00    0.00   10.55    0.00    0.00    0.00   58.96
23:29:04     all    0.00    9.21   22.91    0.00    0.00   10.76    0.00    0.00    0.00   57.12
23:29:05     all    0.03   24.76   27.68    0.00    0.00    9.79    0.00    0.00    0.00   37.73
23:29:06     all    0.00   10.85   27.57    0.00    0.00   10.34    0.00    0.00    0.00   51.23
23:29:07     all    0.00    5.42   28.48    0.00    0.00   10.23    0.00    0.00    0.00   55.88
23:29:08     all    0.00    8.32   27.74    0.00    0.00   10.18    0.00    0.00    0.00   53.76
23:29:09     all    0.00    9.54   25.40    0.00    0.00   11.70    0.00    0.00    0.00   53.37
23:29:10     all    0.13   16.93   26.69    0.00    0.00   10.21    0.00    0.00    0.00   46.04
23:29:11     all    0.03    5.79   26.76    0.00    0.00   10.49    0.00    0.00    0.00   56.93
23:29:12     all    0.00   11.54   27.34    0.00    0.00   10.80    0.00    0.00    0.00   50.32
23:29:13     all    0.03   20.81   26.25    0.00    0.00   10.69    0.00    0.00    0.00   42.22
23:29:14     all    0.03    2.90   23.68    0.00    0.00   10.70    0.00    0.00    0.00   62.69
23:29:15     all    0.00   15.12   23.32    0.00    0.00    9.86    0.00    0.00    0.00   51.70
23:29:16     all    0.03   12.14   25.48    0.00    0.00   10.06    0.00    0.00    0.00   52.29
23:29:17     all    0.00    6.14   26.15    0.00    0.00   10.41    0.00    0.00    0.00   57.31
23:29:18     all    0.00    5.47   23.67    0.00    0.00   10.71    0.00    0.00    0.00   60.16
23:29:19     all    0.03    5.71   23.48    0.00    0.00   10.35    0.00    0.00    0.00   60.42
23:29:20     all    0.13    7.73   25.47    0.00    0.00   10.24    0.00    0.00    0.00   56.44
23:29:21     all    0.00   18.38   24.08    0.00    0.00   10.65    0.00    0.00    0.00   46.89
23:29:22     all    0.00    5.11   25.96    0.00    0.00   11.08    0.00    0.00    0.00   57.85
23:29:23     all    0.00    9.22   25.34    0.00    0.00   11.06    0.00    0.00    0.00   54.38
23:29:24     all    0.03   11.31   25.16    0.00    0.00   11.35    0.00    0.00    0.00   52.15
23:29:25     all    0.00    7.38   24.65    0.00    0.00   11.41    0.00    0.00    0.00   56.55
23:29:26     all    0.00    6.77   25.85    0.00    0.00   10.10    0.00    0.00    0.00   57.28
23:29:27     all    0.03   11.21   23.17    0.00    0.00    9.64    0.00    0.00    0.00   55.95
23:29:28     all    0.00    8.34   19.06    0.00    0.00    9.47    0.00    0.00    0.00   63.13
23:29:29     all    0.00    8.54   18.93    0.00    0.00    9.48    0.00    0.00    0.00   63.05
23:29:30     all    0.10    2.16   17.30    0.00    0.00    9.03    0.00    0.00    0.00   71.42
23:29:31     all    0.00    5.81   19.75    0.00    0.00    9.00    0.00    0.00    0.00   65.44
23:29:32     all    0.00   11.02   22.00    0.00    0.00    9.53    0.00    0.00    0.00   57.45
23:29:33     all    0.03    4.65   22.62    0.00    0.00    9.79    0.00    0.00    0.00   62.91
23:29:34     all    0.00    1.77   17.41    0.00    0.00    9.46    0.00    0.00    0.00   71.37
23:29:35     all    0.00    3.24   14.82    0.00    0.00    7.73    0.00    0.00    0.00   74.22
23:29:36     all    0.19    7.97   14.67    0.00    0.00    7.77    0.00    0.00    0.00   69.40
23:29:37     all    0.03    7.66   19.66    0.00    0.00    9.67    0.00    0.00    0.00   62.98
23:29:38     all    0.00    1.94   19.83    0.00    0.00   10.22    0.00    0.00    0.00   68.00
23:29:39     all    0.00    1.75   17.79    0.00    0.00    9.56    0.00    0.00    0.00   70.90
23:29:40     all    0.13    8.06   18.52    0.00    0.00    9.69    0.00    0.00    0.00   63.60
23:29:41     all    0.00    9.70   17.77    0.00    0.00    9.66    0.00    0.00    0.00   62.87
23:29:42     all    0.03    4.10   20.15    0.00    0.00   10.06    0.00    0.00    0.00   65.66
23:29:43     all    0.00    4.16   20.34    0.00    0.00    8.97    0.00    0.00    0.00   66.53
23:29:44     all    0.00    1.23   16.80    0.00    0.00    9.00    0.00    0.00    0.00   72.96
23:29:45     all    0.03    1.49   14.14    0.00    0.00    8.53    0.00    0.00    0.00   75.81
23:29:46     all    0.00    1.24   14.01    0.00    0.00    7.43    0.00    0.00    0.00   77.33
23:29:47     all    0.03    2.10   14.12    0.00    0.00    7.86    0.00    0.00    0.00   75.89
23:29:48     all    0.00   10.20   14.85    0.00    0.00    7.95    0.00    0.00    0.00   67.00
23:29:49     all    0.00    0.72   12.97    0.00    0.00    7.22    0.00    0.00    0.00   79.09
23:29:50     all    0.07    0.62   12.50    0.00    0.00    6.89    0.00    0.00    0.00   79.93
23:29:51     all    0.03    5.00   12.63    0.00    0.00    7.01    0.00    0.00    0.00   75.32
23:29:52     all    0.00    1.75   13.43    0.00    0.00    7.43    0.00    0.00    0.00   77.39
23:29:53     all    0.03    0.59   13.14    0.00    0.00    7.29    0.00    0.00    0.00   78.95
23:29:54     all    0.03    0.72   13.14    0.00    0.00    6.80    0.00    0.00    0.00   79.31
23:29:55     all    0.00    0.74   13.66    0.00    0.00    7.04    0.00    0.00    0.00   78.55
23:29:56     all    0.23    5.92   12.82    0.00    0.00    7.40    0.00    0.00    0.00   73.63
23:29:57     all    0.00    2.34   15.17    0.00    0.00    7.91    0.00    0.00    0.00   74.58
23:29:58     all    0.03    0.39   15.55    0.00    0.00    8.33    0.00    0.00    0.00   75.70
23:29:59     all    0.00    0.39   12.62    0.00    0.00    6.86    0.00    0.00    0.00   80.12
23:30:00     all    0.33    0.10   10.32    0.00    0.00    6.15    0.00    0.00    0.00   83.11
23:30:01     all    0.03    0.10    9.51    0.00    0.00    5.18    0.00    0.00    0.00   85.18
23:30:02     all    0.00    0.10   10.23    0.00    0.00    5.34    0.00    0.00    0.00   84.33
23:30:03     all    0.03    0.10    9.98    0.00    0.00    5.65    0.00    0.00    0.00   84.24
23:30:04     all    0.00    0.10    9.30    0.00    0.00    5.79    0.00    0.00    0.00   84.82
23:30:05     all    0.03    0.03    9.51    0.00    0.00    5.94    0.00    0.00    0.00   84.48
23:30:06     all    0.00    0.06    9.64    0.00    0.00    6.00    0.00    0.00    0.00   84.30
23:30:07     all    0.00    0.13    9.76    0.00    0.00    5.68    0.00    0.00    0.00   84.44
23:30:08     all    0.00    0.06   10.41    0.00    0.00    6.24    0.00    0.00    0.00   83.29
23:30:09     all    0.00    0.06    9.79    0.00    0.00    5.93    0.00    0.00    0.00   84.22
23:30:10     all    0.13    0.06   10.04    0.00    0.00    5.52    0.00    0.00    0.00   84.25
23:30:11     all    0.03    0.10   10.76    0.00    0.00    6.49    0.00    0.00    0.00   82.62
23:30:12     all    0.00    3.28   10.23    0.00    0.00    5.72    0.00    0.00    0.00   80.77
23:30:13     all    0.00    0.10    8.98    0.00    0.00    5.60    0.00    0.00    0.00   85.32
23:30:14     all    0.06    0.06   10.97    0.00    0.00    6.10    0.00    0.00    0.00   82.80
23:30:15     all    0.00    0.07   10.06    0.00    0.00    5.62    0.00    0.00    0.00   84.25
23:30:16     all    0.00    0.07    9.31    0.00    0.00    5.80    0.00    0.00    0.00   84.83
23:30:17     all    0.00    0.06   10.40    0.00    0.00    6.04    0.00    0.00    0.00   83.50
23:30:18     all    0.00    0.06   10.58    0.00    0.00    6.34    0.00    0.00    0.00   83.02
23:30:19     all    0.00    0.06    9.70    0.00    0.00    5.94    0.00    0.00    0.00   84.30
23:30:20     all    0.06    0.10   11.00    0.00    0.00    6.26    0.00    0.00    0.00   82.58
23:30:21     all    0.00    0.03    9.57    0.00    0.00    5.51    0.00    0.00    0.00   84.88
23:30:22     all    0.00    0.07    9.14    0.00    0.00    4.82    0.00    0.00    0.00   85.97
23:30:23     all    0.03    0.06    8.67    0.00    0.00    5.52    0.00    0.00    0.00   85.71
23:30:24     all    0.00    0.03    8.64    0.00    0.00    5.32    0.00    0.00    0.00   86.01
23:30:25     all    0.03    0.03    8.35    0.00    0.00    5.42    0.00    0.00    0.00   86.17
23:30:26     all    0.00    0.07    9.43    0.00    0.00    4.97    0.00    0.00    0.00   85.53
23:30:27     all    0.00    0.10    9.09    0.00    0.00    5.24    0.00    0.00    0.00   85.57
23:30:28     all    0.03    0.06    9.50    0.00    0.00    5.55    0.00    0.00    0.00   84.85
23:30:29     all    0.06    0.06    8.06    0.00    0.00    4.78    0.00    0.00    0.00   87.04
23:30:30     all    0.06    0.03    7.94    0.00    0.00    4.85    0.00    0.00    0.00   87.11
23:30:31     all    0.03    0.06    7.90    0.00    0.00    4.06    0.00    0.00    0.00   87.94
23:30:32     all    0.03    0.06    8.40    0.00    0.00    4.51    0.00    0.00    0.00   86.99
23:30:33     all    0.00    0.03    8.31    0.00    0.00    4.72    0.00    0.00    0.00   86.94
23:30:34     all    0.00    0.06    8.72    0.00    0.00    4.73    0.00    0.00    0.00   86.48
23:30:35     all    0.00    0.06    6.38    0.00    0.00    4.09    0.00    0.00    0.00   89.46
23:30:36     all    0.06    0.06    5.48    0.00    0.00    3.14    0.00    0.00    0.00   91.26
23:30:37     all    0.03    0.03    5.95    0.00    0.00    3.54    0.00    0.00    0.00   90.45
23:30:38     all    0.00    0.06    5.48    0.00    0.00    3.64    0.00    0.00    0.00   90.82
23:30:39     all    0.00    0.03    6.16    0.00    0.00    3.56    0.00    0.00    0.00   90.25
23:30:40     all    0.06    0.03    5.83    0.00    0.00    3.51    0.00    0.00    0.00   90.57
23:30:41     all    0.03    0.06    5.95    0.00    0.00    3.70    0.00    0.00    0.00   90.25
23:30:42     all    0.00    0.03    5.69    0.00    0.00    3.76    0.00    0.00    0.00   90.51
23:30:43     all    0.00    0.06    5.36    0.00    0.00    3.13    0.00    0.00    0.00   91.44
23:30:44     all    0.00    0.03    6.07    0.00    0.00    3.31    0.00    0.00    0.00   90.59
23:30:45     all    0.00    0.03    5.07    0.00    0.00    2.95    0.00    0.00    0.00   91.95
23:30:46     all    0.00    0.06    5.86    0.00    0.00    3.90    0.00    0.00    0.00   90.18
23:30:47     all    0.00    0.03    6.16    0.00    0.00    3.37    0.00    0.00    0.00   90.44
23:30:48     all    0.00    0.06    5.90    0.00    0.00    3.56    0.00    0.00    0.00   90.47
23:30:49     all    0.00    0.06    6.16    0.00    0.00    3.21    0.00    0.00    0.00   90.57
23:30:50     all    0.10    0.03    5.31    0.00    0.00    3.22    0.00    0.00    0.00   91.34
23:30:51     all    0.03    0.03    6.16    0.00    0.00    3.66    0.00    0.00    0.00   90.11
23:30:52     all    0.00    0.03    4.23    0.00    0.00    2.76    0.00    0.00    0.00   92.98
23:30:53     all    0.00    0.06    3.70    0.00    0.00    2.32    0.00    0.00    0.00   93.91
23:30:54     all    0.00    0.03    4.35    0.00    0.00    2.47    0.00    0.00    0.00   93.15
23:30:55     all    0.00    0.06    4.53    0.00    0.00    2.12    0.00    0.00    0.00   93.28
23:30:56     all    0.00    0.06    3.83    0.00    0.00    2.38    0.00    0.00    0.00   93.73
23:30:57     all    0.00    0.03    3.26    0.00    0.00    1.95    0.00    0.00    0.00   94.77
23:30:58     all    0.00    0.03    2.19    0.00    0.00    1.14    0.00    0.00    0.00   96.64
23:30:59     all    0.00    0.06    2.63    0.00    0.00    1.42    0.00    0.00    0.00   95.88
23:31:00     all    0.45    0.03    2.90    0.00    0.00    1.43    0.00    0.00    0.00   95.19
23:31:01     all    0.03    0.03    2.58    0.00    0.00    1.34    0.00    0.00    0.00   96.02
23:31:02     all    0.00    0.06    2.39    0.00    0.00    1.21    0.00    0.00    0.00   96.34
23:31:03     all    0.00    0.03    2.76    0.00    0.00    1.33    0.00    0.00    0.00   95.87
23:31:04     all    0.00    0.03    2.51    0.00    0.00    1.37    0.00    0.00    0.00   96.09
23:31:05     all    0.00    0.03    2.61    0.00    0.00    1.15    0.00    0.00    0.00   96.21

Average:     all    0.02    2.06   14.33    0.00    0.00    5.65    0.00    0.00    0.00   77.93
