Linux 4.20.0+ (eternitystorage) 	01/14/24 	_x86_64_	(32 CPU)

03:17:26     CPU    %usr   %nice    %sys %iowait    %irq   %soft  %steal  %guest  %gnice   %idle
03:17:27     all    0.00    0.00    0.16    1.34    0.00    0.00    0.00    0.00    0.00   98.50
03:17:28     all    0.00    0.00    0.06    2.22    0.00    0.00    0.00    0.00    0.00   97.72
03:17:29     all    0.00    0.00    0.09    1.19    0.00    0.00    0.00    0.00    0.00   98.72
03:17:30     all    0.06    0.00    0.09    0.00    0.00    0.00    0.00    0.00    0.00   99.84
03:17:31     all    0.00    0.00    0.00    0.00    0.00    0.00    0.00    0.00    0.00  100.00
03:17:32     all    0.00    0.00    0.03    0.00    0.00    0.00    0.00    0.00    0.00   99.97
03:17:33     all    0.00    0.00    0.66    0.00    0.00    0.19    0.00    0.00    0.00   99.15
03:17:34     all    0.00    0.00    3.45    0.00    0.00    0.95    0.00    0.00    0.00   95.61
03:17:35     all    0.00    0.00    3.66    0.00    0.00    0.41    0.00    0.00    0.00   95.93
03:17:36     all    0.00    0.00    3.79    0.00    0.00    0.60    0.00    0.00    0.00   95.61
03:17:37     all    0.03    0.00    3.30    0.00    0.00    0.53    0.00    0.00    0.00   96.13
03:17:38     all    0.00    0.00    2.78    0.00    0.00    0.47    0.00    0.00    0.00   96.75
03:17:39     all    0.00    0.00    3.42    0.00    0.00    0.56    0.00    0.00    0.00   96.02
03:17:40     all    0.09    0.00    3.09    0.00    0.00    0.41    0.00    0.00    0.00   96.40
03:17:41     all    0.03    0.00    3.12    0.00    0.00    0.41    0.00    0.00    0.00   96.44
03:17:42     all    0.00    0.00    3.27    0.00    0.00    0.44    0.00    0.00    0.00   96.29
03:17:43     all    0.00    0.00    2.93    0.00    0.00    0.44    0.00    0.00    0.00   96.63
03:17:44     all    0.00    0.00    3.65    0.00    0.00    0.44    0.00    0.00    0.00   95.91
03:17:45     all    0.00    0.00    3.34    0.00    0.00    0.60    0.00    0.00    0.00   96.06
03:17:46     all    0.00    0.00    3.33    0.00    0.00    0.44    0.00    0.00    0.00   96.23
03:17:47     all    0.03    0.00    3.46    0.00    0.00    0.53    0.00    0.00    0.00   95.97
03:17:48     all    0.00    0.00    3.24    0.00    0.00    0.54    0.00    0.00    0.00   96.22
03:17:49     all    0.00    0.00    3.03    0.06    0.00    0.44    0.00    0.00    0.00   96.47
03:17:50     all    0.06    0.00    3.43    2.61    0.00    0.66    0.00    0.00    0.00   93.23
03:17:51     all    0.00    0.00    3.10    2.78    0.00    0.69    0.00    0.00    0.00   93.43
03:17:52     all    0.00    0.00    3.34    3.06    0.00    0.44    0.00    0.00    0.00   93.17
03:17:53     all    0.00    0.00    2.98    3.01    0.00    0.44    0.00    0.00    0.00   93.57
03:17:54     all    0.00    0.00    3.09    2.27    0.00    0.54    0.00    0.00    0.00   94.10
03:17:55     all    0.00    0.00    3.55    1.95    0.00    0.53    0.00    0.00    0.00   93.96
03:17:56     all    0.00    0.00    3.82    2.63    0.00    0.50    0.00    0.00    0.00   93.04
03:17:57     all    0.00    0.00    3.57    2.73    0.00    0.56    0.00    0.00    0.00   93.14
03:17:58     all    0.00    0.00    2.97    2.91    0.00    0.63    0.00    0.00    0.00   93.49
03:17:59     all    0.00    0.00    3.15    3.09    0.00    0.57    0.00    0.00    0.00   93.20
03:18:00     all    0.38    0.00    3.05    2.36    0.00    0.60    0.00    0.00    0.00   93.62
03:18:01     all    0.00    0.00    2.73    2.86    0.00    0.47    0.00    0.00    0.00   93.93
03:18:02     all    0.00    0.00    2.46    2.93    0.00    0.31    0.00    0.00    0.00   94.30
03:18:03     all    0.00    0.00    2.67    2.89    0.00    0.57    0.00    0.00    0.00   93.87
03:18:04     all    0.03    0.00    2.49    3.09    0.00    0.31    0.00    0.00    0.00   94.08
03:18:05     all    0.00    0.00    2.96    3.08    0.00    0.41    0.00    0.00    0.00   93.55
03:18:06     all    0.00    0.00    2.73    3.05    0.00    0.44    0.00    0.00    0.00   93.78
03:18:07     all    0.03    0.00    2.49    3.09    0.00    0.41    0.00    0.00    0.00   93.98
03:18:08     all    0.00    0.00    2.49    3.09    0.00    0.25    0.00    0.00    0.00   94.18
03:18:09     all    0.03    0.00    2.05    1.86    0.00    0.38    0.00    0.00    0.00   95.69
03:18:10     all    0.09    0.00    2.61    0.00    0.00    0.38    0.00    0.00    0.00   96.92
03:18:11     all    0.00    0.00    2.36    0.00    0.00    0.28    0.00    0.00    0.00   97.36
03:18:12     all    0.00    0.00    2.83    0.00    0.00    0.41    0.00    0.00    0.00   96.77
03:18:13     all    0.00    0.00    2.55    0.00    0.00    0.25    0.00    0.00    0.00   97.20
03:18:14     all    0.00    0.00    2.48    0.00    0.00    0.47    0.00    0.00    0.00   97.05
03:18:15     all    0.00    0.00    2.70    0.00    0.00    0.28    0.00    0.00    0.00   97.01
03:18:16     all    0.00    0.00    2.76    0.00    0.00    0.44    0.00    0.00    0.00   96.80
03:18:17     all    0.00    0.00    2.05    0.00    0.00    0.44    0.00    0.00    0.00   97.51
03:18:18     all    0.06    0.00    2.48    0.00    0.00    0.38    0.00    0.00    0.00   97.08
03:18:19     all    0.00    0.00    2.58    0.00    0.00    0.57    0.00    0.00    0.00   96.86
03:18:20     all    0.06    0.00    2.58    0.00    0.00    0.38    0.00    0.00    0.00   96.98
03:18:21     all    0.00    0.00    2.54    0.00    0.00    0.44    0.00    0.00    0.00   97.02
03:18:22     all    0.00    0.00    2.61    0.00    0.00    0.35    0.00    0.00    0.00   97.04
03:18:23     all    0.00    0.00    2.70    0.00    0.00    0.44    0.00    0.00    0.00   96.87
03:18:24     all    0.00    0.00    2.58    0.00    0.00    0.35    0.00    0.00    0.00   97.08
03:18:25     all    0.00    0.00    2.55    0.00    0.00    0.32    0.00    0.00    0.00   97.13
03:18:26     all    0.00    0.00    2.64    0.00    0.00    0.35    0.00    0.00    0.00   97.01
03:18:27     all    0.00    0.00    2.80    0.00    0.00    0.41    0.00    0.00    0.00   96.79
03:18:28     all    0.03    0.00    2.52    0.00    0.00    0.41    0.00    0.00    0.00   97.04
03:18:29     all    0.00    0.00    2.89    0.00    0.00    0.57    0.00    0.00    0.00   96.54
03:18:30     all    0.06    0.00    2.54    0.00    0.00    0.31    0.00    0.00    0.00   97.08
03:18:31     all    0.00    0.00    0.38    0.00    0.00    0.09    0.00    0.00    0.00   99.53
03:18:32     all    0.00    0.00    0.47    0.00    0.00    0.00    0.00    0.00    0.00   99.53
03:18:33     all    0.00    0.00    0.38    0.00    0.00    0.06    0.00    0.00    0.00   99.56
03:18:34     all    0.00    0.00    0.34    0.00    0.00    0.06    0.00    0.00    0.00   99.59
03:18:35     all    0.00    0.00    0.19    0.00    0.00    0.00    0.00    0.00    0.00   99.81
03:18:36     all    0.00    0.00    0.41    0.00    0.00    0.09    0.00    0.00    0.00   99.50
03:18:37     all    0.00    0.00    0.41    0.00    0.00    0.03    0.00    0.00    0.00   99.56
03:18:38     all    0.00    0.00    0.31    0.00    0.00    0.03    0.00    0.00    0.00   99.66
03:18:39     all    0.00    0.00    0.34    0.00    0.00    0.03    0.00    0.00    0.00   99.62
03:18:40     all    0.09    0.00    0.41    0.00    0.00    0.03    0.00    0.00    0.00   99.47
03:18:41     all    0.00    0.00    0.34    0.00    0.00    0.03    0.00    0.00    0.00   99.62
03:18:42     all    0.00    0.00    0.38    0.00    0.00    0.06    0.00    0.00    0.00   99.56
03:18:43     all    0.00    0.00    0.34    0.00    0.00    0.03    0.00    0.00    0.00   99.62
03:18:44     all    0.00    0.00    0.53    0.00    0.00    0.03    0.00    0.00    0.00   99.44
03:18:45     all    0.00    0.00    0.38    0.00    0.00    0.00    0.00    0.00    0.00   99.62
03:18:46     all    0.03    0.00    0.34    0.00    0.00    0.03    0.00    0.00    0.00   99.59
03:18:47     all    0.00    0.00    0.44    0.00    0.00    0.06    0.00    0.00    0.00   99.50
03:18:48     all    0.00    0.00    0.44    0.00    0.00    0.03    0.00    0.00    0.00   99.53
03:18:49     all    0.00    0.00    0.47    0.00    0.00    0.03    0.00    0.00    0.00   99.50
03:18:50     all    0.09    0.00    0.47    0.00    0.00    0.06    0.00    0.00    0.00   99.37
03:18:51     all    0.00    0.00    0.25    0.00    0.00    0.06    0.00    0.00    0.00   99.69
03:18:52     all    0.00    0.00    0.53    0.00    0.00    0.09    0.00    0.00    0.00   99.38
03:18:53     all    0.00    0.00    0.34    0.00    0.00    0.06    0.00    0.00    0.00   99.59
03:18:54     all    0.00    0.00    0.50    0.00    0.00    0.06    0.00    0.00    0.00   99.44
03:18:55     all    0.00    0.00    0.38    0.00    0.00    0.06    0.00    0.00    0.00   99.56
03:18:56     all    0.00    0.00    0.28    0.00    0.00    0.06    0.00    0.00    0.00   99.66
03:18:57     all    0.00    0.00    0.41    0.00    0.00    0.00    0.00    0.00    0.00   99.59
03:18:58     all    0.00    0.00    0.47    0.00    0.00    0.03    0.00    0.00    0.00   99.50
03:18:59     all    0.00    0.00    0.38    0.00    0.00    0.03    0.00    0.00    0.00   99.59
03:19:00     all    0.38    0.00    0.56    0.00    0.00    0.06    0.00    0.00    0.00   99.00
03:19:01     all    0.00    0.00    0.47    0.00    0.00    0.06    0.00    0.00    0.00   99.47
03:19:02     all    0.00    0.00    0.41    0.00    0.00    0.06    0.00    0.00    0.00   99.53
03:19:03     all    0.00    0.00    0.28    0.00    0.00    0.03    0.00    0.00    0.00   99.69
03:19:04     all    0.00    0.00    0.47    0.00    0.00    0.03    0.00    0.00    0.00   99.50
03:19:05     all    0.00    0.00    0.25    0.00    0.00    0.09    0.00    0.00    0.00   99.66
03:19:06     all    0.00    0.00    0.38    0.00    0.00    0.03    0.00    0.00    0.00   99.59
03:19:07     all    0.03    0.00    0.38    0.00    0.00    0.03    0.00    0.00    0.00   99.56
03:19:08     all    0.00    0.00    0.34    0.00    0.00    0.00    0.00    0.00    0.00   99.66
03:19:09     all    0.00    0.00    0.44    0.00    0.00    0.03    0.00    0.00    0.00   99.53
03:19:10     all    0.09    0.00    0.38    0.00    0.00    0.06    0.00    0.00    0.00   99.47
03:19:11     all    0.00    0.00    0.41    0.00    0.00    0.06    0.00    0.00    0.00   99.53
03:19:12     all    0.00    0.00    0.34    0.00    0.00    0.06    0.00    0.00    0.00   99.59
03:19:13     all    0.22    0.00    0.25    0.00    0.00    0.13    0.00    0.00    0.00   99.41
03:19:14     all    0.00    0.00    0.34    0.00    0.00    0.00    0.00    0.00    0.00   99.66
03:19:15     all    0.00    0.00    0.38    0.00    0.00    0.06    0.00    0.00    0.00   99.56
03:19:16     all    0.00    0.00    0.28    0.00    0.00    0.06    0.00    0.00    0.00   99.66
03:19:17     all    0.03    0.00    0.34    0.00    0.00    0.06    0.00    0.00    0.00   99.56
03:19:18     all    0.00    0.00    0.34    0.00    0.00    0.00    0.00    0.00    0.00   99.66
03:19:19     all    0.00    0.00    0.47    0.00    0.00    0.03    0.00    0.00    0.00   99.50
03:19:20     all    0.09    0.00    0.44    0.00    0.00    0.03    0.00    0.00    0.00   99.44
03:19:21     all    0.00    0.00    0.34    0.00    0.00    0.06    0.00    0.00    0.00   99.59
03:19:22     all    0.00    0.00    0.31    0.00    0.00    0.03    0.00    0.00    0.00   99.66
03:19:23     all    0.00    0.00    0.41    0.00    0.00    0.06    0.00    0.00    0.00   99.53
03:19:24     all    0.00    0.00    0.28    0.00    0.00    0.03    0.00    0.00    0.00   99.69
03:19:25     all    0.00    0.00    0.50    0.00    0.00    0.06    0.00    0.00    0.00   99.44
03:19:26     all    0.00    0.00    0.41    0.00    0.00    0.03    0.00    0.00    0.00   99.56
03:19:27     all    0.03    0.00    0.44    0.00    0.00    0.03    0.00    0.00    0.00   99.50
03:19:28     all    0.00    0.00    0.28    0.00    0.00    0.03    0.00    0.00    0.00   99.69
03:19:29     all    0.00    0.00    0.44    0.00    0.00    0.06    0.00    0.00    0.00   99.50
03:19:30     all    0.06    0.00    0.53    0.00    0.00    0.03    0.00    0.00    0.00   99.37
03:19:31     all    0.00    0.00    0.62    0.00    0.00    0.06    0.00    0.00    0.00   99.31
03:19:32     all    0.00    0.00    0.59    0.00    0.00    0.03    0.00    0.00    0.00   99.38
03:19:33     all    0.00    0.00    0.59    0.00    0.00    0.06    0.00    0.00    0.00   99.34
03:19:34     all    0.00    0.00    0.34    0.00    0.00    0.03    0.00    0.00    0.00   99.62
03:19:35     all    0.00    0.00    0.34    0.00    0.00    0.06    0.00    0.00    0.00   99.59
03:19:36     all    0.00    0.00    0.38    0.00    0.00    0.03    0.00    0.00    0.00   99.59
03:19:37     all    0.00    0.00    0.34    0.00    0.00    0.13    0.00    0.00    0.00   99.53
03:19:38     all    0.03    0.00    0.28    0.00    0.00    0.03    0.00    0.00    0.00   99.66
03:19:39     all    0.00    0.00    1.87    0.00    0.00    1.01    0.00    0.00    0.00   97.12
03:19:40     all    0.06    0.00    6.11    0.00    0.00    4.11    0.00    0.00    0.00   89.71
03:19:41     all    0.00    0.00    7.58    0.00    0.00    4.31    0.00    0.00    0.00   88.12
03:19:42     all    0.00    0.00    7.21    0.00    0.00    4.17    0.00    0.00    0.00   88.63
03:19:43     all    0.00    0.00    6.76    0.00    0.00    4.17    0.00    0.00    0.00   89.07
03:19:44     all    0.03    0.00    6.00    0.00    0.00    3.83    0.00    0.00    0.00   90.13
03:19:45     all    0.00    0.00    6.05    0.00    0.00    3.70    0.00    0.00    0.00   90.24
03:19:46     all    0.00    0.00    5.57    0.00    0.00    3.46    0.00    0.00    0.00   90.97
03:19:47     all    0.00    0.00    6.44    0.00    0.00    3.02    0.00    0.00    0.00   90.54
03:19:48     all    0.00    0.00    7.05    0.00    0.00    3.64    0.00    0.00    0.00   89.32
03:19:49     all    0.00    0.00    5.80    0.00    0.00    3.60    0.00    0.00    0.00   90.60
03:19:50     all    0.06    0.00    6.11    0.00    0.00    3.35    0.00    0.00    0.00   90.48
03:19:51     all    0.00    0.00    5.34    0.00    0.00    3.25    0.00    0.00    0.00   91.41
03:19:52     all    0.00    0.00    5.31    0.00    0.00    3.29    0.00    0.00    0.00   91.40
03:19:53     all    0.00    0.00    5.56    0.00    0.00    3.07    0.00    0.00    0.00   91.37
03:19:54     all    0.00    0.00    5.64    0.00    0.00    3.05    0.00    0.00    0.00   91.31
03:19:55     all    0.00    0.00    6.55    0.00    0.00    2.91    0.00    0.00    0.00   90.54
03:19:56     all    0.00    0.00    6.10    0.00    0.00    2.76    0.00    0.00    0.00   91.14
03:19:57     all    0.00    0.00    6.39    0.00    0.00    3.87    0.00    0.00    0.00   89.74
03:19:58     all    0.00    0.00    5.98    0.00    0.00    3.49    0.00    0.00    0.00   90.53
03:19:59     all    0.00    0.00    4.47    0.00    0.00    3.67    0.00    0.00    0.00   91.86
03:20:00     all    0.39    0.00    3.88    0.00    0.00    2.80    0.00    0.00    0.00   92.93
03:20:01     all    0.00    0.00    3.93    0.00    0.00    2.29    0.00    0.00    0.00   93.78
03:20:02     all    0.00    0.00    3.47    0.00    0.00    2.03    0.00    0.00    0.00   94.50
03:20:03     all    0.00    0.00    5.13    0.00    0.00    2.85    0.00    0.00    0.00   92.02
03:20:04     all    0.00    0.00    4.68    0.00    0.00    2.81    0.00    0.00    0.00   92.50
03:20:05     all    0.00    0.00    4.72    0.00    0.00    2.83    0.00    0.00    0.00   92.45
03:20:06     all    0.00    0.00    5.32    0.00    0.00    2.85    0.00    0.00    0.00   91.82
03:20:07     all    0.03    0.00    5.98    0.00    0.00    2.65    0.00    0.00    0.00   91.34
03:20:08     all    0.00    0.00    5.37    0.00    0.00    2.48    0.00    0.00    0.00   92.15
03:20:09     all    0.00    0.00    6.19    0.00    0.00    2.93    0.00    0.00    0.00   90.88
03:20:10     all    0.06    0.00    5.19    0.00    0.00    3.11    0.00    0.00    0.00   91.63
03:20:11     all    0.00    0.00    4.52    0.00    0.00    2.69    0.00    0.00    0.00   92.79
03:20:12     all    0.00    0.00    4.94    0.00    0.00    2.48    0.00    0.00    0.00   92.58
03:20:13     all    0.00    0.00    4.58    0.00    0.00    2.40    0.00    0.00    0.00   93.02
03:20:14     all    0.00    0.00    4.90    0.00    0.00    2.79    0.00    0.00    0.00   92.31
03:20:15     all    0.00    0.00    5.11    0.00    0.00    2.62    0.00    0.00    0.00   92.27
03:20:16     all    0.00    0.00    4.89    0.00    0.00    2.67    0.00    0.00    0.00   92.45
03:20:17     all    0.03    0.00    4.75    0.00    0.00    2.71    0.00    0.00    0.00   92.51
03:20:18     all    0.00    0.00    5.37    0.00    0.00    2.37    0.00    0.00    0.00   92.26
03:20:19     all    0.00    0.00    6.06    0.00    0.00    2.55    0.00    0.00    0.00   91.39
03:20:20     all    0.06    0.00    5.59    0.00    0.00    2.91    0.00    0.00    0.00   91.43
03:20:21     all    0.00    0.00    5.25    0.00    0.00    3.08    0.00    0.00    0.00   91.67
03:20:22     all    0.00    0.00    5.02    0.00    0.00    2.85    0.00    0.00    0.00   92.13
03:20:23     all    0.00    0.00    4.19    0.00    0.00    2.30    0.00    0.00    0.00   93.51
03:20:24     all    0.00    0.00    4.52    0.00    0.00    2.10    0.00    0.00    0.00   93.38
03:20:25     all    0.00    0.00    5.02    0.00    0.00    2.24    0.00    0.00    0.00   92.74
03:20:26     all    0.00    0.00    4.88    0.00    0.00    2.39    0.00    0.00    0.00   92.73
03:20:27     all    0.03    0.00    3.46    0.00    0.00    1.75    0.00    0.00    0.00   94.76
03:20:28     all    0.00    0.00    2.70    0.00    0.00    1.08    0.00    0.00    0.00   96.22
03:20:29     all    0.00    0.00    2.19    0.00    0.00    1.14    0.00    0.00    0.00   96.67
03:20:30     all    0.10    0.00    1.84    0.00    0.00    1.08    0.00    0.00    0.00   96.98
03:20:31     all    0.00    0.00    1.80    0.00    0.00    1.11    0.00    0.00    0.00   97.10
03:20:32     all    0.00    0.00    2.40    0.00    0.00    0.82    0.00    0.00    0.00   96.77
03:20:33     all    0.00    0.00    2.65    0.00    0.00    1.04    0.00    0.00    0.00   96.31
03:20:34     all    0.00    0.00    2.86    0.00    0.00    0.73    0.00    0.00    0.00   96.41
03:20:35     all    0.00    0.00    2.20    0.00    0.00    1.20    0.00    0.00    0.00   96.60
03:20:36     all    0.00    0.00    1.33    0.00    0.00    1.17    0.00    0.00    0.00   97.50
03:20:37     all    0.00    0.00    1.43    0.00    0.00    1.37    0.00    0.00    0.00   97.20
03:20:38     all    0.00    0.00    0.94    0.00    0.00    0.22    0.00    0.00    0.00   98.84
03:20:39     all    0.00    0.00    0.41    0.00    0.00    0.06    0.00    0.00    0.00   99.53
03:20:40     all    0.06    0.00    0.66    0.00    0.00    0.19    0.00    0.00    0.00   99.09
03:20:41     all    0.00    0.00    0.50    0.00    0.00    0.19    0.00    0.00    0.00   99.31
03:20:42     all    0.00    0.00    0.59    0.00    0.00    0.19    0.00    0.00    0.00   99.22
03:20:43     all    0.00    0.00    0.47    0.00    0.00    0.19    0.00    0.00    0.00   99.34
03:20:44     all    0.03    0.00    0.50    0.00    0.00    0.16    0.00    0.00    0.00   99.31
03:20:45     all    0.00    0.00    0.50    0.00    0.00    0.13    0.00    0.00    0.00   99.37
03:20:46     all    0.00    0.00    0.63    0.00    0.00    0.16    0.00    0.00    0.00   99.22
03:20:47     all    0.03    0.00    0.84    0.00    0.00    0.13    0.00    0.00    0.00   99.00
03:20:48     all    0.00    0.00    0.81    0.00    0.00    0.16    0.00    0.00    0.00   99.03
03:20:49     all    0.00    0.00    0.60    0.00    0.00    0.25    0.00    0.00    0.00   99.15
03:20:50     all    0.06    0.00    0.88    0.00    0.00    0.22    0.00    0.00    0.00   98.84
03:20:51     all    0.00    0.00    0.78    0.00    0.00    0.25    0.00    0.00    0.00   98.97
03:20:52     all    0.00    0.00    0.50    0.00    0.00    0.03    0.00    0.00    0.00   99.47
03:20:53     all    0.00    0.00    0.78    0.00    0.00    0.31    0.00    0.00    0.00   98.90
03:20:54     all    0.00    0.00    0.81    0.00    0.00    0.22    0.00    0.00    0.00   98.97
03:20:55     all    0.00    0.00    0.81    0.00    0.00    0.25    0.00    0.00    0.00   98.94
03:20:56     all    0.00    0.00    0.60    0.00    0.00    0.25    0.00    0.00    0.00   99.15
03:20:57     all    0.00    0.00    0.69    0.00    0.00    0.22    0.00    0.00    0.00   99.09
03:20:58     all    0.00    0.00    0.69    0.00    0.00    0.09    0.00    0.00    0.00   99.22
03:20:59     all    0.00    0.00    0.63    0.00    0.00    0.13    0.00    0.00    0.00   99.25
03:21:00     all    0.34    0.00    0.97    0.00    0.00    0.16    0.00    0.00    0.00   98.53
03:21:01     all    0.00    0.00    1.03    0.00    0.00    0.22    0.00    0.00    0.00   98.75
03:21:02     all    0.00    0.00    0.75    0.00    0.00    0.16    0.00    0.00    0.00   99.09
03:21:03     all    0.03    0.00    1.00    0.00    0.00    0.28    0.00    0.00    0.00   98.69
03:21:04     all    0.00    0.00    0.97    0.00    0.00    0.25    0.00    0.00    0.00   98.78
03:21:05     all    0.00    0.00    0.97    0.00    0.00    0.19    0.00    0.00    0.00   98.84
03:21:06     all    0.00    0.00    1.06    0.00    0.00    0.19    0.00    0.00    0.00   98.75
03:21:07     all    0.00    0.00    1.00    0.00    0.00    0.19    0.00    0.00    0.00   98.81
03:21:08     all    0.00    0.00    0.84    0.00    0.00    0.09    0.00    0.00    0.00   99.06
03:21:09     all    0.00    0.00    0.81    0.00    0.00    0.19    0.00    0.00    0.00   99.00
03:21:10     all    0.09    0.00    1.06    0.00    0.00    0.25    0.00    0.00    0.00   98.60
03:21:11     all    0.00    0.00    0.94    0.00    0.00    0.22    0.00    0.00    0.00   98.84
03:21:12     all    0.00    0.00    0.81    0.00    0.00    0.25    0.00    0.00    0.00   98.94
03:21:13     all    0.03    0.00    0.72    0.00    0.00    0.16    0.00    0.00    0.00   99.09
03:21:14     all    0.00    0.00    0.66    0.00    0.00    0.13    0.00    0.00    0.00   99.22
03:21:15     all    0.00    0.00    0.72    0.00    0.00    0.19    0.00    0.00    0.00   99.09
03:21:16     all    0.13    0.00    0.81    0.00    0.00    0.25    0.00    0.00    0.00   98.81
03:21:17     all    0.03    0.00    0.81    0.00    0.00    0.16    0.00    0.00    0.00   99.00
03:21:18     all    0.00    0.00    0.69    0.00    0.00    0.19    0.00    0.00    0.00   99.12
03:21:19     all    0.03    0.00    0.75    0.00    0.00    0.22    0.00    0.00    0.00   99.00
03:21:20     all    0.06    0.00    0.85    0.00    0.00    0.28    0.00    0.00    0.00   98.81
03:21:21     all    0.00    0.00    0.63    0.00    0.00    0.13    0.00    0.00    0.00   99.25
03:21:22     all    0.00    0.00    0.66    0.00    0.00    0.16    0.00    0.00    0.00   99.19
03:21:23     all    0.00    0.00    0.66    0.00    0.00    0.19    0.00    0.00    0.00   99.15
03:21:24     all    0.00    0.00    0.81    0.00    0.00    0.22    0.00    0.00    0.00   98.97
03:21:25     all    0.00    0.00    0.88    0.00    0.00    0.22    0.00    0.00    0.00   98.90
03:21:26     all    0.00    0.00    0.81    0.00    0.00    0.22    0.00    0.00    0.00   98.97
03:21:27     all    0.03    0.00    0.60    0.00    0.00    0.19    0.00    0.00    0.00   99.19
03:21:28     all    0.00    0.00    0.34    0.00    0.00    0.06    0.00    0.00    0.00   99.59
03:21:29     all    0.00    0.00    0.34    0.00    0.00    0.09    0.00    0.00    0.00   99.56
03:21:30     all    0.09    0.00    0.28    0.00    0.00    0.03    0.00    0.00    0.00   99.59
03:21:31     all    0.00    0.00    0.34    0.00    0.00    0.09    0.00    0.00    0.00   99.56
03:21:32     all    0.00    0.00    0.25    0.00    0.00    0.00    0.00    0.00    0.00   99.75
03:21:33     all    0.00    0.00    0.28    0.00    0.00    0.09    0.00    0.00    0.00   99.62
03:21:34     all    0.03    0.00    0.34    0.00    0.00    0.06    0.00    0.00    0.00   99.56
03:21:35     all    0.00    0.00    0.22    0.00    0.00    0.00    0.00    0.00    0.00   99.78
03:21:36     all    0.00    0.00    0.31    0.00    0.00    0.03    0.00    0.00    0.00   99.66
03:21:37     all    0.00    0.00    0.38    0.00    0.00    0.06    0.00    0.00    0.00   99.56
03:21:38     all    0.00    0.00    0.34    0.00    0.00    0.09    0.00    0.00    0.00   99.56
03:21:39     all    0.00    0.00    0.38    0.00    0.00    0.06    0.00    0.00    0.00   99.56
03:21:40     all    0.09    0.00    0.44    0.00    0.00    0.09    0.00    0.00    0.00   99.37
03:21:41     all    0.00    0.00    0.31    0.00    0.00    0.09    0.00    0.00    0.00   99.59
03:21:42     all    0.00    0.00    0.41    0.00    0.00    0.00    0.00    0.00    0.00   99.59
03:21:43     all    0.00    0.00    0.38    0.00    0.00    0.19    0.00    0.00    0.00   99.44
03:21:44     all    0.00    0.00    0.25    0.00    0.00    0.09    0.00    0.00    0.00   99.66
03:21:45     all    0.00    0.00    0.44    0.00    0.00    0.13    0.00    0.00    0.00   99.44
03:21:46     all    0.00    0.00    0.31    0.00    0.00    0.19    0.00    0.00    0.00   99.50
03:21:47     all    0.03    0.00    0.41    0.00    0.00    0.03    0.00    0.00    0.00   99.53
03:21:48     all    0.00    0.00    0.38    0.00    0.00    0.06    0.00    0.00    0.00   99.56
03:21:49     all    0.00    0.00    0.38    0.00    0.00    0.13    0.00    0.00    0.00   99.50
03:21:50     all    0.06    0.00    0.41    0.00    0.00    0.13    0.00    0.00    0.00   99.40
03:21:51     all    0.00    0.00    0.34    0.00    0.00    0.09    0.00    0.00    0.00   99.56
03:21:52     all    0.00    0.00    0.34    0.00    0.00    0.06    0.00    0.00    0.00   99.59
03:21:53     all    0.00    0.00    0.34    0.00    0.00    0.13    0.00    0.00    0.00   99.53
03:21:54     all    0.00    0.00    0.28    0.00    0.00    0.13    0.00    0.00    0.00   99.59
03:21:55     all    0.00    0.00    0.19    0.00    0.00    0.16    0.00    0.00    0.00   99.66
03:21:56     all    0.00    0.00    0.44    0.00    0.00    0.06    0.00    0.00    0.00   99.50
03:21:57     all    0.03    0.00    0.44    0.00    0.00    0.06    0.00    0.00    0.00   99.47
03:21:58     all    0.00    0.00    0.41    0.00    0.00    0.03    0.00    0.00    0.00   99.56
03:21:59     all    0.00    0.00    0.28    0.00    0.00    0.13    0.00    0.00    0.00   99.59
03:22:00     all    0.31    0.00    0.53    0.00    0.00    0.22    0.00    0.00    0.00   98.94
03:22:01     all    0.00    0.00    0.44    0.00    0.00    0.12    0.00    0.00    0.00   99.44
03:22:02     all    0.00    0.00    0.34    0.00    0.00    0.00    0.00    0.00    0.00   99.66
03:22:03     all    0.03    0.00    0.44    0.00    0.00    0.06    0.00    0.00    0.00   99.47
03:22:04     all    0.00    0.00    0.44    0.00    0.00    0.03    0.00    0.00    0.00   99.53
03:22:05     all    0.00    0.00    0.28    0.00    0.00    0.09    0.00    0.00    0.00   99.62
03:22:06     all    0.00    0.00    0.34    0.00    0.00    0.09    0.00    0.00    0.00   99.56
03:22:07     all    0.00    0.00    0.41    0.00    0.00    0.09    0.00    0.00    0.00   99.50
03:22:08     all    0.00    0.00    0.41    0.00    0.00    0.06    0.00    0.00    0.00   99.53
03:22:09     all    0.00    0.00    0.31    0.00    0.00    0.09    0.00    0.00    0.00   99.59
03:22:10     all    0.06    0.00    0.34    0.00    0.00    0.09    0.00    0.00    0.00   99.50
03:22:11     all    0.00    0.00    0.41    0.00    0.00    0.06    0.00    0.00    0.00   99.53
03:22:12     all    0.00    0.00    0.38    0.00    0.00    0.06    0.00    0.00    0.00   99.56
03:22:13     all    0.00    0.00    0.38    0.00    0.00    0.09    0.00    0.00    0.00   99.53
03:22:14     all    0.00    0.00    0.44    0.00    0.00    0.09    0.00    0.00    0.00   99.47
03:22:15     all    0.03    0.00    0.38    0.00    0.00    0.00    0.00    0.00    0.00   99.59
03:22:16     all    0.00    0.00    0.38    0.00    0.00    0.06    0.00    0.00    0.00   99.56
03:22:17     all    0.00    0.00    0.47    0.00    0.00    0.13    0.00    0.00    0.00   99.41
03:22:18     all    0.00    0.00    0.34    0.00    0.00    0.06    0.00    0.00    0.00   99.59
03:22:19     all    0.00    0.00    0.50    0.00    0.00    0.13    0.00    0.00    0.00   99.37
03:22:20     all    0.06    0.00    0.56    0.00    0.00    0.13    0.00    0.00    0.00   99.25
03:22:21     all    0.00    0.00    0.50    0.00    0.00    0.06    0.00    0.00    0.00   99.44
03:22:22     all    0.00    0.00    0.38    0.00    0.00    0.16    0.00    0.00    0.00   99.47
03:22:23     all    0.00    0.00    0.38    0.00    0.00    0.06    0.00    0.00    0.00   99.56
03:22:24     all    0.00    0.00    0.34    0.00    0.00    0.06    0.00    0.00    0.00   99.59
03:22:25     all    0.00    0.00    0.28    0.00    0.00    0.09    0.00    0.00    0.00   99.62
03:22:26     all    0.00    0.00    0.41    0.00    0.00    0.06    0.00    0.00    0.00   99.53
03:22:27     all    0.00    0.00    0.50    0.00    0.00    0.06    0.00    0.00    0.00   99.44
03:22:28     all    0.00    0.00    0.34    0.00    0.00    0.00    0.00    0.00    0.00   99.66
03:22:29     all    0.00    0.00    0.34    0.00    0.00    0.09    0.00    0.00    0.00   99.56
03:22:30     all    0.13    0.00    0.38    0.00    0.00    0.06    0.00    0.00    0.00   99.44
03:22:31     all    0.00    0.00    0.38    0.00    0.00    0.09    0.00    0.00    0.00   99.53
03:22:32     all    0.00    0.00    0.38    0.00    0.00    0.09    0.00    0.00    0.00   99.53
03:22:33     all    0.00    0.00    0.41    0.00    0.00    0.09    0.00    0.00    0.00   99.50
03:22:34     all    0.00    0.00    0.44    0.00    0.00    0.06    0.00    0.00    0.00   99.50
03:22:35     all    0.00    0.00    0.38    0.00    0.00    0.19    0.00    0.00    0.00   99.44
03:22:36     all    0.00    0.00    0.34    0.00    0.00    0.06    0.00    0.00    0.00   99.59
03:22:37     all    0.03    0.00    0.34    0.00    0.00    0.13    0.00    0.00    0.00   99.50
03:22:38     all    0.00    0.00    0.31    0.00    0.00    0.06    0.00    0.00    0.00   99.62
03:22:39     all    0.00    0.00    0.38    0.00    0.00    0.03    0.00    0.00    0.00   99.59
03:22:40     all    0.09    0.00    0.47    0.00    0.00    0.19    0.00    0.00    0.00   99.25
03:22:41     all    0.00    0.00    0.38    0.00    0.00    0.13    0.00    0.00    0.00   99.50
03:22:42     all    0.00    0.00    0.41    0.00    0.00    0.03    0.00    0.00    0.00   99.56
03:22:43     all    0.00    0.00    0.22    0.00    0.00    0.06    0.00    0.00    0.00   99.72
03:22:44     all    0.00    0.00    0.31    0.00    0.00    0.06    0.00    0.00    0.00   99.62
03:22:45     all    0.00    0.00    1.36    0.00    0.00    0.69    0.00    0.00    0.00   97.95
03:22:46     all    0.00    0.00    1.23    0.00    0.00    0.51    0.00    0.00    0.00   98.26
03:22:47     all    0.03    0.00    1.11    0.00    0.00    0.44    0.00    0.00    0.00   98.42
03:22:48     all    0.00    0.00    1.07    0.00    0.00    0.51    0.00    0.00    0.00   98.42
03:22:49     all    0.00    0.00    1.20    0.00    0.00    0.44    0.00    0.00    0.00   98.36
03:22:50     all    0.09    0.00    1.26    0.00    0.00    0.50    0.00    0.00    0.00   98.14
03:22:51     all    0.00    0.00    1.14    0.00    0.00    0.51    0.00    0.00    0.00   98.36
03:22:52     all    0.00    0.00    1.63    0.00    0.00    0.56    0.00    0.00    0.00   97.81
03:22:53     all    0.00    0.00    1.26    0.00    0.00    0.31    0.00    0.00    0.00   98.43
03:22:54     all    0.00    0.00    1.20    0.00    0.00    0.66    0.00    0.00    0.00   98.14
03:22:55     all    0.00    0.00    1.45    0.00    0.00    0.54    0.00    0.00    0.00   98.01
03:22:56     all    0.00    0.00    2.41    0.00    0.00    1.33    0.00    0.00    0.00   96.25
03:22:57     all    0.03    0.00    2.50    0.00    0.00    1.27    0.00    0.00    0.00   96.20
03:22:58     all    0.00    0.00    2.38    0.00    0.00    1.11    0.00    0.00    0.00   96.51
03:22:59     all    0.00    0.00    2.31    0.00    0.00    1.11    0.00    0.00    0.00   96.58
03:23:00     all    0.35    0.00    2.19    0.00    0.00    0.86    0.00    0.00    0.00   96.61
03:23:01     all    0.00    0.00    3.79    0.00    0.00    1.62    0.00    0.00    0.00   94.59
03:23:02     all    0.00    0.00    4.49    0.00    0.00    2.04    0.00    0.00    0.00   93.47
03:23:03     all    0.00    0.00    3.34    0.00    0.00    1.59    0.00    0.00    0.00   95.06
03:23:04     all    0.00    0.00    2.89    0.00    0.00    1.37    0.00    0.00    0.00   95.74
03:23:05     all    0.00    0.00    3.09    0.00    0.00    1.37    0.00    0.00    0.00   95.53
03:23:06     all    0.00    0.00    3.13    0.00    0.00    1.39    0.00    0.00    0.00   95.47
03:23:07     all    0.00    0.00    3.28    0.00    0.00    1.58    0.00    0.00    0.00   95.14
03:23:08     all    0.00    0.00    2.80    0.00    0.00    1.14    0.00    0.00    0.00   96.06
03:23:09     all    0.00    0.00    3.70    0.00    0.00    1.62    0.00    0.00    0.00   94.68
03:23:10     all    0.13    0.00    4.51    0.00    0.00    2.06    0.00    0.00    0.00   93.30
03:23:11     all    0.00    0.00    3.34    0.00    0.00    1.53    0.00    0.00    0.00   95.14
03:23:12     all    0.00    0.00    2.57    0.00    0.00    1.05    0.00    0.00    0.00   96.39
03:23:13     all    0.00    0.00    2.48    0.00    0.00    1.11    0.00    0.00    0.00   96.41
03:23:14     all    0.00    0.00    2.03    0.00    0.00    0.98    0.00    0.00    0.00   96.99
03:23:15     all    0.00    0.00    1.90    0.00    0.00    1.01    0.00    0.00    0.00   97.09
03:23:16     all    0.00    0.00    1.58    0.00    0.00    0.76    0.00    0.00    0.00   97.66
03:23:17     all    0.03    0.00    2.86    0.00    0.00    1.33    0.00    0.00    0.00   95.78
03:23:18     all    0.00    0.00    2.70    0.00    0.00    1.24    0.00    0.00    0.00   96.07
03:23:19     all    0.00    0.00    3.45    0.00    0.00    1.14    0.00    0.00    0.00   95.41
03:23:20     all    0.16    0.00    2.60    0.00    0.00    0.82    0.00    0.00    0.00   96.42
03:23:21     all    0.00    0.00    2.75    0.00    0.00    1.14    0.00    0.00    0.00   96.11
03:23:22     all    0.00    0.00    3.20    0.00    0.00    1.42    0.00    0.00    0.00   95.38
03:23:23     all    0.03    0.00    2.00    0.00    0.00    0.89    0.00    0.00    0.00   97.07
03:23:24     all    0.00    0.00    2.44    0.00    0.00    1.04    0.00    0.00    0.00   96.52
03:23:25     all    0.00    0.00    3.75    0.00    0.00    1.75    0.00    0.00    0.00   94.50
03:23:26     all    0.00    0.00    3.96    0.00    0.00    1.63    0.00    0.00    0.00   94.41
03:23:27     all    0.00    0.00    6.01    0.00    0.00    2.24    0.00    0.00    0.00   91.75
03:23:28     all    0.00    0.00    5.06    0.00    0.00    2.40    0.00    0.00    0.00   92.53
03:23:29     all    0.00    0.00    3.87    0.00    0.00    2.27    0.00    0.00    0.00   93.85
03:23:30     all    0.10    0.00    4.28    0.00    0.00    2.04    0.00    0.00    0.00   93.59
03:23:31     all    0.00    0.00    4.43    0.00    0.00    1.94    0.00    0.00    0.00   93.63
03:23:32     all    0.00    0.00    4.92    0.00    0.00    1.97    0.00    0.00    0.00   93.11
03:23:33     all    0.00    0.00    5.09    0.00    0.00    2.55    0.00    0.00    0.00   92.36
03:23:34     all    0.00    0.00    4.59    0.00    0.00    2.45    0.00    0.00    0.00   92.96
03:23:35     all    0.00    0.00    4.73    0.00    0.00    2.43    0.00    0.00    0.00   92.84
03:23:36     all    0.00    0.00    4.15    0.00    0.00    2.23    0.00    0.00    0.00   93.62
03:23:37     all    0.00    0.00    3.30    0.00    0.00    1.79    0.00    0.00    0.00   94.91
03:23:38     all    0.00    0.00    3.82    0.00    0.00    2.01    0.00    0.00    0.00   94.18
03:23:39     all    0.00    0.00    4.04    0.00    0.00    1.84    0.00    0.00    0.00   94.12
03:23:40     all    0.10    0.00    5.73    0.00    0.00    2.26    0.00    0.00    0.00   91.91
03:23:41     all    0.00    0.00    5.62    0.00    0.00    2.71    0.00    0.00    0.00   91.67
03:23:42     all    0.00    0.00    4.63    0.00    0.00    2.81    0.00    0.00    0.00   92.56
03:23:43     all    0.00    0.00    4.13    0.00    0.00    2.42    0.00    0.00    0.00   93.45
03:23:44     all    0.00    0.00    4.02    0.00    0.00    2.01    0.00    0.00    0.00   93.97
03:23:45     all    0.03    0.00    4.02    0.00    0.00    1.76    0.00    0.00    0.00   94.19
03:23:46     all    0.00    0.00    4.25    0.00    0.00    2.14    0.00    0.00    0.00   93.61
03:23:47     all    0.00    0.00    4.43    0.00    0.00    2.61    0.00    0.00    0.00   92.96
03:23:48     all    0.03    0.00    4.82    0.00    0.00    2.11    0.00    0.00    0.00   93.04
03:23:49     all    0.00    0.00    4.27    0.00    0.00    2.12    0.00    0.00    0.00   93.61
03:23:50     all    0.10    0.00    3.58    0.00    0.00    1.92    0.00    0.00    0.00   94.41
03:23:51     all    0.00    0.00    3.91    0.00    0.00    1.59    0.00    0.00    0.00   94.50
03:23:52     all    0.00    0.00    3.74    0.00    0.00    1.47    0.00    0.00    0.00   94.79
03:23:53     all    0.00    0.00    5.49    0.00    0.00    2.36    0.00    0.00    0.00   92.15
03:23:54     all    0.00    0.00    5.43    0.00    0.00    2.70    0.00    0.00    0.00   91.88
03:23:55     all    0.00    0.00    5.61    0.00    0.00    2.56    0.00    0.00    0.00   91.83
03:23:56     all    0.00    0.00    4.62    0.00    0.00    2.44    0.00    0.00    0.00   92.95
03:23:57     all    0.06    0.00    4.76    0.00    0.00    2.33    0.00    0.00    0.00   92.85
03:23:58     all    0.00    0.00    4.58    0.00    0.00    2.64    0.00    0.00    0.00   92.77
03:23:59     all    0.00    0.00    4.76    0.00    0.00    2.04    0.00    0.00    0.00   93.20
03:24:00     all    0.38    0.00    4.63    0.00    0.00    2.63    0.00    0.00    0.00   92.36
03:24:01     all    0.00    0.00    5.23    0.00    0.00    2.58    0.00    0.00    0.00   92.19
03:24:02     all    0.00    0.00    5.71    0.00    0.00    2.97    0.00    0.00    0.00   91.32
03:24:03     all    0.00    0.00    5.19    0.00    0.00    2.42    0.00    0.00    0.00   92.39
03:24:04     all    0.00    0.00    4.50    0.00    0.00    2.48    0.00    0.00    0.00   93.02
03:24:05     all    0.00    0.00    4.25    0.00    0.00    2.59    0.00    0.00    0.00   93.16
03:24:06     all    0.00    0.00    4.20    0.00    0.00    1.99    0.00    0.00    0.00   93.81
03:24:07     all    0.00    0.00    4.61    0.00    0.00    1.95    0.00    0.00    0.00   93.44
03:24:08     all    0.00    0.00    6.11    0.00    0.00    2.67    0.00    0.00    0.00   91.21
03:24:09     all    0.16    0.00    5.91    0.00    0.00    2.91    0.00    0.00    0.00   91.02
03:24:10     all    0.10    0.00    4.96    0.00    0.00    2.88    0.00    0.00    0.00   92.06
03:24:11     all    0.00    0.00    4.73    0.00    0.00    2.37    0.00    0.00    0.00   92.90
03:24:12     all    0.00    0.00    4.68    0.00    0.00    2.86    0.00    0.00    0.00   92.46
03:24:13     all    0.00    0.00    4.90    0.00    0.00    2.20    0.00    0.00    0.00   92.90
03:24:14     all    0.00    0.00    4.56    0.00    0.00    2.20    0.00    0.00    0.00   93.24
03:24:15     all    0.00    0.00    5.46    0.00    0.00    2.52    0.00    0.00    0.00   92.02
03:24:16     all    0.00    0.00    5.35    0.00    0.00    2.63    0.00    0.00    0.00   92.02
03:24:17     all    0.03    0.00    5.67    0.00    0.00    2.90    0.00    0.00    0.00   91.40
03:24:18     all    0.00    0.00    4.79    0.00    0.00    2.84    0.00    0.00    0.00   92.37
03:24:19     all    0.00    0.00    4.41    0.00    0.00    2.08    0.00    0.00    0.00   93.51
03:24:20     all    0.06    0.00    4.02    0.00    0.00    2.33    0.00    0.00    0.00   93.59
03:24:21     all    0.00    0.00    3.68    0.00    0.00    2.15    0.00    0.00    0.00   94.17
03:24:22     all    0.00    0.00    4.84    0.00    0.00    2.69    0.00    0.00    0.00   92.46
03:24:23     all    0.00    0.00    4.98    0.00    0.00    2.62    0.00    0.00    0.00   92.41
03:24:24     all    0.00    0.00    4.72    0.00    0.00    2.59    0.00    0.00    0.00   92.69
03:24:25     all    0.00    0.00    5.33    0.00    0.00    2.50    0.00    0.00    0.00   92.17
03:24:26     all    0.00    0.00    5.17    0.00    0.00    2.55    0.00    0.00    0.00   92.27
03:24:27     all    0.03    0.00    4.72    0.00    0.00    2.43    0.00    0.00    0.00   92.82
03:24:28     all    0.00    0.00    4.70    0.00    0.00    2.78    0.00    0.00    0.00   92.52
03:24:29     all    0.00    0.00    5.13    0.00    0.00    2.69    0.00    0.00    0.00   92.18
03:24:30     all    0.10    0.00    5.25    0.00    0.00    2.80    0.00    0.00    0.00   91.85
03:24:31     all    0.00    0.00    4.36    0.00    0.00    2.40    0.00    0.00    0.00   93.24
03:24:32     all    0.00    0.00    4.84    0.00    0.00    2.67    0.00    0.00    0.00   92.49
03:24:33     all    0.03    0.00    5.15    0.00    0.00    2.33    0.00    0.00    0.00   92.48
03:24:34     all    0.00    0.00    4.66    0.00    0.00    2.43    0.00    0.00    0.00   92.91
03:24:35     all    0.00    0.00    5.16    0.00    0.00    2.64    0.00    0.00    0.00   92.20
03:24:36     all    0.00    0.00    5.70    0.00    0.00    2.64    0.00    0.00    0.00   91.65
03:24:37     all    0.00    0.00    4.75    0.03    0.00    2.92    0.00    0.00    0.00   92.30
03:24:38     all    0.00    0.00    4.41    0.00    0.00    2.91    0.00    0.00    0.00   92.67
03:24:39     all    0.00    0.00    5.20    0.00    0.00    2.36    0.00    0.00    0.00   92.44
03:24:40     all    0.13    0.00    4.38    0.00    0.00    2.62    0.00    0.00    0.00   92.87
03:24:41     all    0.00    0.00    4.22    0.00    0.00    2.30    0.00    0.00    0.00   93.48
03:24:42     all    0.00    0.00    4.57    0.00    0.00    1.98    0.00    0.00    0.00   93.44
03:24:43     all    0.00    0.00    5.70    0.00    0.00    2.05    0.00    0.00    0.00   92.25
03:24:44     all    0.00    0.00    4.88    0.00    0.00    2.02    0.00    0.00    0.00   93.10
03:24:45     all    0.00    0.00    4.58    0.00    0.00    2.34    0.00    0.00    0.00   93.08
03:24:46     all    0.00    0.00    4.92    0.00    0.00    2.84    0.00    0.00    0.00   92.23
03:24:47     all    0.03    0.00    4.49    0.00    0.00    2.08    0.00    0.00    0.00   93.40
03:24:48     all    0.00    0.00    4.06    0.00    0.00    2.14    0.00    0.00    0.00   93.80
03:24:49     all    0.00    0.00    4.42    0.00    0.00    1.95    0.00    0.00    0.00   93.63
03:24:50     all    0.06    0.00    5.15    0.00    0.00    2.75    0.00    0.00    0.00   92.03
03:24:51     all    0.00    0.00    5.73    0.00    0.00    2.13    0.00    0.00    0.00   92.14
03:24:52     all    0.00    0.00    5.14    0.00    0.00    3.03    0.00    0.00    0.00   91.83
03:24:53     all    0.00    0.00    5.89    0.00    0.00    2.50    0.00    0.00    0.00   91.61
03:24:54     all    0.00    0.00    4.90    0.00    0.00    2.63    0.00    0.00    0.00   92.48
03:24:55     all    0.00    0.00    4.53    0.00    0.00    2.39    0.00    0.00    0.00   93.07
03:24:56     all    0.00    0.00    4.03    0.00    0.00    1.95    0.00    0.00    0.00   94.02
03:24:57     all    0.03    0.00    4.98    0.00    0.00    1.95    0.00    0.00    0.00   93.04
03:24:58     all    0.00    0.00    5.48    0.00    0.00    2.20    0.00    0.00    0.00   92.32
03:24:59     all    0.00    0.00    4.08    0.00    0.00    1.93    0.00    0.00    0.00   93.99
03:25:00     all    0.35    0.00    4.82    0.00    0.00    2.28    0.00    0.00    0.00   92.54
03:25:01     all    0.00    0.00    4.33    0.00    0.00    2.31    0.00    0.00    0.00   93.37
03:25:02     all    0.00    0.00    3.90    0.00    0.00    2.21    0.00    0.00    0.00   93.89
03:25:03     all    0.00    0.00    4.00    0.00    0.00    1.92    0.00    0.00    0.00   94.09
03:25:04     all    0.03    0.00    4.44    0.00    0.00    1.56    0.00    0.00    0.00   93.97
03:25:05     all    0.00    0.00    5.32    0.00    0.00    2.45    0.00    0.00    0.00   92.23
03:25:06     all    0.00    0.00    4.89    0.00    0.00    2.57    0.00    0.00    0.00   92.54
03:25:07     all    0.00    0.00    4.70    0.00    0.00    1.98    0.00    0.00    0.00   93.32
03:25:08     all    0.00    0.00    3.49    0.00    0.00    1.90    0.00    0.00    0.00   94.60
03:25:09     all    0.00    0.00    2.66    0.00    0.00    1.20    0.00    0.00    0.00   96.14
03:25:10     all    0.06    0.00    2.24    0.00    0.00    1.30    0.00    0.00    0.00   96.40
03:25:11     all    0.00    0.00    1.99    0.00    0.00    0.92    0.00    0.00    0.00   97.09
03:25:12     all    0.00    0.00    2.03    0.00    0.00    0.79    0.00    0.00    0.00   97.18
03:25:13     all    0.00    0.00    2.34    0.00    0.00    0.98    0.00    0.00    0.00   96.69
03:25:14     all    0.00    0.00    2.21    0.00    0.00    0.95    0.00    0.00    0.00   96.84
03:25:15     all    0.00    0.00    2.94    0.00    0.00    1.23    0.00    0.00    0.00   95.82
03:25:16     all    0.00    0.00    3.31    0.00    0.00    1.81    0.00    0.00    0.00   94.88
03:25:17     all    0.03    0.00    2.48    0.00    0.00    1.53    0.00    0.00    0.00   95.96
03:25:18     all    0.00    0.00    2.25    0.00    0.00    1.39    0.00    0.00    0.00   96.36
03:25:19     all    0.00    0.00    2.27    0.00    0.00    1.20    0.00    0.00    0.00   96.53
03:25:20     all    0.06    0.00    2.03    0.00    0.00    1.30    0.00    0.00    0.00   96.61
03:25:21     all    0.00    0.00    3.23    0.00    0.00    1.74    0.00    0.00    0.00   95.03
03:25:22     all    0.00    0.00    3.27    0.00    0.00    1.68    0.00    0.00    0.00   95.05
03:25:23     all    0.00    0.00    2.60    0.00    0.00    1.43    0.00    0.00    0.00   95.97
03:25:24     all    0.00    0.00    2.12    0.00    0.00    1.01    0.00    0.00    0.00   96.87
03:25:25     all    0.00    0.00    1.87    0.00    0.00    0.98    0.00    0.00    0.00   97.15
03:25:26     all    0.00    0.00    2.15    0.00    0.00    0.85    0.00    0.00    0.00   97.00
03:25:27     all    0.03    0.00    2.12    0.00    0.00    1.01    0.00    0.00    0.00   96.84
03:25:28     all    0.00    0.00    2.21    0.00    0.00    0.73    0.00    0.00    0.00   97.06
03:25:29     all    0.00    0.00    2.84    0.00    0.00    1.07    0.00    0.00    0.00   96.08
03:25:30     all    0.29    0.00    3.55    0.00    0.00    1.65    0.00    0.00    0.00   94.51
03:25:31     all    0.00    0.00    2.63    0.00    0.00    1.46    0.00    0.00    0.00   95.92
03:25:32     all    0.00    0.00    2.12    0.00    0.00    1.27    0.00    0.00    0.00   96.61
03:25:33     all    0.03    0.00    2.18    0.00    0.00    1.23    0.00    0.00    0.00   96.56
03:25:34     all    0.00    0.00    2.06    0.00    0.00    1.08    0.00    0.00    0.00   96.86
03:25:35     all    0.00    0.00    2.54    0.00    0.00    1.02    0.00    0.00    0.00   96.44
03:25:36     all    0.00    0.00    2.15    0.00    0.00    1.46    0.00    0.00    0.00   96.39
03:25:37     all    0.03    0.00    2.03    0.00    0.00    1.01    0.00    0.00    0.00   96.93
03:25:38     all    0.00    0.00    2.05    0.00    0.00    1.23    0.00    0.00    0.00   96.72
03:25:39     all    0.00    0.00    1.61    0.00    0.00    1.20    0.00    0.00    0.00   97.19
03:25:40     all    0.06    0.00    2.49    0.00    0.00    1.23    0.00    0.00    0.00   96.23
03:25:41     all    0.00    0.00    2.06    0.00    0.00    0.92    0.00    0.00    0.00   97.03
03:25:42     all    0.00    0.00    2.65    0.00    0.00    1.01    0.00    0.00    0.00   96.34
03:25:43     all    0.00    0.00    3.47    0.00    0.00    1.50    0.00    0.00    0.00   95.03
03:25:44     all    0.00    0.00    2.89    0.00    0.00    1.49    0.00    0.00    0.00   95.61
03:25:45     all    0.00    0.00    2.03    0.00    0.00    1.52    0.00    0.00    0.00   96.45
03:25:46     all    0.00    0.00    1.75    0.00    0.00    0.95    0.00    0.00    0.00   97.29
03:25:47     all    0.03    0.00    1.90    0.00    0.00    0.92    0.00    0.00    0.00   97.15
03:25:48     all    0.00    0.00    2.25    0.00    0.00    1.08    0.00    0.00    0.00   96.67
03:25:49     all    0.00    0.00    3.18    0.00    0.00    1.56    0.00    0.00    0.00   95.27
03:25:50     all    0.10    0.00    3.27    0.00    0.00    1.62    0.00    0.00    0.00   95.02
03:25:51     all    0.00    0.00    2.33    0.00    0.00    1.45    0.00    0.00    0.00   96.21
03:25:52     all    0.00    0.00    1.96    0.00    0.00    1.17    0.00    0.00    0.00   96.87
03:25:53     all    0.00    0.00    1.55    0.00    0.00    1.17    0.00    0.00    0.00   97.28
03:25:54     all    0.00    0.00    2.02    0.00    0.00    0.70    0.00    0.00    0.00   97.28
03:25:55     all    0.00    0.00    2.27    0.00    0.00    1.01    0.00    0.00    0.00   96.72
03:25:56     all    0.00    0.00    2.31    0.00    0.00    0.88    0.00    0.00    0.00   96.81
03:25:57     all    0.03    0.00    2.95    0.00    0.00    1.30    0.00    0.00    0.00   95.72
03:25:58     all    0.00    0.00    2.99    0.00    0.00    1.46    0.00    0.00    0.00   95.55
03:25:59     all    0.00    0.00    2.23    0.00    0.00    1.34    0.00    0.00    0.00   96.44
03:26:00     all    0.35    0.00    2.44    0.00    0.00    1.30    0.00    0.00    0.00   95.92
03:26:01     all    0.00    0.00    1.68    0.00    0.00    1.04    0.00    0.00    0.00   97.28
03:26:02     all    0.00    0.00    0.38    0.00    0.00    0.09    0.00    0.00    0.00   99.53
03:26:03     all    0.03    0.00    0.22    0.00    0.00    0.03    0.00    0.00    0.00   99.72
03:26:04     all    0.00    0.00    0.16    0.00    0.00    0.00    0.00    0.00    0.00   99.84
03:26:05     all    0.00    0.00    0.13    0.00    0.00    0.00    0.00    0.00    0.00   99.87
03:26:06     all    0.03    0.00    0.19    0.00    0.00    0.00    0.00    0.00    0.00   99.78
03:26:07     all    0.03    0.00    0.19    0.00    0.00    0.03    0.00    0.00    0.00   99.75
03:26:08     all    0.00    0.00    0.19    0.00    0.00    0.00    0.00    0.00    0.00   99.81
03:26:09     all    0.00    0.00    0.19    0.00    0.00    0.06    0.00    0.00    0.00   99.75
03:26:10     all    0.13    0.00    0.28    0.00    0.00    0.09    0.00    0.00    0.00   99.50
03:26:11     all    0.00    0.00    0.28    0.00    0.00    0.09    0.00    0.00    0.00   99.62
03:26:12     all    0.00    0.00    0.16    0.00    0.00    0.06    0.00    0.00    0.00   99.78
03:26:13     all    0.00    0.00    0.03    0.00    0.00    0.00    0.00    0.00    0.00   99.97
03:26:14     all    0.00    0.00    0.00    0.00    0.00    0.00    0.00    0.00    0.00  100.00
03:26:15     all    0.00    0.00    0.03    0.00    0.00    0.00    0.00    0.00    0.00   99.97
03:26:16     all    0.00    0.00    0.03    0.00    0.00    0.00    0.00    0.00    0.00   99.97
03:26:17     all    0.06    0.00    0.00    0.00    0.00    0.00    0.00    0.00    0.00   99.94
03:26:18     all    0.00    0.00    0.03    0.00    0.00    0.00    0.00    0.00    0.00   99.97
03:26:19     all    0.00    0.00    0.03    0.00    0.00    0.00    0.00    0.00    0.00   99.97
03:26:20     all    0.06    0.00    0.06    0.00    0.00    0.00    0.00    0.00    0.00   99.87

Average:     all    0.02    0.00    2.34    0.11    0.00    1.02    0.00    0.00    0.00   96.50
