Linux 4.20.0+ (eternitystorage) 	01/14/24 	_x86_64_	(32 CPU)

03:31:35     CPU    %usr   %nice    %sys %iowait    %irq   %soft  %steal  %guest  %gnice   %idle
03:31:36     all    0.00    0.00    0.00    0.00    0.00    0.00    0.00    0.00    0.00  100.00
03:31:37     all    0.00    0.00    0.03    0.00    0.00    0.00    0.00    0.00    0.00   99.97
03:31:38     all    0.00    0.00    0.03    0.00    0.00    0.00    0.00    0.00    0.00   99.97
03:31:39     all    0.00    0.00    0.03    0.00    0.00    0.00    0.00    0.00    0.00   99.97
03:31:40     all    0.13    0.00    0.03    0.00    0.00    0.00    0.00    0.00    0.00   99.84
03:31:41     all    0.00    0.00    0.03    0.00    0.00    0.00    0.00    0.00    0.00   99.97
03:31:42     all    0.00    0.00    0.00    0.00    0.00    0.00    0.00    0.00    0.00  100.00
03:31:43     all    0.00    0.00    0.03    0.00    0.00    0.00    0.00    0.00    0.00   99.97
03:31:44     all    0.00    0.00    0.00    0.00    0.00    0.00    0.00    0.00    0.00  100.00
03:31:45     all    0.00    0.00    0.00    0.00    0.00    0.00    0.00    0.00    0.00  100.00
03:31:46     all    0.00    0.00    0.00    0.00    0.00    0.00    0.00    0.00    0.00  100.00
03:31:47     all    0.00    0.00    0.00    0.00    0.00    0.00    0.00    0.00    0.00  100.00
03:31:48     all    0.03    0.00    0.00    0.00    0.00    0.00    0.00    0.00    0.00   99.97
03:31:49     all    0.00    0.00    0.00    0.00    0.00    0.00    0.00    0.00    0.00  100.00
03:31:50     all    0.09    0.00    0.09    0.00    0.00    0.00    0.00    0.00    0.00   99.81
03:31:51     all    0.00    0.00    0.81    0.00    0.00    0.06    0.00    0.00    0.00   99.12
03:31:52     all    0.00    0.00    0.00    0.00    0.00    0.00    0.00    0.00    0.00  100.00
03:31:53     all    0.00    0.00    0.00    0.00    0.00    0.00    0.00    0.00    0.00  100.00
03:31:54     all    0.00    0.00    0.00    0.00    0.00    0.00    0.00    0.00    0.00  100.00
03:31:55     all    0.00    0.00    0.00    0.00    0.00    0.00    0.00    0.00    0.00  100.00
03:31:56     all    0.00    0.00    0.00    0.00    0.00    0.00    0.00    0.00    0.00  100.00
03:31:57     all    0.00    0.00    0.00    0.00    0.00    0.00    0.00    0.00    0.00  100.00
03:31:58     all    0.03    0.00    0.03    0.00    0.00    0.00    0.00    0.00    0.00   99.94
03:31:59     all    0.00    0.00    0.00    0.00    0.00    0.00    0.00    0.00    0.00  100.00
03:32:00     all    0.22    0.00    0.06    0.00    0.00    0.00    0.00    0.00    0.00   99.72
03:32:01     all    0.44    0.00    0.03    0.00    0.00    0.00    0.00    0.00    0.00   99.53
03:32:02     all    0.00    0.00    0.00    0.00    0.00    0.00    0.00    0.00    0.00  100.00
03:32:03     all    0.00    0.00    0.00    0.00    0.00    0.00    0.00    0.00    0.00  100.00
03:32:04     all    0.00    0.00    0.00    0.00    0.00    0.00    0.00    0.00    0.00  100.00
03:32:05     all    0.00    0.00    0.25    0.00    0.00    0.06    0.00    0.00    0.00   99.69
03:32:06     all    0.00    0.00    1.13    0.00    0.00    0.38    0.00    0.00    0.00   98.49
03:32:07     all    0.00    0.00    0.47    0.00    0.00    0.03    0.00    0.00    0.00   99.50
03:32:08     all    0.03    0.00    0.53    0.00    0.00    0.06    0.00    0.00    0.00   99.37
03:32:09     all    0.00    0.00    0.59    0.00    0.00    0.03    0.00    0.00    0.00   99.37
03:32:10     all    0.06    0.00    0.50    0.00    0.00    0.06    0.00    0.00    0.00   99.37
03:32:11     all    0.00    0.00    0.47    0.00    0.00    0.06    0.00    0.00    0.00   99.47
03:32:12     all    0.00    0.00    0.53    0.00    0.00    0.12    0.00    0.00    0.00   99.34
03:32:13     all    0.00    0.00    1.42    0.00    0.00    0.57    0.00    0.00    0.00   98.01
03:32:14     all    0.00    0.00    2.91    0.00    0.00    0.44    0.00    0.00    0.00   96.65
03:32:15     all    0.00    0.00    3.02    0.00    0.00    0.60    0.00    0.00    0.00   96.38
03:32:16     all    0.00    0.00    2.65    0.00    0.00    0.47    0.00    0.00    0.00   96.88
03:32:17     all    0.00    0.00    2.62    0.00    0.00    0.47    0.00    0.00    0.00   96.91
03:32:18     all    0.03    0.00    3.07    0.00    0.00    0.47    0.00    0.00    0.00   96.43
03:32:19     all    0.00    0.00    2.75    0.00    0.00    0.41    0.00    0.00    0.00   96.84
03:32:20     all    0.13    0.00    2.59    0.00    0.00    0.35    0.00    0.00    0.00   96.93
03:32:21     all    0.00    0.00    2.90    0.00    0.00    0.47    0.00    0.00    0.00   96.63
03:32:22     all    0.00    0.00    2.97    0.00    0.00    0.38    0.00    0.00    0.00   96.66
03:32:23     all    0.00    0.00    3.11    0.00    0.00    0.44    0.00    0.00    0.00   96.45
03:32:24     all    0.00    0.00    3.15    0.00    0.00    0.57    0.00    0.00    0.00   96.29
03:32:25     all    0.00    0.00    2.90    0.00    0.00    0.44    0.00    0.00    0.00   96.66
03:32:26     all    0.00    0.00    3.30    0.00    0.00    0.53    0.00    0.00    0.00   96.17
03:32:27     all    0.00    0.00    3.30    0.00    0.00    0.53    0.00    0.00    0.00   96.16
03:32:28     all    0.00    0.00    3.44    0.00    0.00    0.38    0.00    0.00    0.00   96.19
03:32:29     all    0.00    0.00    3.47    0.00    0.00    0.44    0.00    0.00    0.00   96.09
03:32:30     all    0.06    0.00    3.31    0.00    0.00    0.66    0.00    0.00    0.00   95.97
03:32:31     all    0.00    0.00    2.80    0.00    0.00    0.38    0.00    0.00    0.00   96.82
03:32:32     all    0.00    0.00    2.74    0.00    0.00    0.38    0.00    0.00    0.00   96.88
03:32:33     all    0.00    0.00    2.43    0.00    0.00    0.41    0.00    0.00    0.00   97.16
03:32:34     all    0.00    0.00    2.49    0.00    0.00    0.47    0.00    0.00    0.00   97.04
03:32:35     all    0.00    0.00    2.80    0.00    0.00    0.53    0.00    0.00    0.00   96.67
03:32:36     all    0.00    0.00    2.53    0.00    0.00    0.41    0.00    0.00    0.00   97.06
03:32:37     all    0.00    0.00    2.82    0.00    0.00    0.44    0.00    0.00    0.00   96.74
03:32:38     all    0.06    0.00    2.27    0.00    0.00    0.53    0.00    0.00    0.00   97.14
03:32:39     all    0.00    0.00    2.52    0.00    0.00    0.53    0.00    0.00    0.00   96.95
03:32:40     all    0.06    0.00    2.52    0.00    0.00    0.44    0.00    0.00    0.00   96.97
03:32:41     all    0.00    0.00    2.56    0.00    0.00    0.32    0.00    0.00    0.00   97.13
03:32:42     all    0.03    0.00    2.95    0.00    0.00    0.38    0.00    0.00    0.00   96.64
03:32:43     all    0.00    0.00    2.80    0.00    0.00    0.35    0.00    0.00    0.00   96.86
03:32:44     all    0.00    0.00    2.71    0.00    0.00    0.38    0.00    0.00    0.00   96.91
03:32:45     all    0.00    0.00    2.82    0.00    0.00    0.47    0.00    0.00    0.00   96.71
03:32:46     all    0.00    0.00    2.67    0.00    0.00    0.47    0.00    0.00    0.00   96.86
03:32:47     all    0.00    0.00    2.67    0.00    0.00    0.44    0.00    0.00    0.00   96.89
03:32:48     all    0.03    0.00    2.95    0.00    0.00    0.53    0.00    0.00    0.00   96.48
03:32:49     all    0.00    0.00    2.52    0.00    0.00    0.41    0.00    0.00    0.00   97.07
03:32:50     all    0.09    0.00    2.76    0.00    0.00    0.38    0.00    0.00    0.00   96.77
03:32:51     all    0.00    0.00    2.67    0.00    0.00    0.35    0.00    0.00    0.00   96.98
03:32:52     all    0.00    0.00    2.61    0.00    0.00    0.44    0.00    0.00    0.00   96.95
03:32:53     all    0.00    0.00    2.79    0.00    0.00    0.44    0.00    0.00    0.00   96.77
03:32:54     all    0.00    0.00    2.48    0.00    0.00    0.44    0.00    0.00    0.00   97.08
03:32:55     all    0.00    0.00    2.09    0.00    0.00    0.44    0.00    0.00    0.00   97.47
03:32:56     all    0.00    0.00    2.89    0.00    0.00    0.35    0.00    0.00    0.00   96.76
03:32:57     all    0.00    0.00    2.55    0.00    0.00    0.47    0.00    0.00    0.00   96.98
03:32:58     all    0.00    0.00    3.06    0.00    0.00    0.41    0.00    0.00    0.00   96.53
03:32:59     all    0.00    0.00    2.46    0.00    0.00    0.31    0.00    0.00    0.00   97.23
03:33:00     all    0.19    0.00    2.76    0.00    0.00    0.63    0.00    0.00    0.00   96.42
03:33:01     all    0.16    0.00    2.79    0.00    0.00    0.41    0.00    0.00    0.00   96.65
03:33:02     all    0.00    0.00    2.23    0.00    0.00    0.28    0.00    0.00    0.00   97.48
03:33:03     all    0.00    0.00    2.61    0.00    0.00    0.47    0.00    0.00    0.00   96.92
03:33:04     all    0.00    0.00    2.57    0.00    0.00    0.35    0.00    0.00    0.00   97.08
03:33:05     all    0.00    0.00    2.33    0.00    0.00    0.44    0.00    0.00    0.00   97.23
03:33:06     all    0.00    0.00    2.88    0.00    0.00    0.50    0.00    0.00    0.00   96.61
03:33:07     all    0.00    0.00    2.76    0.00    0.00    0.53    0.00    0.00    0.00   96.71
03:33:08     all    0.03    0.00    3.13    0.00    0.00    0.47    0.00    0.00    0.00   96.37
03:33:09     all    0.00    0.00    2.61    0.00    0.00    0.53    0.00    0.00    0.00   96.86
03:33:10     all    0.09    0.00    2.67    0.00    0.00    0.50    0.00    0.00    0.00   96.73
03:33:11     all    0.00    0.00    1.73    0.00    0.00    0.35    0.00    0.00    0.00   97.93
03:33:12     all    0.00    0.00    0.31    0.00    0.00    0.00    0.00    0.00    0.00   99.69
03:33:13     all    0.00    0.00    0.44    0.00    0.00    0.03    0.00    0.00    0.00   99.53
03:33:14     all    0.00    0.00    0.31    0.00    0.00    0.06    0.00    0.00    0.00   99.62
03:33:15     all    0.00    0.00    0.38    0.00    0.00    0.09    0.00    0.00    0.00   99.53
03:33:16     all    0.00    0.00    0.38    0.00    0.00    0.06    0.00    0.00    0.00   99.56
03:33:17     all    0.00    0.00    0.34    0.00    0.00    0.03    0.00    0.00    0.00   99.62
03:33:18     all    0.00    0.00    0.31    0.00    0.00    0.03    0.00    0.00    0.00   99.66
03:33:19     all    0.00    0.00    0.31    0.00    0.00    0.06    0.00    0.00    0.00   99.62
03:33:20     all    0.09    0.00    0.34    0.00    0.00    0.06    0.00    0.00    0.00   99.50
03:33:21     all    0.00    0.00    0.31    0.00    0.00    0.06    0.00    0.00    0.00   99.62
03:33:22     all    0.00    0.00    0.34    0.00    0.00    0.06    0.00    0.00    0.00   99.59
03:33:23     all    0.00    0.00    0.34    0.00    0.00    0.03    0.00    0.00    0.00   99.62
03:33:24     all    0.00    0.00    0.31    0.00    0.00    0.03    0.00    0.00    0.00   99.66
03:33:25     all    0.00    0.00    0.34    0.00    0.00    0.06    0.00    0.00    0.00   99.59
03:33:26     all    0.00    0.00    0.47    0.00    0.00    0.06    0.00    0.00    0.00   99.47
03:33:27     all    0.00    0.00    0.41    0.00    0.00    0.06    0.00    0.00    0.00   99.53
03:33:28     all    0.03    0.00    0.53    0.00    0.00    0.03    0.00    0.00    0.00   99.41
03:33:29     all    0.00    0.00    0.38    0.00    0.00    0.09    0.00    0.00    0.00   99.53
03:33:30     all    0.13    0.00    0.44    0.00    0.00    0.03    0.00    0.00    0.00   99.41
03:33:31     all    0.00    0.00    0.31    0.00    0.00    0.06    0.00    0.00    0.00   99.62
03:33:32     all    0.00    0.00    0.28    0.00    0.00    0.06    0.00    0.00    0.00   99.66
03:33:33     all    0.00    0.00    0.38    0.00    0.00    0.09    0.00    0.00    0.00   99.53
03:33:34     all    0.00    0.00    0.50    0.00    0.00    0.03    0.00    0.00    0.00   99.47
03:33:35     all    0.00    0.00    0.41    0.00    0.00    0.03    0.00    0.00    0.00   99.56
03:33:36     all    0.00    0.00    0.41    0.00    0.00    0.06    0.00    0.00    0.00   99.53
03:33:37     all    0.00    0.00    0.31    0.00    0.00    0.06    0.00    0.00    0.00   99.62
03:33:38     all    0.03    0.00    0.41    0.00    0.00    0.03    0.00    0.00    0.00   99.53
03:33:39     all    0.00    0.00    0.50    0.00    0.00    0.06    0.00    0.00    0.00   99.44
03:33:40     all    0.09    0.00    0.38    0.00    0.00    0.09    0.00    0.00    0.00   99.44
03:33:41     all    0.00    0.00    0.34    0.00    0.00    0.09    0.00    0.00    0.00   99.56
03:33:42     all    0.00    0.00    0.44    0.00    0.00    0.03    0.00    0.00    0.00   99.53
03:33:43     all    0.00    0.00    0.41    0.00    0.00    0.13    0.00    0.00    0.00   99.47
03:33:44     all    0.00    0.00    0.47    0.00    0.00    0.06    0.00    0.00    0.00   99.47
03:33:45     all    0.00    0.00    0.34    0.00    0.00    0.06    0.00    0.00    0.00   99.59
03:33:46     all    0.00    0.00    0.47    0.00    0.00    0.06    0.00    0.00    0.00   99.47
03:33:47     all    0.00    0.00    0.41    0.00    0.00    0.03    0.00    0.00    0.00   99.56
03:33:48     all    0.03    0.00    0.41    0.00    0.00    0.06    0.00    0.00    0.00   99.50
03:33:49     all    0.00    0.00    0.34    0.00    0.00    0.03    0.00    0.00    0.00   99.62
03:33:50     all    0.09    0.00    0.50    0.00    0.00    0.03    0.00    0.00    0.00   99.37
03:33:51     all    0.00    0.00    0.38    0.00    0.00    0.00    0.00    0.00    0.00   99.62
03:33:52     all    0.00    0.00    0.38    0.00    0.00    0.09    0.00    0.00    0.00   99.53
03:33:53     all    0.00    0.00    0.31    0.00    0.00    0.09    0.00    0.00    0.00   99.59
03:33:54     all    0.00    0.00    0.31    0.19    0.00    0.03    0.00    0.00    0.00   99.47
03:33:55     all    0.00    0.00    0.31    0.00    0.00    0.03    0.00    0.00    0.00   99.66
03:33:56     all    0.00    0.00    0.47    0.00    0.00    0.06    0.00    0.00    0.00   99.47
03:33:57     all    0.00    0.00    0.34    0.00    0.00    0.06    0.00    0.00    0.00   99.59
03:33:58     all    0.00    0.00    0.50    0.00    0.00    0.06    0.00    0.00    0.00   99.44
03:33:59     all    0.00    0.00    0.38    0.00    0.00    0.03    0.00    0.00    0.00   99.59
03:34:00     all    0.19    0.00    0.47    0.00    0.00    0.06    0.00    0.00    0.00   99.28
03:34:01     all    0.19    0.00    0.38    0.00    0.00    0.13    0.00    0.00    0.00   99.31
03:34:02     all    0.00    0.00    0.28    0.00    0.00    0.03    0.00    0.00    0.00   99.69
03:34:03     all    0.00    0.00    0.44    0.00    0.00    0.12    0.00    0.00    0.00   99.44
03:34:04     all    0.00    0.00    0.34    0.00    0.00    0.09    0.00    0.00    0.00   99.56
03:34:05     all    0.00    0.00    0.50    0.00    0.00    0.03    0.00    0.00    0.00   99.47
03:34:06     all    0.00    0.00    0.41    0.00    0.00    0.06    0.00    0.00    0.00   99.53
03:34:07     all    0.00    0.00    0.34    0.00    0.00    0.09    0.00    0.00    0.00   99.56
03:34:08     all    0.06    0.00    0.44    0.00    0.00    0.06    0.00    0.00    0.00   99.44
03:34:09     all    0.00    0.00    0.41    0.00    0.00    0.06    0.00    0.00    0.00   99.53
03:34:10     all    0.13    0.00    0.47    0.00    0.00    0.00    0.00    0.00    0.00   99.41
03:34:11     all    0.28    0.00    0.44    0.00    0.00    0.00    0.00    0.00    0.00   99.28
03:34:12     all    0.00    0.00    0.41    0.00    0.00    0.06    0.00    0.00    0.00   99.53
03:34:13     all    0.00    0.00    0.95    0.00    0.00    0.44    0.00    0.00    0.00   98.61
03:34:14     all    0.00    0.00    4.66    0.00    0.00    2.96    0.00    0.00    0.00   92.38
03:34:15     all    0.00    0.00    4.18    0.00    0.00    2.57    0.00    0.00    0.00   93.25
03:34:16     all    0.00    0.00    4.28    0.00    0.00    2.49    0.00    0.00    0.00   93.23
03:34:17     all    0.00    0.00    4.26    0.00    0.00    2.38    0.00    0.00    0.00   93.35
03:34:18     all    0.03    0.00    3.19    0.00    0.00    1.91    0.00    0.00    0.00   94.87
03:34:19     all    0.00    0.00    3.81    0.00    0.00    2.08    0.00    0.00    0.00   94.11
03:34:20     all    0.06    0.00    3.29    0.00    0.00    1.85    0.00    0.00    0.00   94.79
03:34:21     all    0.00    0.00    4.64    0.00    0.00    2.93    0.00    0.00    0.00   92.43
03:34:22     all    0.00    0.00    5.27    0.00    0.00    2.94    0.00    0.00    0.00   91.78
03:34:23     all    0.00    0.00    5.43    0.00    0.00    2.95    0.00    0.00    0.00   91.62
03:34:24     all    0.00    0.00    4.44    0.00    0.00    2.83    0.00    0.00    0.00   92.73
03:34:25     all    0.03    0.00    5.08    0.00    0.00    2.30    0.00    0.00    0.00   92.59
03:34:26     all    0.00    0.00    5.48    0.00    0.00    2.61    0.00    0.00    0.00   91.91
03:34:27     all    0.00    0.00    5.37    0.00    0.00    2.68    0.00    0.00    0.00   91.95
03:34:28     all    0.00    0.00    4.82    0.00    0.00    2.73    0.00    0.00    0.00   92.46
03:34:29     all    0.00    0.00    4.62    0.00    0.00    2.71    0.00    0.00    0.00   92.67
03:34:30     all    0.16    0.00    4.78    0.00    0.00    2.39    0.00    0.00    0.00   92.66
03:34:31     all    0.00    0.00    5.17    0.00    0.00    2.65    0.00    0.00    0.00   92.19
03:34:32     all    0.00    0.00    4.97    0.00    0.00    2.25    0.00    0.00    0.00   92.78
03:34:33     all    0.00    0.00    5.45    0.00    0.00    1.98    0.00    0.00    0.00   92.57
03:34:34     all    0.00    0.00    5.06    0.00    0.00    2.26    0.00    0.00    0.00   92.68
03:34:35     all    0.00    0.00    4.26    0.00    0.00    2.64    0.00    0.00    0.00   93.10
03:34:36     all    0.03    0.00    5.22    0.00    0.00    2.29    0.00    0.00    0.00   92.45
03:34:37     all    0.00    0.00    4.37    0.00    0.00    2.46    0.00    0.00    0.00   93.17
03:34:38     all    0.03    0.00    4.55    0.00    0.00    1.89    0.00    0.00    0.00   93.53
03:34:39     all    0.00    0.00    3.44    0.00    0.00    1.65    0.00    0.00    0.00   94.91
03:34:40     all    0.09    0.00    2.91    0.00    0.00    0.82    0.00    0.00    0.00   96.18
03:34:41     all    0.00    0.00    3.54    0.00    0.00    1.08    0.00    0.00    0.00   95.38
03:34:42     all    0.00    0.00    2.60    0.00    0.00    1.27    0.00    0.00    0.00   96.14
03:34:43     all    0.00    0.00    2.02    0.00    0.00    0.76    0.00    0.00    0.00   97.22
03:34:44     all    0.00    0.00    2.71    0.00    0.00    0.76    0.00    0.00    0.00   96.53
03:34:45     all    0.00    0.00    2.94    0.00    0.00    0.66    0.00    0.00    0.00   96.39
03:34:46     all    0.00    0.00    2.82    0.00    0.00    0.82    0.00    0.00    0.00   96.35
03:34:47     all    0.00    0.00    2.54    0.00    0.00    1.05    0.00    0.00    0.00   96.41
03:34:48     all    0.00    0.00    1.71    0.00    0.00    0.92    0.00    0.00    0.00   97.37
03:34:49     all    0.00    0.00    1.99    0.00    0.00    0.79    0.00    0.00    0.00   97.22
03:34:50     all    0.09    0.00    2.81    0.00    0.00    0.66    0.00    0.00    0.00   96.44
03:34:51     all    0.00    0.00    2.47    0.00    0.00    0.79    0.00    0.00    0.00   96.74
03:34:52     all    0.00    0.00    2.69    0.00    0.00    1.01    0.00    0.00    0.00   96.29
03:34:53     all    0.00    0.00    1.61    0.00    0.00    0.95    0.00    0.00    0.00   97.44
03:34:54     all    0.00    0.00    2.25    0.00    0.00    0.98    0.00    0.00    0.00   96.77
03:34:55     all    0.00    0.00    2.95    0.00    0.00    1.11    0.00    0.00    0.00   95.94
03:34:56     all    0.00    0.00    1.79    0.00    0.00    0.38    0.00    0.00    0.00   97.84
03:34:57     all    0.00    0.00    0.84    0.00    0.00    0.06    0.00    0.00    0.00   99.09
03:34:58     all    0.03    0.00    0.84    0.00    0.00    0.22    0.00    0.00    0.00   98.91
03:34:59     all    0.00    0.00    0.47    0.00    0.00    0.16    0.00    0.00    0.00   99.37
03:35:00     all    0.22    0.00    0.62    0.00    0.00    0.22    0.00    0.00    0.00   98.94
03:35:01     all    0.16    0.00    0.63    0.00    0.00    0.16    0.00    0.00    0.00   99.06
03:35:02     all    0.00    0.00    0.88    0.00    0.00    0.13    0.00    0.00    0.00   99.00
03:35:03     all    0.00    0.00    0.63    0.00    0.00    0.06    0.00    0.00    0.00   99.31
03:35:04     all    0.00    0.00    0.78    0.00    0.00    0.09    0.00    0.00    0.00   99.12
03:35:05     all    0.00    0.00    0.78    0.00    0.00    0.09    0.00    0.00    0.00   99.12
03:35:06     all    0.00    0.00    0.44    0.00    0.00    0.16    0.00    0.00    0.00   99.41
03:35:07     all    0.00    0.00    0.25    0.00    0.00    0.03    0.00    0.00    0.00   99.72
03:35:08     all    0.03    0.00    0.38    0.00    0.00    0.06    0.00    0.00    0.00   99.53
03:35:09     all    0.00    0.00    0.38    0.00    0.00    0.03    0.00    0.00    0.00   99.59
03:35:10     all    0.06    0.00    0.41    0.00    0.00    0.03    0.00    0.00    0.00   99.50
03:35:11     all    0.00    0.00    0.31    0.00    0.00    0.06    0.00    0.00    0.00   99.62
03:35:12     all    0.00    0.00    0.38    0.00    0.00    0.09    0.00    0.00    0.00   99.53
03:35:13     all    0.00    0.00    0.34    0.00    0.00    0.09    0.00    0.00    0.00   99.56
03:35:14     all    0.00    0.00    0.38    0.00    0.00    0.03    0.00    0.00    0.00   99.59
03:35:15     all    0.00    0.00    0.31    0.00    0.00    0.03    0.00    0.00    0.00   99.66
03:35:16     all    0.00    0.00    0.44    0.00    0.00    0.06    0.00    0.00    0.00   99.50
03:35:17     all    0.00    0.00    0.34    0.00    0.00    0.09    0.00    0.00    0.00   99.56
03:35:18     all    0.03    0.00    0.31    0.00    0.00    0.03    0.00    0.00    0.00   99.62
03:35:19     all    0.00    0.00    0.25    0.00    0.00    0.03    0.00    0.00    0.00   99.72
03:35:20     all    0.09    0.00    0.34    0.00    0.00    0.06    0.00    0.00    0.00   99.50
03:35:21     all    0.00    0.00    0.28    0.00    0.00    0.09    0.00    0.00    0.00   99.62
03:35:22     all    0.00    0.00    0.38    0.00    0.00    0.13    0.00    0.00    0.00   99.50
03:35:23     all    0.00    0.00    0.28    0.00    0.00    0.06    0.00    0.00    0.00   99.66
03:35:24     all    0.00    0.00    0.34    0.00    0.00    0.13    0.00    0.00    0.00   99.53
03:35:25     all    0.00    0.00    0.34    0.00    0.00    0.06    0.00    0.00    0.00   99.59
03:35:26     all    0.00    0.00    0.38    0.00    0.00    0.03    0.00    0.00    0.00   99.59
03:35:27     all    0.00    0.00    0.41    0.00    0.00    0.16    0.00    0.00    0.00   99.44
03:35:28     all    0.03    0.00    0.47    0.00    0.00    0.06    0.00    0.00    0.00   99.44
03:35:29     all    0.00    0.00    0.38    0.00    0.00    0.09    0.00    0.00    0.00   99.53
03:35:30     all    0.09    0.00    0.34    0.00    0.00    0.13    0.00    0.00    0.00   99.44
03:35:31     all    0.00    0.00    0.38    0.00    0.00    0.09    0.00    0.00    0.00   99.53
03:35:32     all    0.00    0.00    0.44    0.00    0.00    0.06    0.00    0.00    0.00   99.50
03:35:33     all    0.00    0.00    0.41    0.00    0.00    0.06    0.00    0.00    0.00   99.53
03:35:34     all    0.00    0.00    0.25    0.00    0.00    0.03    0.00    0.00    0.00   99.72
03:35:35     all    0.00    0.00    0.34    0.00    0.00    0.13    0.00    0.00    0.00   99.53
03:35:36     all    0.00    0.00    0.31    0.00    0.00    0.03    0.00    0.00    0.00   99.66
03:35:37     all    0.00    0.00    0.44    0.00    0.00    0.09    0.00    0.00    0.00   99.47
03:35:38     all    0.00    0.00    0.31    0.00    0.00    0.03    0.00    0.00    0.00   99.66
03:35:39     all    0.00    0.00    0.34    0.00    0.00    0.06    0.00    0.00    0.00   99.59
03:35:40     all    0.06    0.00    0.44    0.00    0.00    0.06    0.00    0.00    0.00   99.44
03:35:41     all    0.00    0.00    0.25    0.00    0.00    0.06    0.00    0.00    0.00   99.69
03:35:42     all    0.00    0.00    0.41    0.00    0.00    0.06    0.00    0.00    0.00   99.53
03:35:43     all    0.00    0.00    0.28    0.00    0.00    0.06    0.00    0.00    0.00   99.66
03:35:44     all    0.00    0.00    0.31    0.00    0.00    0.09    0.00    0.00    0.00   99.59
03:35:45     all    0.03    0.00    0.28    0.00    0.00    0.09    0.00    0.00    0.00   99.59
03:35:46     all    0.00    0.00    0.41    0.00    0.00    0.06    0.00    0.00    0.00   99.53
03:35:47     all    0.00    0.00    0.38    0.00    0.00    0.06    0.00    0.00    0.00   99.56
03:35:48     all    0.03    0.00    0.44    0.00    0.00    0.12    0.00    0.00    0.00   99.41
03:35:49     all    0.00    0.00    0.38    0.00    0.00    0.06    0.00    0.00    0.00   99.56
03:35:50     all    0.06    0.00    0.41    0.00    0.00    0.09    0.00    0.00    0.00   99.44
03:35:51     all    0.00    0.00    0.34    0.00    0.00    0.06    0.00    0.00    0.00   99.59
03:35:52     all    0.00    0.00    0.41    0.00    0.00    0.09    0.00    0.00    0.00   99.50
03:35:53     all    0.00    0.00    0.34    0.00    0.00    0.16    0.00    0.00    0.00   99.50
03:35:54     all    0.03    0.00    0.31    0.00    0.00    0.06    0.00    0.00    0.00   99.59
03:35:55     all    0.00    0.00    0.41    0.00    0.00    0.06    0.00    0.00    0.00   99.53
03:35:56     all    0.00    0.00    0.31    0.00    0.00    0.13    0.00    0.00    0.00   99.56
03:35:57     all    0.00    0.00    0.31    0.00    0.00    0.09    0.00    0.00    0.00   99.59
03:35:58     all    0.03    0.00    0.34    0.00    0.00    0.06    0.00    0.00    0.00   99.56
03:35:59     all    0.03    0.00    0.31    0.00    0.00    0.06    0.00    0.00    0.00   99.59
03:36:00     all    0.22    0.00    0.31    0.00    0.00    0.06    0.00    0.00    0.00   99.41
03:36:01     all    0.13    0.00    0.44    0.00    0.00    0.06    0.00    0.00    0.00   99.37
03:36:02     all    0.00    0.00    0.44    0.00    0.00    0.09    0.00    0.00    0.00   99.47
03:36:03     all    0.00    0.00    0.41    0.00    0.00    0.09    0.00    0.00    0.00   99.50
03:36:04     all    0.00    0.00    0.38    0.00    0.00    0.03    0.00    0.00    0.00   99.59
03:36:05     all    0.00    0.00    0.41    0.00    0.00    0.13    0.00    0.00    0.00   99.47
03:36:06     all    0.00    0.00    0.47    0.00    0.00    0.06    0.00    0.00    0.00   99.47
03:36:07     all    0.00    0.00    0.22    0.00    0.00    0.03    0.00    0.00    0.00   99.75
03:36:08     all    0.03    0.00    0.41    0.00    0.00    0.06    0.00    0.00    0.00   99.50
03:36:09     all    0.00    0.00    0.38    0.00    0.00    0.06    0.00    0.00    0.00   99.56
03:36:10     all    0.09    0.00    0.38    0.00    0.00    0.06    0.00    0.00    0.00   99.47
03:36:11     all    0.00    0.00    0.38    0.00    0.00    0.13    0.00    0.00    0.00   99.50
03:36:12     all    0.00    0.00    0.31    0.00    0.00    0.06    0.00    0.00    0.00   99.62
03:36:13     all    0.00    0.00    0.41    0.00    0.00    0.03    0.00    0.00    0.00   99.56
03:36:14     all    0.00    0.00    0.28    0.00    0.00    0.06    0.00    0.00    0.00   99.66
03:36:15     all    0.00    0.00    0.31    0.00    0.00    0.09    0.00    0.00    0.00   99.59
03:36:16     all    0.00    0.00    0.28    0.00    0.00    0.06    0.00    0.00    0.00   99.66
03:36:17     all    0.13    0.00    0.53    0.00    0.00    0.06    0.00    0.00    0.00   99.28
03:36:18     all    0.03    0.00    0.53    0.00    0.00    0.03    0.00    0.00    0.00   99.41
03:36:19     all    0.00    0.00    0.28    0.00    0.00    0.03    0.00    0.00    0.00   99.69
03:36:20     all    0.09    0.00    0.38    0.00    0.00    0.06    0.00    0.00    0.00   99.47
03:36:21     all    0.00    0.00    0.31    0.00    0.00    0.03    0.00    0.00    0.00   99.66
03:36:22     all    0.00    0.00    0.38    0.00    0.00    0.09    0.00    0.00    0.00   99.53
03:36:23     all    0.00    0.00    0.38    0.00    0.00    0.09    0.00    0.00    0.00   99.53
03:36:24     all    0.00    0.00    0.47    0.00    0.00    0.06    0.00    0.00    0.00   99.47
03:36:25     all    0.00    0.00    0.34    0.00    0.00    0.06    0.00    0.00    0.00   99.59
03:36:26     all    0.00    0.00    0.34    0.00    0.00    0.06    0.00    0.00    0.00   99.59
03:36:27     all    0.00    0.00    0.38    0.00    0.00    0.03    0.00    0.00    0.00   99.59
03:36:28     all    0.03    0.00    0.38    0.00    0.00    0.09    0.00    0.00    0.00   99.50
03:36:29     all    0.00    0.00    0.38    0.00    0.00    0.06    0.00    0.00    0.00   99.56
03:36:30     all    0.22    0.00    0.50    0.00    0.00    0.16    0.00    0.00    0.00   99.13
03:36:31     all    0.00    0.00    0.28    0.00    0.00    0.03    0.00    0.00    0.00   99.69
03:36:32     all    0.00    0.00    0.34    0.00    0.00    0.09    0.00    0.00    0.00   99.56
03:36:33     all    0.00    0.00    0.41    0.00    0.00    0.06    0.00    0.00    0.00   99.53
03:36:34     all    0.00    0.00    0.38    0.00    0.00    0.13    0.00    0.00    0.00   99.50
03:36:35     all    0.00    0.00    0.31    0.00    0.00    0.06    0.00    0.00    0.00   99.62
03:36:36     all    0.00    0.00    0.47    0.00    0.00    0.06    0.00    0.00    0.00   99.47
03:36:37     all    0.00    0.00    0.31    0.00    0.00    0.06    0.00    0.00    0.00   99.62
03:36:38     all    0.03    0.00    0.38    0.00    0.00    0.06    0.00    0.00    0.00   99.53
03:36:39     all    0.00    0.00    0.38    0.00    0.00    0.06    0.00    0.00    0.00   99.56
03:36:40     all    0.09    0.00    0.38    0.00    0.00    0.06    0.00    0.00    0.00   99.47
03:36:41     all    0.00    0.00    0.38    0.00    0.00    0.06    0.00    0.00    0.00   99.56
03:36:42     all    0.00    0.00    0.34    0.00    0.00    0.03    0.00    0.00    0.00   99.62
03:36:43     all    0.00    0.00    0.41    0.00    0.00    0.13    0.00    0.00    0.00   99.47
03:36:44     all    0.00    0.00    0.38    0.00    0.00    0.09    0.00    0.00    0.00   99.53
03:36:45     all    0.00    0.00    0.22    0.00    0.00    0.03    0.00    0.00    0.00   99.75
03:36:46     all    0.00    0.00    0.34    0.00    0.00    0.06    0.00    0.00    0.00   99.59
03:36:47     all    0.00    0.00    0.31    0.00    0.00    0.03    0.00    0.00    0.00   99.66
03:36:48     all    0.00    0.00    0.38    0.00    0.00    0.09    0.00    0.00    0.00   99.53
03:36:49     all    0.00    0.00    0.31    0.00    0.00    0.06    0.00    0.00    0.00   99.62
03:36:50     all    0.09    0.00    0.53    0.00    0.00    0.03    0.00    0.00    0.00   99.34
03:36:51     all    0.00    0.00    0.28    0.00    0.00    0.06    0.00    0.00    0.00   99.66
03:36:52     all    0.00    0.00    0.34    0.00    0.00    0.09    0.00    0.00    0.00   99.56
03:36:53     all    0.03    0.00    0.38    0.00    0.00    0.06    0.00    0.00    0.00   99.53
03:36:54     all    0.00    0.00    0.41    0.00    0.00    0.03    0.00    0.00    0.00   99.56
03:36:55     all    0.00    0.00    0.44    0.00    0.00    0.06    0.00    0.00    0.00   99.50
03:36:56     all    0.00    0.00    0.41    0.00    0.00    0.06    0.00    0.00    0.00   99.53
03:36:57     all    0.00    0.00    0.34    0.00    0.00    0.00    0.00    0.00    0.00   99.66
03:36:58     all    0.00    0.00    0.44    0.00    0.00    0.06    0.00    0.00    0.00   99.50
03:36:59     all    0.00    0.00    0.41    0.00    0.00    0.12    0.00    0.00    0.00   99.47
03:37:00     all    0.25    0.00    0.37    0.00    0.00    0.28    0.00    0.00    0.00   99.09
03:37:01     all    0.09    0.00    1.01    0.00    0.00    0.60    0.00    0.00    0.00   98.30
03:37:02     all    0.00    0.00    2.61    0.00    0.00    1.24    0.00    0.00    0.00   96.14
03:37:03     all    0.00    0.00    2.38    0.00    0.00    1.17    0.00    0.00    0.00   96.45
03:37:04     all    0.00    0.00    2.63    0.00    0.00    1.30    0.00    0.00    0.00   96.07
03:37:05     all    0.00    0.00    2.06    0.00    0.00    0.86    0.00    0.00    0.00   97.08
03:37:06     all    0.00    0.00    2.03    0.00    0.00    0.95    0.00    0.00    0.00   97.02
03:37:07     all    0.00    0.00    2.10    0.00    0.00    1.15    0.00    0.00    0.00   96.76
03:37:08     all    0.03    0.00    2.27    0.00    0.00    1.11    0.00    0.00    0.00   96.59
03:37:09     all    0.00    0.00    1.99    0.00    0.00    0.95    0.00    0.00    0.00   97.07
03:37:10     all    0.09    0.00    2.24    0.00    0.00    0.88    0.00    0.00    0.00   96.78
03:37:11     all    0.00    0.00    2.19    0.00    0.00    1.17    0.00    0.00    0.00   96.63
03:37:12     all    0.00    0.00    1.99    0.00    0.00    1.14    0.00    0.00    0.00   96.87
03:37:13     all    0.00    0.00    1.71    0.00    0.00    0.89    0.00    0.00    0.00   97.41
03:37:14     all    0.00    0.00    1.96    0.00    0.00    0.82    0.00    0.00    0.00   97.22
03:37:15     all    0.00    0.00    1.96    0.00    0.00    1.01    0.00    0.00    0.00   97.03
03:37:16     all    0.00    0.00    2.47    0.00    0.00    1.11    0.00    0.00    0.00   96.43
03:37:17     all    0.03    0.00    2.22    0.00    0.00    0.82    0.00    0.00    0.00   96.93
03:37:18     all    0.03    0.00    3.14    0.00    0.00    1.46    0.00    0.00    0.00   95.37
03:37:19     all    0.00    0.00    3.40    0.00    0.00    1.99    0.00    0.00    0.00   94.62
03:37:20     all    0.10    0.00    3.10    0.00    0.00    1.76    0.00    0.00    0.00   95.04
03:37:21     all    0.00    0.00    3.57    0.00    0.00    1.53    0.00    0.00    0.00   94.91
03:37:22     all    0.00    0.00    3.64    0.00    0.00    1.37    0.00    0.00    0.00   94.99
03:37:23     all    0.00    0.00    3.90    0.00    0.00    1.87    0.00    0.00    0.00   94.22
03:37:24     all    0.00    0.00    4.00    0.00    0.00    1.60    0.00    0.00    0.00   94.39
03:37:25     all    0.00    0.00    4.72    0.00    0.00    1.98    0.00    0.00    0.00   93.30
03:37:26     all    0.00    0.00    3.83    0.00    0.00    1.95    0.00    0.00    0.00   94.22
03:37:27     all    0.00    0.00    3.89    0.00    0.00    2.17    0.00    0.00    0.00   93.94
03:37:28     all    0.00    0.00    3.42    0.00    0.00    1.79    0.00    0.00    0.00   94.79
03:37:29     all    0.03    0.00    3.02    0.00    0.00    1.75    0.00    0.00    0.00   95.20
03:37:30     all    0.06    0.00    3.92    0.00    0.00    1.28    0.00    0.00    0.00   94.74
03:37:31     all    0.00    0.00    3.53    0.00    0.00    1.72    0.00    0.00    0.00   94.75
03:37:32     all    0.00    0.00    3.41    0.00    0.00    1.94    0.00    0.00    0.00   94.65
03:37:33     all    0.00    0.00    3.57    0.00    0.00    1.56    0.00    0.00    0.00   94.86
03:37:34     all    0.00    0.00    3.38    0.00    0.00    2.01    0.00    0.00    0.00   94.62
03:37:35     all    0.00    0.00    3.72    0.00    0.00    1.56    0.00    0.00    0.00   94.72
03:37:36     all    0.00    0.00    2.80    0.00    0.00    1.53    0.00    0.00    0.00   95.67
03:37:37     all    0.00    0.00    3.46    0.00    0.00    1.62    0.00    0.00    0.00   94.93
03:37:38     all    0.03    0.00    3.25    0.00    0.00    1.65    0.00    0.00    0.00   95.07
03:37:39     all    0.00    0.00    3.41    0.00    0.00    1.43    0.00    0.00    0.00   95.16
03:37:40     all    0.06    0.00    3.96    0.00    0.00    1.69    0.00    0.00    0.00   94.28
03:37:41     all    0.00    0.00    3.94    0.00    0.00    1.70    0.00    0.00    0.00   94.37
03:37:42     all    0.00    0.00    3.35    0.00    0.00    1.47    0.00    0.00    0.00   95.18
03:37:43     all    0.00    0.00    3.21    0.00    0.00    1.46    0.00    0.00    0.00   95.33
03:37:44     all    0.00    0.00    3.69    0.00    0.00    1.43    0.00    0.00    0.00   94.88
03:37:45     all    0.00    0.00    3.22    0.00    0.00    1.66    0.00    0.00    0.00   95.13
03:37:46     all    0.00    0.00    2.65    0.00    0.00    1.53    0.00    0.00    0.00   95.82
03:37:47     all    0.00    0.00    2.71    0.00    0.00    1.24    0.00    0.00    0.00   96.05
03:37:48     all    0.00    0.00    2.46    0.00    0.00    1.05    0.00    0.00    0.00   96.49
03:37:49     all    0.00    0.00    3.12    0.00    0.00    1.31    0.00    0.00    0.00   95.57
03:37:50     all    0.06    0.00    3.05    0.00    0.00    1.21    0.00    0.00    0.00   95.68
03:37:51     all    0.00    0.00    3.42    0.00    0.00    1.56    0.00    0.00    0.00   95.02
03:37:52     all    0.00    0.00    3.40    0.00    0.00    1.84    0.00    0.00    0.00   94.76
03:37:53     all    0.00    0.00    3.02    0.00    0.00    1.46    0.00    0.00    0.00   95.52
03:37:54     all    0.03    0.00    2.96    0.00    0.00    1.53    0.00    0.00    0.00   95.48
03:37:55     all    0.00    0.00    3.89    0.00    0.00    1.77    0.00    0.00    0.00   94.33
03:37:56     all    0.00    0.00    2.92    0.00    0.00    1.46    0.00    0.00    0.00   95.62
03:37:57     all    0.00    0.00    2.48    0.00    0.00    1.40    0.00    0.00    0.00   96.11
03:37:58     all    0.00    0.00    2.79    0.00    0.00    1.24    0.00    0.00    0.00   95.97
03:37:59     all    0.00    0.00    2.96    0.00    0.00    1.62    0.00    0.00    0.00   95.42
03:38:00     all    0.26    0.00    2.75    0.00    0.00    1.41    0.00    0.00    0.00   95.58
03:38:01     all    0.13    0.00    3.07    0.00    0.00    1.18    0.00    0.00    0.00   95.62
03:38:02     all    0.00    0.00    3.29    0.00    0.00    1.79    0.00    0.00    0.00   94.92
03:38:03     all    0.03    0.00    2.89    0.00    0.00    1.62    0.00    0.00    0.00   95.46
03:38:04     all    0.00    0.00    2.67    0.00    0.00    1.40    0.00    0.00    0.00   95.93
03:38:05     all    0.00    0.00    2.99    0.00    0.00    1.27    0.00    0.00    0.00   95.74
03:38:06     all    0.00    0.00    3.27    0.00    0.00    1.71    0.00    0.00    0.00   95.02
03:38:07     all    0.00    0.00    2.64    0.00    0.00    1.43    0.00    0.00    0.00   95.92
03:38:08     all    0.00    0.00    2.47    0.00    0.00    1.36    0.00    0.00    0.00   96.17
03:38:09     all    0.00    0.00    2.55    0.00    0.00    1.15    0.00    0.00    0.00   96.30
03:38:10     all    0.10    0.00    2.83    0.00    0.00    1.69    0.00    0.00    0.00   95.39
03:38:11     all    0.00    0.00    3.81    0.00    0.00    1.78    0.00    0.00    0.00   94.42
03:38:12     all    0.00    0.00    3.50    0.00    0.00    1.56    0.00    0.00    0.00   94.94
03:38:13     all    0.00    0.00    3.30    0.00    0.00    1.71    0.00    0.00    0.00   94.99
03:38:14     all    0.00    0.00    2.74    0.00    0.00    1.18    0.00    0.00    0.00   96.08
03:38:15     all    0.00    0.00    3.45    0.00    0.00    1.08    0.00    0.00    0.00   95.47
03:38:16     all    0.00    0.00    3.43    0.00    0.00    1.40    0.00    0.00    0.00   95.18
03:38:17     all    0.03    0.00    2.56    0.00    0.00    1.36    0.00    0.00    0.00   96.05
03:38:18     all    0.03    0.00    2.31    0.00    0.00    0.95    0.00    0.00    0.00   96.71
03:38:19     all    0.00    0.00    1.99    0.00    0.00    0.60    0.00    0.00    0.00   97.41
03:38:20     all    0.09    0.00    1.99    0.00    0.00    0.73    0.00    0.00    0.00   97.19
03:38:21     all    0.32    0.00    1.29    0.00    0.00    0.47    0.00    0.00    0.00   97.92
03:38:22     all    0.00    0.00    2.05    0.00    0.00    0.57    0.00    0.00    0.00   97.38
03:38:23     all    0.00    0.00    2.11    0.00    0.00    0.57    0.00    0.00    0.00   97.32
03:38:24     all    0.00    0.00    1.42    0.00    0.00    0.70    0.00    0.00    0.00   97.88
03:38:25     all    0.00    0.00    1.58    0.00    0.00    0.63    0.00    0.00    0.00   97.79
03:38:26     all    0.00    0.00    2.20    0.00    0.00    0.98    0.00    0.00    0.00   96.82
03:38:27     all    0.00    0.00    2.12    0.00    0.00    0.85    0.00    0.00    0.00   97.03
03:38:28     all    0.00    0.00    1.49    0.00    0.00    0.63    0.00    0.00    0.00   97.88
03:38:29     all    0.00    0.00    1.42    0.00    0.00    0.44    0.00    0.00    0.00   98.14
03:38:30     all    0.13    0.00    1.70    0.00    0.00    0.44    0.00    0.00    0.00   97.73
03:38:31     all    0.00    0.00    1.64    0.00    0.00    0.69    0.00    0.00    0.00   97.66
03:38:32     all    0.00    0.00    1.26    0.00    0.00    0.57    0.00    0.00    0.00   98.17
03:38:33     all    0.00    0.00    1.17    0.00    0.00    0.63    0.00    0.00    0.00   98.20
03:38:34     all    0.00    0.00    1.61    0.00    0.00    0.95    0.00    0.00    0.00   97.44
03:38:35     all    0.00    0.00    1.33    0.00    0.00    0.47    0.00    0.00    0.00   98.20
03:38:36     all    0.00    0.00    1.13    0.00    0.00    0.50    0.00    0.00    0.00   98.36
03:38:37     all    0.00    0.00    1.48    0.00    0.00    0.35    0.00    0.00    0.00   98.17
03:38:38     all    0.00    0.00    1.73    0.00    0.00    0.57    0.00    0.00    0.00   97.70
03:38:39     all    0.00    0.00    1.14    0.00    0.00    0.57    0.00    0.00    0.00   98.30
03:38:40     all    0.06    0.00    1.39    0.00    0.00    0.57    0.00    0.00    0.00   97.98
03:38:41     all    0.00    0.00    1.77    0.00    0.00    0.82    0.00    0.00    0.00   97.41
03:38:42     all    0.00    0.00    1.74    0.00    0.00    0.82    0.00    0.00    0.00   97.44
03:38:43     all    0.00    0.00    1.36    0.00    0.00    0.63    0.00    0.00    0.00   98.01
03:38:44     all    0.00    0.00    1.67    0.00    0.00    0.38    0.00    0.00    0.00   97.95
03:38:45     all    0.00    0.00    1.61    0.00    0.00    0.41    0.00    0.00    0.00   97.98
03:38:46     all    0.00    0.00    1.20    0.00    0.00    0.76    0.00    0.00    0.00   98.04
03:38:47     all    0.00    0.00    1.07    0.00    0.00    0.51    0.00    0.00    0.00   98.42
03:38:48     all    0.03    0.00    1.39    0.00    0.00    0.57    0.00    0.00    0.00   98.01
03:38:49     all    0.00    0.00    1.67    0.00    0.00    0.85    0.00    0.00    0.00   97.48
03:38:50     all    0.09    0.00    1.30    0.00    0.00    0.69    0.00    0.00    0.00   97.92
03:38:51     all    0.00    0.00    1.33    0.00    0.00    0.41    0.00    0.00    0.00   98.26
03:38:52     all    0.00    0.00    1.57    0.00    0.00    0.54    0.00    0.00    0.00   97.89
03:38:53     all    0.00    0.00    1.39    0.00    0.00    0.73    0.00    0.00    0.00   97.89
03:38:54     all    0.00    0.00    1.20    0.00    0.00    0.41    0.00    0.00    0.00   98.39
03:38:55     all    0.00    0.00    1.10    0.00    0.00    0.47    0.00    0.00    0.00   98.42
03:38:56     all    0.00    0.00    1.32    0.00    0.00    0.41    0.00    0.00    0.00   98.27
03:38:57     all    0.00    0.00    0.31    0.00    0.00    0.03    0.00    0.00    0.00   99.66
03:38:58     all    0.00    0.00    0.22    0.00    0.00    0.00    0.00    0.00    0.00   99.78
03:38:59     all    0.00    0.00    0.19    0.00    0.00    0.03    0.00    0.00    0.00   99.78
03:39:00     all    0.25    0.00    0.25    0.00    0.00    0.00    0.00    0.00    0.00   99.50
03:39:01     all    0.09    0.00    0.25    0.00    0.00    0.06    0.00    0.00    0.00   99.59
03:39:02     all    0.00    0.00    0.34    0.00    0.00    0.06    0.00    0.00    0.00   99.59
03:39:03     all    0.00    0.00    0.19    0.00    0.00    0.00    0.00    0.00    0.00   99.81
03:39:04     all    0.00    0.00    0.22    0.00    0.00    0.03    0.00    0.00    0.00   99.75
03:39:05     all    0.00    0.00    0.34    0.00    0.00    0.03    0.00    0.00    0.00   99.62
03:39:06     all    0.00    0.00    0.00    0.00    0.00    0.00    0.00    0.00    0.00  100.00
03:39:07     all    0.00    0.00    0.03    0.00    0.00    0.00    0.00    0.00    0.00   99.97
03:39:08     all    0.03    0.00    0.03    0.00    0.00    0.00    0.00    0.00    0.00   99.94
03:39:09     all    0.00    0.00    0.03    0.00    0.00    0.00    0.00    0.00    0.00   99.97
03:39:10     all    0.06    0.00    0.06    0.00    0.00    0.00    0.00    0.00    0.00   99.87
03:39:11     all    0.00    0.00    0.00    0.00    0.00    0.00    0.00    0.00    0.00  100.00

Average:     all    0.02    0.00    1.52    0.00    0.00    0.55    0.00    0.00    0.00   97.91
